0.551250,0.017782
0.280000,0.033923
0.043750,0.034774
0.638750,0.099485
0.498750,0.148663
-0.017500,0.126177
0.848750,0.230458
0.472500,0.266970
0.682500,0.331601
0.350000,0.334524
0.367500,0.339840
0.770000,0.409897
0.043750,0.349843
0.490000,0.372944
0.332500,0.366255
0.332500,0.360659
0.192500,0.332737
0.306250,0.328334
-1.820000,-0.029079
0.271250,0.020913
0.691250,0.132539
0.157500,0.136697
0.367500,0.175148
0.078750,0.159086
0.183750,0.163196
-0.411250,0.067469
-0.087500,0.041643
0.525000,0.122197
0.621250,0.205369
0.000000,0.171142
0.350000,0.200951
0.516250,0.253500
0.525000,0.298749
0.105000,0.266458
0.253750,0.264340
-0.323750,0.166325
0.735000,0.261104
0.455000,0.293420
0.516250,0.330558
0.472500,0.354215
0.446250,0.369554
0.603750,0.408587
0.551250,0.432364
0.157500,0.386553
0.367500,0.383378
0.717500,0.439065
0.595000,0.465054
0.341250,0.444420
0.481250,0.450558
0.603750,0.476090
-0.105000,0.379242
0.700000,0.432702
0.673750,0.472876
0.288750,0.442189
-0.201250,0.334949
0.280000,0.325791
0.385000,0.335659
0.901250,0.429924
0.192500,0.390353
0.192500,0.357378
0.665000,0.408648
0.367500,0.401790
0.367500,0.396075
0.446250,0.404438
0.105000,0.354531
0.586250,0.393151
0.787500,0.458876
0.183750,0.413022
0.236250,0.383560
0.682500,0.433383
0.367500,0.422403
0.717500,0.471585
0.297500,0.442571
0.402500,0.435893
0.630000,0.468244
0.551250,0.482078
0.262500,0.445482
0.140000,0.394568
0.481250,0.409015
0.262500,0.384596
-0.105000,0.302997
0.446250,0.326872
0.437500,0.345310
-0.035000,0.281925
0.673750,0.347229
0.525000,0.376858
0.245000,0.354881
0.306250,0.346776
0.271250,0.334189
0.323750,0.332449
0.061250,0.287249
0.402500,0.306457
0.367500,0.316631
0.796250,0.396568
0.332500,0.385890
0.043750,0.328866
0.883750,0.421347
-0.026250,0.346748
0.577500,0.385206
0.280000,0.367672
0.262500,0.350143
0.498750,0.374911
0.262500,0.356176
0.647500,0.404730
0.778750,0.467067
0.385000,0.453389
0.148750,0.402616
0.490000,0.417180
0.175000,0.376816
0.332500,0.369430
0.341250,0.364734
-2.152500,-0.054805
0.402500,0.021412
-0.087500,0.003260
0.280000,0.049384
0.682500,0.154903
0.612500,0.231169
0.358750,0.252433
0.035000,0.216194
0.218750,0.216620
-0.122500,0.160100
0.498750,0.216542
0.463750,0.257743
0.288750,0.262911
0.481250,0.299301
0.218750,0.285876
0.315000,0.290730
0.035000,0.248108
0.892500,0.355507
0.647500,0.404172
0.341250,0.393685
0.070000,0.339738
0.306250,0.334156
0.253750,0.320755
0.525000,0.354796
0.175000,0.324830
0.253750,0.312983
0.070000,0.272486
0.402500,0.294155
0.341250,0.302004
0.280000,0.298337
0.175000,0.277781
0.323750,0.285442
0.402500,0.304952
0.446250,0.328502
0.586250,0.371460
0.402500,0.376633
0.297500,0.363444
0.551250,0.394745
0.420000,0.398954
-0.507500,0.247879
0.341250,0.263440
0.752500,0.344950
0.498750,0.370584
0.280000,0.355486
0.271250,0.341447
0.533750,0.373497
0.498750,0.394373
0.367500,0.389894
0.201250,0.358453
0.498750,0.381836
0.472500,0.396947
0.708750,0.448914
0.297500,0.423678
0.140000,0.376399
0.131250,0.335541
0.411250,0.348159
0.402500,0.357216
0.595000,0.396846
0.385000,0.394872
0.787500,0.460310
-0.262500,0.339842
0.437500,0.356118
0.017500,0.299682
0.586250,0.347443
0.420000,0.359536
0.463750,0.376905
0.857500,0.457004
0.096250,0.396878
0.542500,0.421149
0.201250,0.384499
0.393750,0.386041
0.192500,0.353784
0.236250,0.334195
0.297500,0.328079
0.175000,0.302566
0.533750,0.341097
0.000000,0.284247
0.341250,0.293748
0.026250,0.249165
0.052500,0.216387
-0.175000,0.151156
0.017500,0.128880
0.428750,0.178858
0.192500,0.181132
0.551250,0.242818
0.586250,0.300057
0.078750,0.263172
0.376250,0.282019
-0.017500,0.232099
-0.087500,0.178832
0.568750,0.243819
0.148750,0.227974
0.262500,0.233728
1.067500,0.372690
-0.087500,0.295992
0.577500,0.342910
0.525000,0.373258
0.647500,0.418965
0.586250,0.446846
0.402500,0.439455
0.726250,0.487254
0.420000,0.476045
0.061250,0.406913
0.000000,0.339094
0.490000,0.364245
0.428750,0.374996
0.971250,0.474371
0.630000,0.500310
0.463750,0.494216
0.927500,0.566430
0.455000,0.547859
0.498750,0.539674
0.385000,0.513895
0.735000,0.550746
-0.008750,0.457496
0.358750,0.441039
0.140000,0.390866
0.245000,0.366555
0.691250,0.420671
0.288750,0.398684
0.350000,0.390570
0.393750,0.391100
0.122500,0.346333
0.280000,0.335278
0.647500,0.387315
0.542500,0.413179
0.306250,0.395357
0.866250,0.473840
0.446250,0.469241
0.341250,0.447909
0.315000,0.425758
0.315000,0.407298
0.420000,0.409415
0.665000,0.452013
0.612500,0.478761
0.481250,0.479175
0.822500,0.536396
0.358750,0.506789
0.175000,0.451490
0.586250,0.473950
0.542500,0.485375
-0.105000,0.386979
0.717500,0.442066
0.350000,0.426722
0.140000,0.378935
0.323750,0.369737
0.105000,0.325614
0.035000,0.277179
0.472500,0.309732
0.227500,0.296027
0.665000,0.357522
0.568750,0.392727
0.691250,0.442481
0.350000,0.427067
0.376250,0.418598
0.726250,0.469873
0.402500,0.458644
0.175000,0.411370
0.446250,0.417184
0.035000,0.353486
0.350000,0.352905
0.542500,0.384504
0.140000,0.343754
1.015000,0.455628
0.236250,0.419065
0.210000,0.384221
0.280000,0.366851
0.455000,0.381542
0.446250,0.392327
0.708750,0.445064
0.210000,0.405887
-0.148750,0.313447
0.148750,0.285998
0.201250,0.271873
0.525000,0.314061
0.376250,0.324426
-0.122500,0.249938
0.253750,0.250573
0.140000,0.232145
0.630000,0.298454
0.008750,0.250170
0.455000,0.284308
0.463750,0.314215
0.700000,0.378513
0.341250,0.372302
0.332500,0.365668
0.210000,0.339724
0.612500,0.385186
0.980000,0.484322
0.402500,0.470685
0.385000,0.456404
0.280000,0.427003
0.175000,0.385003
0.183750,0.351461
0.743750,0.416842
0.122500,0.367785
0.218750,0.342946
0.665000,0.396622
0.402500,0.397601
-0.008750,0.329876
0.306250,0.325938
0.140000,0.294949
0.971250,0.407666
0.927500,0.494305
0.183750,0.442546
0.157500,0.395038
0.805000,0.463365
0.402500,0.453221
0.603750,0.478309
0.323750,0.452549
1.268750,0.588583
-0.035000,0.484652
0.402500,0.470960
0.428750,0.463925
0.385000,0.450771
0.140000,0.398976
-0.008750,0.331021
0.122500,0.296268
0.498750,0.330015
0.087500,0.289596
0.735000,0.363830
0.140000,0.326525
0.411250,0.340646
0.735000,0.406371
-0.017500,0.335726
0.551250,0.371647
0.586250,0.407414
0.402500,0.406595
0.376250,0.401538
0.043750,0.341906
0.288750,0.333047
0.472500,0.356289
-0.122500,0.276491
0.420000,0.300409
0.175000,0.279508
0.122500,0.253340
-0.008750,0.209658
0.437500,0.247632
0.192500,0.238443
0.770000,0.327036
0.122500,0.292947
0.367500,0.305372
0.437500,0.327393
0.743750,0.396786
0.437500,0.403572
0.201250,0.369852
0.323750,0.362168
0.043750,0.309098
0.490000,0.339249
0.332500,0.338124
0.481250,0.361978
0.113750,0.320607
0.525000,0.354672
0.822500,0.432644
0.323750,0.414495
0.665000,0.456246
0.236250,0.419580
0.411250,0.418191
0.691250,0.463701
0.008750,0.387876
0.787500,0.454480
0.385000,0.442900
0.568750,0.463875
1.058750,0.563021
-0.008750,0.467726
0.175000,0.418938
0.918750,0.502240
-0.052500,0.409783
0.542500,0.431903
-0.131250,0.338044
0.070000,0.293370
0.481250,0.324683
0.420000,0.340569
0.638750,0.390266
0.883750,0.472514
-0.078750,0.380636
0.367500,0.378447
0.568750,0.410164
0.560000,0.435137
0.647500,0.470531
0.525000,0.479609
0.411250,0.468216
0.420000,0.460180
0.472500,0.462233
0.297500,0.434778
0.813750,0.497940
0.043750,0.422241
0.192500,0.383951
0.183750,0.350584
0.183750,0.322779
0.595000,0.368149
0.717500,0.426374
0.516250,0.441353
0.245000,0.408628
0.472500,0.419273
0.752500,0.474811
-0.402500,0.328592
0.253750,0.316119
0.560000,0.356766
0.446250,0.371680
0.201250,0.343275
0.113750,0.305021
0.218750,0.290642
0.525000,0.329702
0.376250,0.337460
0.157500,0.307467
0.315000,0.308722
0.857500,0.400185
0.350000,0.391821
0.035000,0.332351
0.560000,0.370292
0.656250,0.417952
0.157500,0.374543
0.481250,0.392328
0.490000,0.408606
-0.140000,0.317172
0.376250,0.327018
0.227500,0.310432
0.271250,0.303902
0.516250,0.339293
0.595000,0.381911
0.595000,0.417426
0.490000,0.429521
0.551250,0.449810
0.551250,0.466716
0.498750,0.472055
0.043750,0.400671
0.656250,0.443268
0.708750,0.487515
0.612500,0.508346
0.341250,0.480496
0.831250,0.538955
0.385000,0.513296
0.113750,0.446705
0.131250,0.394129
0.612500,0.430524
0.017500,0.361687
0.376250,0.364114
0.446250,0.377803
-0.621250,0.211295
0.253750,0.218370
0.411250,0.250517
0.078750,0.221889
0.210000,0.219908
0.656250,0.292631
0.411250,0.312401
0.183750,0.290959
0.691250,0.357674
0.428750,0.369520
0.411250,0.376475
0.411250,0.382271
0.638750,0.425018
0.175000,0.383348
0.280000,0.366123
-0.122500,0.284686
0.770000,0.365572
0.428750,0.376101
0.262500,0.357168
0.166250,0.325348
0.463750,0.348415
0.463750,0.367638
0.323750,0.360323
0.498750,0.383394
0.367500,0.380745
0.245000,0.358121
0.350000,0.356767
0.638750,0.403765
0.148750,0.361262
0.691250,0.416260
0.621250,0.450425
0.288750,0.423479
0.253750,0.395191
0.306250,0.380368
0.315000,0.369473
0.437500,0.380811
0.612500,0.419426
-0.227500,0.311605
0.787500,0.390921
0.542500,0.416184
0.700000,0.463487
0.358750,0.446030
0.691250,0.486900
0.008750,0.407209
0.052500,0.348091
0.805000,0.424242
0.236250,0.392910
0.297500,0.377008
0.148750,0.338965
0.201250,0.316013
0.586250,0.361052
0.026250,0.305252
0.533750,0.343335
0.516250,0.372154
0.726250,0.431170
0.420000,0.429308
0.262500,0.401507
0.175000,0.363756
0.385000,0.367297
0.516250,0.392122
2.030000,0.665102
0.350000,0.612585
0.017500,0.513404
0.735000,0.550337
0.498750,0.541739
0.122500,0.471866
0.411250,0.461763
0.717500,0.504386
0.026250,0.424697
0.306250,0.404956
0.840000,0.477463
0.000000,0.397886
0.586250,0.429280
0.087500,0.372317
0.691250,0.425472
0.131250,0.376435
0.411250,0.382238
0.568750,0.413323
0.463750,0.421727
0.743750,0.475398
-0.043750,0.388873
0.542500,0.414478
0.393750,0.411023
0.481250,0.422728
0.577500,0.448523
0.647500,0.481686
0.717500,0.520988
0.481250,0.514365
0.542500,0.519054
0.796250,0.565254
0.621250,0.574586
0.376250,0.541530
0.507500,0.535859
0.752500,0.571965
-0.096250,0.460596
0.490000,0.465497
0.735000,0.510414
0.148750,0.450137
0.752500,0.500531
0.140000,0.440442
0.630000,0.472035
0.192500,0.425446
0.516250,0.440580
0.883750,0.514442
0.542500,0.519118
0.752500,0.558015
0.910000,0.616679
0.507500,0.598483
0.210000,0.533736
-0.087500,0.430196
0.708750,0.476622
0.385000,0.461352
0.446250,0.458835
-0.052500,0.373612
0.105000,0.328844
0.533750,0.362995
0.166250,0.330204
0.192500,0.307253
0.428750,0.327503
0.227500,0.310836
0.551250,0.350905
0.271250,0.337629
0.280000,0.328024
0.315000,0.325853
0.201250,0.305086
0.726250,0.375280
0.647500,0.420650
0.446250,0.424917
0.656250,0.463472
0.717500,0.505810
0.402500,0.488592
0.411250,0.475702
-0.035000,0.390585
0.420000,0.395487
0.157500,0.355823
1.102500,0.480269
0.201250,0.433766
-0.131250,0.339596
-0.122500,0.262580
0.638750,0.325275
0.770000,0.399396
0.542500,0.423247
0.218750,0.389164
0.901250,0.474512
0.542500,0.485843
0.673750,0.517161
0.533750,0.519926
-0.428750,0.361813
0.341250,0.358386
0.463750,0.375947
0.000000,0.313289
0.840000,0.401074
-0.017500,0.331312
0.376250,0.338801
0.778750,0.412126
0.630000,0.448438
0.481250,0.453907
-0.043750,0.370964
0.288750,0.357262
0.332500,0.353135
0.218750,0.330737
0.078750,0.288739
0.621250,0.344158
-0.026250,0.282423
-0.078750,0.222228
0.603750,0.285815
0.000000,0.238179
0.586250,0.296191
0.656250,0.356201
0.148750,0.321626
0.428750,0.339480
-0.026250,0.278525
0.700000,0.348771
0.393750,0.356267
0.183750,0.327514
0.323750,0.326887
0.743750,0.396364
0.481250,0.410512
0.420000,0.412093
-0.122500,0.322994
0.122500,0.289579
0.638750,0.347774
0.498750,0.372936
0.612500,0.412864
0.017500,0.346970
0.577500,0.385391
0.122500,0.341576
0.778750,0.414439
0.498750,0.428490
0.428750,0.428534
0.280000,0.403778
0.647500,0.444398
0.630000,0.475332
0.656250,0.505485
0.516250,0.507279
0.367500,0.483983
0.358750,0.463111
0.157500,0.412175
0.323750,0.397438
-0.035000,0.325365
0.280000,0.317804
0.253750,0.307128
0.551250,0.347815
0.262500,0.333596
1.076250,0.457372
0.638750,0.487601
-0.385000,0.342168
0.297500,0.334723
0.481250,0.359144
-0.052500,0.290537
0.332500,0.297531
0.533750,0.336901
0.035000,0.286584
0.638750,0.345278
0.183750,0.318357
0.078750,0.278422
0.393750,0.297644
0.245000,0.288870
0.612500,0.342808
0.647500,0.393590
0.420000,0.397992
0.157500,0.357910
0.332500,0.353675
0.140000,0.318062
0.612500,0.367135
0.166250,0.333654
0.420000,0.348045
-0.026250,0.285663
0.000000,0.238052
0.472500,0.277127
0.227500,0.268856
0.402500,0.291130
-0.035000,0.236775
0.735000,0.319812
0.350000,0.324844
0.323750,0.324661
0.315000,0.323051
0.192500,0.301293
0.227500,0.288994
1.050000,0.415828
0.358750,0.406315
0.516250,0.424638
-0.227500,0.315948
0.385000,0.327457
0.157500,0.299131
0.498750,0.332400
0.218750,0.313459
0.201250,0.294757
0.245000,0.286464
0.560000,0.332054
0.070000,0.288378
0.166250,0.268023
0.236250,0.262728
0.472500,0.297690
0.315000,0.300575
0.612500,0.352562
0.376250,0.356510
0.105000,0.314592
0.455000,0.337993
0.192500,0.313744
0.455000,0.337287
0.087500,0.295656
0.420000,0.316380
0.192500,0.295733
-0.035000,0.240611
-0.017500,0.197593
0.498750,0.247785
0.385000,0.270655
0.446250,0.299920
0.131250,0.271809
0.875000,0.372341
0.113750,0.329242
0.358750,0.334160
0.245000,0.319300
-0.043750,0.258792
0.726250,0.336701
0.490000,0.362251
0.490000,0.383543
0.393750,0.385244
0.708750,0.439162
0.096250,0.382010
0.288750,0.366466
0.411250,0.373930
0.560000,0.404942
1.128750,0.525577
0.332500,0.493397
0.638750,0.517623
0.306250,0.482394
0.630000,0.506995
0.577500,0.518746
0.376250,0.494996
0.183750,0.443122
0.306250,0.420310
0.472500,0.429008
0.927500,0.512090
-0.043750,0.419450
0.315000,0.402042
0.805000,0.469202
0.673750,0.503293
0.507500,0.503994
0.717500,0.539578
0.350000,0.507982
0.271250,0.468527
0.577500,0.486689
0.708750,0.523699
0.192500,0.468499
0.236250,0.429791
0.840000,0.498159
0.437500,0.488049
0.708750,0.524833
0.507500,0.521944
0.131250,0.456828
-0.043750,0.373399
0.341250,0.368040
0.052500,0.315450
0.288750,0.311000
0.770000,0.387500
0.472500,0.401667
0.253750,0.377014
0.026250,0.318553
-0.008750,0.264003
0.096250,0.236044
0.122500,0.217120
0.385000,0.245100
0.341250,0.261125
0.341250,0.274479
0.446250,0.303108
0.245000,0.293423
0.323750,0.298478
0.612500,0.350815
0.472500,0.371096
0.183750,0.339871
0.411250,0.351768
0.743750,0.417098
0.350000,0.405915
0.411250,0.406804
0.061250,0.349212
0.498750,0.374135
0.542500,0.402196
0.638750,0.441621
0.280000,0.414685
0.463750,0.422862
0.315000,0.404885
0.533750,0.426363
0.201250,0.388844
0.297500,0.373620
0.577500,0.407600
0.542500,0.430083
0.157500,0.384653
0.393750,0.386169
-0.087500,0.307224
0.166250,0.283728
0.717500,0.356024
0.542500,0.387103
0.568750,0.417378
0.673750,0.460106
0.385000,0.447589
0.061250,0.383199
0.201250,0.352874
0.201250,0.327603
0.481250,0.353211
0.638750,0.400801
-0.113750,0.315042
0.516250,0.348577
0.315000,0.342981
0.498750,0.368942
0.402500,0.374535
0.673750,0.424404
0.630000,0.458670
0.367500,0.443475
0.288750,0.417688
0.323750,0.402031
0.122500,0.355443
0.105000,0.313702
0.026250,0.265794
0.367500,0.282745
0.796250,0.368329
0.568750,0.401732
0.621250,0.438319
0.201250,0.398807
0.315000,0.384839
0.516250,0.406741
0.848750,0.480409
0.245000,0.441174
0.498750,0.450770
0.218750,0.412100
-0.122500,0.323000
0.271250,0.314375
0.402500,0.329063
0.498750,0.357344
0.428750,0.369245
0.638750,0.414162
0.420000,0.415135
0.743750,0.469904
0.113750,0.410545
0.288750,0.390246
0.420000,0.395205
0.568750,0.424129
0.210000,0.388441
0.586250,0.421409
0.358750,0.410966
0.831250,0.481013
0.437500,0.473761
0.166250,0.422509
-0.052500,0.343341
0.490000,0.367784
0.297500,0.356070
0.463750,0.374017
0.035000,0.317514
0.971250,0.426470
0.481250,0.435600
0.586250,0.460708
0.017500,0.386840
0.411250,0.390909
0.070000,0.337424
0.481250,0.361395
0.201250,0.334704
0.778750,0.408712
0.227500,0.378510
0.717500,0.435008
0.113750,0.381465
0.122500,0.338304
0.192500,0.314004
0.455000,0.337503
0.665000,0.392086
0.437500,0.399655
0.393750,0.398671
0.647500,0.440142
0.113750,0.385744
0.140000,0.344786
0.262500,0.331072
0.393750,0.341518
0.402500,0.351682
0.700000,0.409735
0.122500,0.361862
0.140000,0.324885
0.070000,0.282404
0.131250,0.257212
0.525000,0.301843
0.201250,0.285078
0.192500,0.269648
0.770000,0.353040
0.980000,0.457533
-0.008750,0.379820
0.437500,0.389433
0.332500,0.379944
0.770000,0.444953
0.516250,0.456836
0.385000,0.444864
0.332500,0.426136
0.157500,0.381364
0.175000,0.346970
0.210000,0.324141
0.367500,0.331368
0.621250,0.379681
0.621250,0.419943
-0.096250,0.333911
0.455000,0.354092
-0.026250,0.290702
0.735000,0.364752
0.061250,0.314168
0.437500,0.334723
0.122500,0.299353
0.586250,0.347169
0.376250,0.352016
0.463750,0.370638
0.455000,0.384698
0.455000,0.396415
0.621250,0.433888
0.052500,0.370323
0.078750,0.321728
0.245000,0.308940
0.157500,0.283700
0.936250,0.392458
0.717500,0.446632
-0.105000,0.354693
0.498750,0.378703
-0.035000,0.309752
0.148750,0.282918
0.358750,0.295557
0.446250,0.320673
0.350000,0.325560
0.315000,0.323800
0.560000,0.363167
0.463750,0.379931
0.481250,0.396817
0.472500,0.409431
0.455000,0.417026
0.656250,0.456897
0.726250,0.501789
-2.178750,0.055032
0.218750,0.082319
0.175000,0.097766
0.262500,0.125221
0.367500,0.165601
0.953750,0.296959
0.673750,0.359758
0.437500,0.372715
0.498750,0.393721
0.323750,0.382059
0.070000,0.330049
0.148750,0.299833
0.201250,0.283402
0.218750,0.272627
0.428750,0.298647
0.192500,0.280956
0.437500,0.307047
0.210000,0.290872
0.577500,0.338644
0.490000,0.363870
0.271250,0.348433
-0.078750,0.277236
0.437500,0.303947
0.463750,0.330580
0.525000,0.362984
0.577500,0.398736
0.481250,0.412489
0.061250,0.353949
0.656250,0.404332
0.350000,0.395277
0.183750,0.360023
0.481250,0.380227
0.577500,0.413106
0.262500,0.388005
0.341250,0.380212
0.271250,0.362052
0.542500,0.392127
0.315000,0.379272
0.472500,0.394810
-0.140000,0.305675
0.682500,0.368479
0.481250,0.387274
0.927500,0.477312
0.586250,0.495468
0.192500,0.444974
0.630000,0.475811
0.131250,0.418384
0.577500,0.444904
0.577500,0.467003
0.271250,0.434378
0.043750,0.369273
0.201250,0.341269
0.323750,0.338349
-0.087500,0.267374
0.140000,0.246145
0.420000,0.275121
-0.008750,0.227809
0.358750,0.249633
0.463750,0.285319
0.603750,0.338391
-0.017500,0.279076
1.120000,0.419230
0.446250,0.423733
0.070000,0.364778
0.043750,0.311273
0.350000,0.317727
0.078750,0.277898
0.630000,0.336582
-0.052500,0.271735
0.568750,0.321237
0.297500,0.317281
0.201250,0.297943
0.192500,0.280369
0.236250,0.273016
0.708750,0.345638
0.700000,0.404698
0.612500,0.439332
0.796250,0.498818
0.113750,0.434640
0.166250,0.389909
0.061250,0.335132
0.560000,0.372610
0.341250,0.367383
0.183750,0.336778
0.288750,0.328773
0.490000,0.355644
0.175000,0.325537
0.525000,0.358781
-0.078750,0.285859
0.175000,0.267382
0.175000,0.251985
0.560000,0.303321
0.656250,0.362143
0.603750,0.402411
0.262500,0.379092
0.936250,0.471952
0.236250,0.432668
0.262500,0.404307
0.577500,0.433172
0.586250,0.458685
0.420000,0.452238
0.061250,0.387073
0.236250,0.361936
0.323750,0.355572
0.245000,0.337143
0.262500,0.324702
0.148750,0.295377
0.271250,0.291356
0.665000,0.353630
0.875000,0.440525
-0.052500,0.358354
0.297500,0.348212
0.297500,0.339760
0.463750,0.360425
0.367500,0.361604
0.551250,0.393212
0.551250,0.419551
0.516250,0.435668
0.306250,0.414098
0.455000,0.420915
0.385000,0.414929
0.332500,0.401191
0.087500,0.348909
0.288750,0.338883
2.091250,0.630944
0.603750,0.626412
0.472500,0.600760
0.603750,0.601258
0.236250,0.540423
0.306250,0.501394
0.271250,0.463037
0.131250,0.407739
0.490000,0.421449
0.183750,0.381833
0.516250,0.404236
0.621250,0.440405
-0.008750,0.365546
0.245000,0.345455
0.402500,0.354962
0.621250,0.399344
0.647500,0.440703
0.183750,0.397877
0.761250,0.458440
0.105000,0.399533
-0.262500,0.289194
0.227500,0.278912
0.402500,0.299510
0.218750,0.286050
0.621250,0.341917
0.700000,0.401597
0.822500,0.471748
0.411250,0.461665
0.533750,0.473679
0.315000,0.447232
-0.315000,0.320194
0.498750,0.349953
0.647500,0.399544
-0.218750,0.296495
0.026250,0.251454
0.271250,0.254754
0.315000,0.264795
0.218750,0.257121
0.630000,0.319267
0.393750,0.331681
0.481250,0.356609
0.087500,0.311758
-0.035000,0.253965
-0.035000,0.205804
0.385000,0.235670
0.560000,0.289725
0.157500,0.267687
0.376250,0.285781
0.411250,0.306693
0.437500,0.328494
0.498750,0.356870
0.367500,0.358642
0.192500,0.330951
0.122500,0.296209
0.735000,0.369341
0.385000,0.371951
0.315000,0.362459
0.533750,0.391008
0.927500,0.480423
0.315000,0.452853
0.971250,0.539252
-0.122500,0.428960
0.210000,0.392467
0.192500,0.359139
0.402500,0.366366
0.140000,0.328638
0.183750,0.304490
0.621250,0.357283
0.516250,0.383778
0.332500,0.375232
0.140000,0.336026
0.490000,0.361689
0.332500,0.356824
0.472500,0.376103
0.586250,0.411128
0.140000,0.365940
0.455000,0.380783
0.166250,0.345028
0.542500,0.377940
0.638750,0.421408
0.761250,0.478048
0.568750,0.493165
0.271250,0.456179
0.411250,0.448691
0.227500,0.411826
-0.035000,0.337355
0.586250,0.378837
0.778750,0.445490
0.166250,0.398950
0.052500,0.341208
0.393750,0.349965
0.078750,0.304763
-0.008750,0.252510
0.070000,0.222092
0.341250,0.241952
0.245000,0.242460
0.525000,0.289550
0.078750,0.254416
0.603750,0.312639
0.210000,0.295532
0.315000,0.298777
0.446250,0.323356
0.008750,0.270921
0.253750,0.268060
0.726250,0.344425
0.271250,0.332229
0.516250,0.362899
0.262500,0.346166
0.280000,0.335138
0.568750,0.374074
-0.288750,0.263603
0.087500,0.234252
0.175000,0.224377
0.805000,0.321148
0.166250,0.295331
0.245000,0.286943
0.183750,0.269744
1.015000,0.393953
0.393750,0.393919
0.201250,0.361808
0.218750,0.337965
0.297500,0.331221
0.297500,0.325601
0.551250,0.363209
0.778750,0.432466
0.210000,0.395388
0.350000,0.387823
0.227500,0.361103
0.498750,0.384044
0.385000,0.384203
0.533750,0.409128
0.673750,0.453231
0.148750,0.402485
0.227500,0.373320
0.498750,0.394225
0.568750,0.423313
0.673750,0.465052
0.183750,0.418169
0.157500,0.374724
0.411250,0.380812
0.218750,0.353801
0.813750,0.430459
0.332500,0.414133
-0.183750,0.314486
-0.078750,0.248946
0.665000,0.318289
-0.043750,0.257949
0.253750,0.257249
0.770000,0.342708
0.236250,0.324965
-0.157500,0.244554
0.376250,0.266503
0.533750,0.311044
0.280000,0.305870
0.376250,0.317600
0.568750,0.359459
0.061250,0.309757
0.472500,0.336881
-0.341250,0.223859
0.017500,0.189466
0.612500,0.259972
0.218750,0.253101
0.568750,0.305709
0.262500,0.298508
0.166250,0.276465
0.638750,0.336846
0.498750,0.363830
0.201250,0.336733
0.393750,0.346236
0.481250,0.368738
0.507500,0.391865
0.542500,0.416971
0.341250,0.404351
0.315000,0.389459
0.481250,0.404758
0.192500,0.369381
0.525000,0.395318
-0.061250,0.319223
0.665000,0.376853
0.341250,0.370919
0.192500,0.341182
0.577500,0.380569
0.017500,0.320057
0.341250,0.323589
0.385000,0.333824
0.428750,0.349645
0.542500,0.381788
0.708750,0.436282
0.411250,0.432110
0.577500,0.456341
-0.078750,0.367159
0.761250,0.432841
0.175000,0.389868
0.463750,0.402181
-0.140000,0.311818
0.087500,0.274432
0.358750,0.288485
0.577500,0.336654
0.280000,0.327212
0.437500,0.345593
0.008750,0.289452
0.385000,0.305377
0.218750,0.290939
0.166250,0.270158
0.428750,0.296590
0.481250,0.327366
0.367500,0.334055
0.612500,0.380463
-0.043750,0.309761
0.157500,0.284384
0.323750,0.290945
0.586250,0.340162
0.787500,0.414719
0.385000,0.409766
0.446250,0.415846
-0.236250,0.307164
-0.253750,0.213678
0.096250,0.194107
0.376250,0.224464
0.726250,0.308095
0.008750,0.258204
0.761250,0.342045
0.682500,0.398788
0.306250,0.383365
0.070000,0.331137
0.420000,0.345948
0.341250,0.345165
0.087500,0.302221
0.901250,0.402059
0.323750,0.389007
0.315000,0.376673
0.262500,0.357644
0.297500,0.347620
0.271250,0.334892
0.498750,0.362201
-0.017500,0.298918
0.175000,0.278265
-0.052500,0.223137
-0.017500,0.183031
0.358750,0.212318
0.341250,0.233806
0.175000,0.224005
0.568750,0.281463
0.603750,0.335177
0.813750,0.414939
0.043750,0.353075
0.358750,0.354020
0.385000,0.359184
0.035000,0.305153
0.542500,0.344711
0.586250,0.384967
0.402500,0.387890
0.253750,0.365533
0.437500,0.377527
-0.026250,0.310231
1.330000,0.480193
0.096250,0.416202
0.498750,0.429960
0.367500,0.419550
0.350000,0.407958
0.630000,0.444965
0.105000,0.388304
0.796250,0.456295
0.437500,0.453163
0.131250,0.399511
0.061250,0.343134
0.446250,0.360320
0.341250,0.357142
0.122500,0.318035
0.166250,0.292737
0.367500,0.305198
0.105000,0.271831
0.280000,0.273193
0.428750,0.299119
0.586250,0.346974
0.358750,0.348937
-0.096250,0.274739
0.595000,0.328116
0.411250,0.341972
0.761250,0.411851
0.665000,0.454043
-0.008750,0.376911
0.000000,0.314092
0.498750,0.344868
0.131250,0.309265
0.717500,0.377305
0.638750,0.420879
0.245000,0.391566
0.656250,0.435680
0.516250,0.449108
0.341250,0.431132
0.367500,0.420526
0.892500,0.499189
0.306250,0.467032
0.551250,0.481069
-0.096250,0.384849
0.070000,0.332374
0.280000,0.323645
0.848750,0.411162
0.533750,0.431594
0.026250,0.364036
0.551250,0.395239
0.350000,0.387699
0.131250,0.344957
0.481250,0.367673
0.393750,0.372019
0.026250,0.314391
0.315000,0.314492
0.245000,0.302910
0.087500,0.267009
0.988750,0.387299
0.157500,0.348999
0.113750,0.309791
0.533750,0.347117
0.516250,0.375306
0.761250,0.439630
0.437500,0.439275
0.761250,0.492938
0.472500,0.489531
0.542500,0.498359
0.131250,0.437175
0.866250,0.508687
0.507500,0.508489
0.315000,0.476241
0.875000,0.542701
0.385000,0.516417
0.542500,0.520764
0.350000,0.492304
0.700000,0.526920
0.516250,0.525141
0.315000,0.490118
0.227500,0.446348
0.166250,0.399665
0.437500,0.405971
0.708750,0.456434
0.437500,0.453278
0.481250,0.457940
0.420000,0.451617
0.577500,0.472598
0.297500,0.443415
0.183750,0.400137
0.787500,0.464698
0.175000,0.416415
0.166250,0.374721
1.268750,0.523725
0.437500,0.509355
0.201250,0.458004
0.271250,0.426878
0.113750,0.374690
0.568750,0.407033
0.175000,0.368361
-0.131250,0.285093
0.700000,0.354244
0.726250,0.416245
0.148750,0.371662
0.717500,0.429302
0.183750,0.388377
0.647500,0.431564
0.280000,0.406303
0.253750,0.380878
0.315000,0.369898
0.148750,0.333040
0.910000,0.429200
0.428750,0.429125
0.656250,0.466979
1.102500,0.572899
0.542500,0.567833
-0.096250,0.457152
0.971250,0.542835
0.236250,0.491738
0.813750,0.545406
0.481250,0.534714
0.288750,0.493720
0.035000,0.417266
0.551250,0.439597
0.507500,0.450914
-0.061250,0.365554
0.787500,0.435878
0.770000,0.491565
0.113750,0.428596
0.297500,0.406746
0.507500,0.423539
0.140000,0.376282
0.603750,0.414194
0.367500,0.406411
0.183750,0.369301
0.140000,0.331084
0.612500,0.377987
0.560000,0.408322
0.236250,0.379644
0.437500,0.389286
0.673750,0.436697
0.253750,0.406206
0.463750,0.415797
0.008750,0.347955
0.428750,0.361421
0.035000,0.307018
0.253750,0.298140
0.857500,0.391366
0.498750,0.409264
0.455000,0.416886
0.708750,0.465530
0.428750,0.459400
0.350000,0.441167
0.577500,0.463889
0.323750,0.440533
-0.017500,0.364194
0.358750,0.363287
0.306250,0.353780
0.420000,0.364817
0.463750,0.381306
0.358750,0.377547
0.700000,0.431289
0.052500,0.368157
0.201250,0.340339
0.376250,0.346325
0.096250,0.304645
0.245000,0.294705
0.105000,0.263087
0.568750,0.314031
0.630000,0.366692
0.402500,0.372660
0.140000,0.333884
0.297500,0.327820
0.367500,0.334433
0.192500,0.310778
0.420000,0.328981
0.245000,0.314984
0.262500,0.306237
0.358750,0.314989
-0.227500,0.224574
0.603750,0.287770
0.131250,0.261684
0.533750,0.307028
0.210000,0.290857
0.551250,0.334256
0.490000,0.360213
0.043750,0.307469
0.376250,0.318933
0.262500,0.309527
0.026250,0.262314
0.551250,0.310470
0.376250,0.321434
0.446250,0.342236
0.411250,0.353739
0.673750,0.407074
0.393750,0.404853
0.630000,0.442378
0.568750,0.463440
0.280000,0.432866
-0.516250,0.274680
0.490000,0.310567
0.455000,0.334639
-0.288750,0.230741
-0.008750,0.190826
0.717500,0.278605
0.691250,0.347379
0.140000,0.312816
0.035000,0.266513
0.385000,0.286261
0.420000,0.308551
0.078750,0.270251
0.245000,0.266042
0.463750,0.298994
0.043750,0.256453
0.551250,0.305586
0.516250,0.340696
0.393750,0.349539
0.122500,0.311699
0.446250,0.334124
0.280000,0.325103
0.612500,0.373003
0.481250,0.391044
0.516250,0.411912
0.166250,0.370968
0.306250,0.360182
0.560000,0.393485
-0.008750,0.326446
0.700000,0.388705
0.061250,0.334129
0.218750,0.314899
0.341250,0.319291
0.577500,0.362326
0.918750,0.455063
0.428750,0.450678
0.463750,0.452856
0.665000,0.488214
0.481250,0.487053
0.708750,0.524003
0.271250,0.481877
0.315000,0.454064
0.087500,0.392970
0.805000,0.461642
0.455000,0.460535
0.376250,0.446487
0.183750,0.402698
0.227500,0.373498
0.542500,0.401665
0.306250,0.385763
0.516250,0.407511
0.525000,0.427092
0.411250,0.424452
0.096250,0.369751
0.332500,0.363543
0.367500,0.364202
0.393750,0.369127
0.420000,0.377606
-0.210000,0.279672
0.577500,0.329310
0.087500,0.289008
0.516250,0.326882
0.061250,0.282610
0.647500,0.343425
0.857500,0.429104
0.428750,0.429045
0.603750,0.458162
0.472500,0.460552
0.595000,0.482960
0.595000,0.501633
0.385000,0.482194
0.393750,0.467454
0.385000,0.453711
0.411250,0.446635
0.061250,0.382404
0.420000,0.388670
0.428750,0.395350
0.288750,0.377583
0.665000,0.425486
0.148750,0.379363
0.498750,0.399261
0.577500,0.428968
0.306250,0.408515
0.271250,0.385637
0.113750,0.340323
0.577500,0.379852
0.315000,0.369044
0.183750,0.338161
0.323750,0.335759
0.656250,0.389174
0.288750,0.372437
0.918750,0.463489
0.297500,0.435824
0.577500,0.459437
0.665000,0.493697
0.271250,0.456623
0.507500,0.465102
-0.052500,0.378835
0.385000,0.379863
0.358750,0.376344
0.813750,0.449245
0.656250,0.483746
-0.192500,0.371038
0.647500,0.417115
0.787500,0.478846
0.175000,0.428205
0.708750,0.474962
0.078750,0.408927
0.245000,0.381606
0.455000,0.393838
0.892500,0.476949
0.393750,0.463082
0.428750,0.457360
0.691250,0.496342
0.770000,0.541951
0.691250,0.566835
0.262500,0.516112
0.603750,0.530718
0.052500,0.451015
0.087500,0.390429
0.148750,0.350150
0.437500,0.364708
-0.061250,0.293715
0.070000,0.256429
0.087500,0.228274
0.175000,0.219395
0.437500,0.255746
0.323750,0.267080
0.358750,0.282358
0.288750,0.283424
0.542500,0.326603
0.262500,0.315919
0.525000,0.350766
0.437500,0.365222
0.253750,0.346643
0.393750,0.354494
2.187500,0.659995
0.411250,0.618538
0.000000,0.515448
0.560000,0.522873
0.420000,0.505728
0.140000,0.444773
0.315000,0.423144
0.061250,0.362829
0.507500,0.386940
0.682500,0.436200
0.673750,0.475792
0.446250,0.470868
0.551250,0.484265
0.595000,0.502721
0.280000,0.465601
-0.455000,0.312167
0.525000,0.347640
0.306250,0.340741
0.315000,0.336451
0.367500,0.341626
0.577500,0.380938
0.218750,0.353907
0.183750,0.325547
0.490000,0.352956
0.323750,0.348088
0.306250,0.341115
0.726250,0.405304
0.218750,0.374212
0.455000,0.387677
0.271250,0.368272
0.035000,0.312727
0.437500,0.333522
0.595000,0.377102
0.393750,0.379877
-0.192500,0.284481
0.271250,0.282275
0.297500,0.284813
0.700000,0.354011
0.446250,0.369384
0.166250,0.335528
0.350000,0.337940
0.420000,0.351617
0.428750,0.364472
0.542500,0.394144
0.131250,0.350328
0.647500,0.399857
0.507500,0.417797
0.323750,0.402123
0.533750,0.424061
0.166250,0.381092
0.411250,0.386118
0.883750,0.469057
0.542500,0.481298
0.236250,0.440456
0.612500,0.469130
0.665000,0.501775
0.245000,0.458979
0.175000,0.411649
0.472500,0.421791
0.140000,0.374826
0.376250,0.375063
0.490000,0.394219
0.227500,0.366433
0.490000,0.387027
0.630000,0.427523
0.586250,0.453977
0.131250,0.400189
0.490000,0.415158
0.341250,0.402840
-0.131250,0.313825
0.498750,0.344646
0.420000,0.357205
0.043750,0.304962
0.516250,0.340177
0.490000,0.365147
0.227500,0.342206
0.236250,0.324547
0.393750,0.336081
0.735000,0.402567
0.306250,0.386514
0.306250,0.373137
0.271250,0.356156
0.122500,0.317213
0.568750,0.359136
0.358750,0.359072
0.201250,0.332768
0.183750,0.307932
-0.087500,0.242026
0.236250,0.241064
0.288750,0.249011
0.262500,0.251260
0.105000,0.226883
-0.148750,0.164277
0.122500,0.157315
0.455000,0.206929
0.603750,0.273066
0.490000,0.309221
0.350000,0.316018
0.026250,0.267723
0.236250,0.262478
0.481250,0.298940
0.323750,0.303075
0.122500,0.272979
0.472500,0.306232
0.621250,0.358735
0.376250,0.361654
0.113750,0.320337
0.402500,0.334031
0.612500,0.380442
0.402500,0.384119
0.533750,0.409057
0.595000,0.440048
0.227500,0.404623
0.148750,0.361978
0.577500,0.397898
0.603750,0.432207
0.726250,0.481214
0.656250,0.510387
-0.175000,0.396155
0.236250,0.369505
0.717500,0.427504
0.437500,0.429170
0.350000,0.415975
0.402500,0.413729
0.096250,0.360816
0.297500,0.350263
0.560000,0.385219
0.376250,0.383724
0.507500,0.404354
0.481250,0.417170
0.700000,0.464308
0.236250,0.426298
0.385000,0.419415
0.332500,0.404929
0.148750,0.362233
0.367500,0.363111
0.656250,0.411967
0.210000,0.378306
0.393750,0.380880
0.568750,0.412192
0.323750,0.397451
0.498750,0.414335
0.525000,0.432779
0.428750,0.432107
0.560000,0.453423
0.542500,0.468269
0.822500,0.527307
0.691250,0.554631
0.201250,0.495734
0.000000,0.413112
0.341250,0.401135
0.218750,0.370737
-0.175000,0.279781
0.227500,0.271068
-0.035000,0.220056
0.253750,0.225672
-0.175000,0.158893
0.297500,0.181994
0.210000,0.186662
0.428750,0.227010
0.061250,0.199383
0.656250,0.275528
0.148750,0.254398
0.673750,0.324290
0.385000,0.334408
0.288750,0.326799
0.323750,0.326291
0.271250,0.317117
0.708750,0.382389
0.743750,0.442616
0.770000,0.497180
0.691250,0.529525
0.455000,0.517104
0.560000,0.524254
0.183750,0.467503
0.087500,0.404169
0.770000,0.465141
0.437500,0.460534
0.227500,0.421695
0.201250,0.384954
0.516250,0.406837
0.052500,0.347781
0.376250,0.352526
0.227500,0.331688
0.236250,0.315782
0.560000,0.356485
0.525000,0.384571
0.542500,0.410892
0.700000,0.459077
0.218750,0.419022
0.691250,0.464394
0.332500,0.442411
0.201250,0.402218
0.927500,0.489765
0.805000,0.542304
-0.043750,0.444628
0.516250,0.456565
0.621250,0.484013
0.350000,0.461677
0.770000,0.513064
0.253750,0.469845
0.455000,0.467371
0.297500,0.439059
0.446250,0.440258
0.288750,0.415006
0.262500,0.389589
0.630000,0.429657
-0.078750,0.344923
0.157500,0.313686
0.271250,0.306613
0.026250,0.259886
-0.043750,0.209280
0.577500,0.270650
-2.047500,-0.115708
0.210000,-0.061424
0.017500,-0.048270
0.542500,0.050192
0.621250,0.145368
0.157500,0.147390
0.297500,0.172408
0.017500,0.146590
0.953750,0.281117
-0.183750,0.203639
0.323750,0.223658
0.376250,0.249090
0.332500,0.262991
0.542500,0.309576
0.560000,0.351313
0.078750,0.305886
0.061250,0.265114
0.516250,0.306970
0.752500,0.381225
0.332500,0.373104
0.227500,0.348837
0.796250,0.423405
0.656250,0.462213
0.140000,0.408511
0.700000,0.457092
0.761250,0.507785
-0.008750,0.421696
0.385000,0.415580
0.603750,0.446942
0.385000,0.436618
0.271250,0.409057
0.271250,0.386089
-0.245000,0.280907
0.113750,0.253048
0.148750,0.235665
0.857500,0.339304
-0.192500,0.250670
0.210000,0.243892
0.472500,0.281993
0.341250,0.291869
0.166250,0.270933
0.297500,0.275361
0.446250,0.303842
-0.253750,0.210910
0.752500,0.301175
0.411250,0.319521
0.087500,0.280851
0.481250,0.314251
0.656250,0.371251
0.341250,0.366250
0.691250,0.420417
0.481250,0.430556
0.271250,0.404005
0.402500,0.403754
0.735000,0.458962
0.376250,0.445176
0.446250,0.445355
0.253750,0.413421
0.253750,0.386809
0.271250,0.367549
0.437500,0.379208
0.166250,0.343715
0.271250,0.331637
0.070000,0.288031
-0.183750,0.209401
0.525000,0.262001
-0.043750,0.211042
0.210000,0.210869
0.306250,0.226766
0.647500,0.296888
0.796250,0.380115
0.393750,0.382387
0.262500,0.362406
0.385000,0.366172
0.280000,0.351810
0.533750,0.382133
0.420000,0.388444
0.280000,0.370370
0.490000,0.390309
0.437500,0.398174
0.525000,0.419312
0.105000,0.366926
0.691250,0.420980
0.306250,0.401859
0.787500,0.466132
0.420000,0.458443
0.078750,0.395161
0.630000,0.434301
0.376250,0.424626
0.568750,0.448647
0.691250,0.489080
0.813750,0.543192
0.043750,0.459952
0.323750,0.437251
0.271250,0.409585
0.245000,0.382154
1.137500,0.508045
0.122500,0.443787
0.437500,0.442739
0.455000,0.444783
0.245000,0.411486
-0.008750,0.341446
0.323750,0.338497
0.595000,0.381248
0.411250,0.386248
0.227500,0.359790
0.271250,0.345033
0.490000,0.369194
0.647500,0.415579
0.271250,0.391524
0.393750,0.391895
0.673750,0.438871
0.673750,0.478017
0.183750,0.428973
0.428750,0.428936
0.638750,0.463905
0.201250,0.420129
-0.315000,0.297607
0.875000,0.393840
0.525000,0.415700
0.323750,0.400375
-0.096250,0.317604
0.490000,0.346337
0.271250,0.333822
0.253750,0.320477
0.498750,0.350189
0.525000,0.379324
0.341250,0.372978
0.262500,0.354565
0.612500,0.397554
0.428750,0.402754
0.525000,0.423128
0.682500,0.466357
0.586250,0.486339
0.525000,0.492782
0.796250,0.543360
0.315000,0.505300
0.245000,0.461917