137, 60, 93,
93, 6, 82,
17, 58, 29,
105, 30, 51,
91, 44, 43,
83, 24, 34,
89, 9, 89,
104, 68, 28,
89, 39, 86,
63, -1, -6,
135, 36, 98,
114, 46, 106,
121, 35, 58,
88, 48, 88,
113, 48, 48,
141, 64, 56,
100, 62, 62,
103, 18, 58,
102, 30, 50,
104, 42, 106,
99, 48, 69,
63, 44, -29,
114, 12, 41,
87, 21, 51,
71, 37, 51,
120, 20, 50,
118, 44, 36,
49, 20, 70,
114, 3, 51,
61, 7, 114,
118, -6, 95,
70, 32, 36,
79, 49, 127,
37, 13, 75,
112, -11, 78,
58, 5, 40,
91, 45, 79,
93, 23, 86,
94, -9, 73,
58, 36, 66,
75, 62, 63,
49, 2, 33,
105, 23, 26,
110, 73, 101,
117, 31, 18,
75, 32, 46,
56, 35, 29,
80, 16, 43,
96, 25, 105,
79, -14, 1,
62, 59, 56,
142, 13, 44,
118, 45, 98,
105, 6, 71,
91, 2, 92,
152, 16, 52,
61, -30, 61,
50, 13, 90,
58, 13, 80,
90, 24, 69,
75, 29, 9,
137, 7, 7,
94, 0, 70,
116, -244, 27,
68, -9, 27,
95, -5, 11,
100, 63, 86,
113, 27, 38,
129, 28, 55,
116, 45, 73,
107, 29, 48,
121, 17, 52,
131, 40, 42,
50, 37, 27,
98, 55, 39,
67, 11, 143,
107, 19, 76,
119, 33, 52,
116, 36, 82,
67, 0, 48,
85, -10, 33,
87, 32, 52,
99, 20, 67,
103, 38, 62,
97, 36, 41,
81, 46, 37,
62, -15, 8,
90, -2, 66,
107, 39, 67,
84, 10, 105,
99, 24, 91,
89, -25, 18,
60, 1, 39,
116, 48, -10,
128, 14, 51,
92, 5, 38,
80, 10, 86,
106, 27, 49,
127, 54, 34,
104, 57, 25,
97, 47, 64,
76, -2, 64,
20, 12, 9,
136, 31, 62,
120, 64, 103,
93, 36, 69,
129, 15, -2,
113, 46, 54,
74, -35, 44,
106, -3, 83,
109, 15, 25,
104, 31, 86,
113, 60, 69,
123, 33, 68,
103, 6, 39,
65, 4, 69,
73, 34, 68,
103, 19, 44,
101, 45, 96,
138, 52, 55,
101, 5, 23,
86, 37, 89,
81, 21, 52,
132, 48, 79,
119, 54, 97,
93, 24, 45,
112, 68, 70,
70, 7, 72,
131, 38, 58,
55, 13, 72,
83, 50, 56,
118, 21, 34,
139, 49, 132,
138, 62, 43,
78, 8, 38,
97, 7, 93,
101, 26, 93,
87, -10, 59,
116, 47, 78,
114, 83, 42,
108, 26, 59,
126, 33, 37,
74, 41, 65,
130, 8, 83,
27, -3, 116,
131, 28, 51,
89, 46, 64,
100, 43, 8,
96, 55, 19,
118, 4, 15,
101, 25, 55,
100, 1, 24,
136, 42, 13,
134, 17, 38,
95, 63, 38,
128, 17, 19,
65, 49, 52,
84, 8, 66,
93, 59, 60,
124, -3, 11,
84, 15, 83,
98, 32, 79,
91, 52, 44,
107, 66, 24,
67, 12, -6,
126, 7, 94,
84, 38, 81,
90, 10, 125,
113, 15, 68,
127, 57, 57,
110, 26, 53,
111, 58, 62,
91, 54, 46,
89, 39, 80,
59, 28, 28,
178, 34, 79,
65, 1, 67,
130, 56, 42,
65, 33, 30,
93, 21, 74,
135, 56, 83,
76, 51, 115,
121, 21, 102,
112, 12, 76,
117, 43, 33,
76, 31, 18,
104, 25, 41,
67, 10, 12,
130, 51, 60,
91, 35, 77,
129, 37, 71,
98, -19, 57,
110, 23, 25,
86, 49, 69,
105, 36, 69,
65, 38, 59,
113, 31, 79,
81, -29, 62,
98, -3, 18,
129, 39, 78,
118, 51, 96,
113, 0, 145,
141, 23, 36,
120, 34, 47,
105, 29, 73,
105, 31, 75,
118, 29, 9,
125, 29, 57,
127, 14, 53,
87, 55, 68,
69, 64, -17,
101, 41, 46,
58, 7, 57,
131, 29, 64,
79, 17, 58,
83, 41, 70,
106, 49, 34,
75, 5, 48,
153, 77, 30,
145, 7, 36,
67, -2, 78,
108, 19, 91,
95, -24, 95,
114, 40, 38,
85, 20, 5,
90, 90, 85,
78, 25, 73,
98, -11, 62,
115, 44, 142,
60, -2, 12,
155, 84, 88,
138, 52, 43,
113, 8, 36,
113, 49, 65,
44, -2, 37,
170, 69, 89,
136, 65, 119,
106, 40, 21,
45, -19, 42,
129, 16, 32,
93, 20, 0,
122, 32, 89,
116, 50, 68,
131, 18, 80,
116, 3, 32,
93, -4, 74,
111, 13, 95,
113, 19, 78,
91, 70, 15,
136, 21, 35,
62, 48, 83,
103, 11, 41,
123, 29, 34,
85, 41, 73,
69, 28, 40,
107, 23, 72,
54, -21, 32,
95, 31, 22,
98, 0, 92,
58, 36, 66,
88, -13, 46,
89, 26, 65,
118, 24, 30,
91, -5, 31,
130, 46, 28,
79, 12, 99,
88, -13, 95,
168, 69, 66,
73, 224, 55,
90, 15, 74,
96, 61, 41,
52, -28, 26,
104, 41, 27,
126, 39, 60,
105, -16, 26,
116, 4, 29,
57, 30, 50,
71, 36, 71,
109, 6, 90,
93, 55, 79,
75, 34, 49,
142, 18, 82,
88, 31, 52,
97, -4, 42,
84, -12, 58,
89, -11, 55,
100, 25, 52,
130, 46, 66,
102, 11, 52,
117, 15, 51,
121, 104, 55,
80, -20, 16,
110, -19, 35,
96, -10, 46,
54, 41, 105,
75, 7, 57,
124, -15, 11,
62, 20, 54,
99, 70, 82,
124, 72, 75,
142, 11, 48,
95, -44, 72,
89, 27, 47,
95, -27, 26,
150, 7, 118,
69, 7, -18,
80, 13, 82,
72, 28, 45,
93, -9, 53,
119, 44, 86,
107, -18, 59,
140, 56, 95,
63, -8, 50,
104, 15, 62,
96, 50, 86,
76, 16, 24,
77, 9, 48,
86, 37, 88,
118, 31, 79,
75, 4, 73,
118, 19, 84,
92, 78, 20,
127, 41, 32,
101, 44, 26,
95, 47, 49,
122, 57, 38,
128, 38, 52,
128, 41, 72,
78, 5, 116,
61, 28, 69,
76, 50, 101,
50, 3, 95,
91, 37, 131,
97, 42, 39,
68, 50, 59,
133, 61, 68,
99, 18, 86,
79, 51, 111,
93, 20, 60,
112, 40, 65,
122, 21, 72,
129, 80, 142,
87, 3, 128,
52, -25, 39,
172, 24, 72,
91, 53, 61,
137, 41, 102,
105, 17, -20,
84, -7, 37,
87, 83, 79,
124, 35, 58,
107, -16, 87,
134, 10, 57,
67, 16, 100,
136, 44, 113,
117, 11, 95,
84, 6, 33,
133, 14, 36,
77, 26, 95,
23, 66, 67,
95, 48, 124,
74, 50, 24,
93, -1, 71,
43, 21, 67,
96, 33, 14,
94, 39, 93,
98, 8, 50,
64, 84, 4,
130, 51, 65,
135, 27, 24,
84, 11, 38,
100, 65, 26,
46, -17, 54,
82, 61, 71,
111, 53, 82,
80, 30, 92,
69, -15, 7,
89, 44, 27,
87, 35, 87,
81, 26, 49,
130, 25, 30,
97, -4, 67,
85, 20, 81,
102, -17, 16,
63, 39, 78,
117, 31, 69,
78, 32, 85,
114, -10, 40,
90, 13, 9,
91, 63, 24,
57, 3, 35,
128, 15, 47,
121, 34, 75,
85, 74, 46,
47, 46, 34,
134, 57, 62,
71, 10, 115,
102, 7, 95,
97, 60, 79,
80, 33, 78,
125, 19, 75,
121, 51, 12,
71, 3, 53,
114, 49, 55,
97, -11, 66,
118, 32, 65,
61, 11, 51,
111, 25, 123,
95, 62, 76,
66, 1, 23,
103, 73, 156,
85, 19, 68,
121, 49, 38,
108, 7, 5,
78, 43, 21,
97, 4, 26,
92, 44, 107,
126, 15, 63,
97, 46, 105,
145, 59, 108,
69, 1, 45,
108, 32, 86,
106, 21, 45,
112, 34, 70,
94, -10, 54,
82, 50, 68,
131, 31, 71,
105, 11, 77,
75, 28, 64,
139, -7, 77,
82, -10, 65,
116, 55, 75,
79, 15, 88,
116, -14, -25,
132, 47, 54,
93, 4, 67,
156, 19, 14,
102, 30, 68,
132, 48, 66,
101, 0, -19,
90, 33, 100,
115, 42, 75,
104, 50, 73,
95, 37, 62,
119, 15, 68,
103, -8, 56,
88, 12, 95,
81, 40, 5,
84, -39, 51,
99, 38, 73,
53, 19, 17,
87, 0, 115,
128, 29, 33,
26, -14, 17,
78, -24, 98,
98, 8, 57,
65, -21, 126,
77, 4, 40,
82, 32, 88,
102, 11, 50,
77, 40, 87,
109, 0, 59,
125, 85, 111,
97, 36, 81,
88, 23, 13,
133, -27, 50,
48, 28, 81,
100, 0, 33,
85, 56, 52,
62, 12, 10,
102, 29, 79,
85, 23, 64,
124, 44, 39,
86, 18, 83,
93, 43, 39,
119, 38, 35,
89, 96, 103,
113, 19, 67,
65, 53, 117,
101, 21, 46,
36, 6, 79,
77, -37, 29,
86, 33, 0,
144, 20, 86,
122, -5, 72,
62, 51, 36,
124, 12, 57,
96, 59, 74,
135, 38, 137,
117, 27, 35,
148, -12, 45,
100, 51, 38,
78, 75, 4,
147, 31, 90,
80, 21, 39,
108, -11, 78,
105, 31, 17,
112, 51, 78,
79, 51, 80,
132, 61, 9,
90, 7, 96,
104, 7, 75,
113, -2, 73,
120, 35, 85,
92, 29, 91,
87, 22, 84,
137, 63, 29,
127, 20, 83,
83, 53, 58,
144, 15, 25,
71, 20, 54,
89, -41, 46,
109, 19, 40,
90, 15, 56,
96, 56, 101,
97, 20, 21,
124, 19, 50,
94, 44, 83,
153, 18, 129,
65, 10, 87,
87, 23, 58,
81, 78, 7,
100, 31, 57,
62, -13, 24,
87, 10, 45,
117, -1, 45,
151, 77, 51,
107, 10, 60,
52, 3, 34,
111, 68, 70,
115, 32, 49,
93, -2, 26,
138, 62, 75,
107, -13, 95,
107, 7, 65,
119, 23, 29,
99, -1, 32,
130, 39, 22,
92, 55, 53,
106, 42, 11,
126, 32, 48,
92, 49, 42,
133, 55, 62,
90, 48, 57,
113, 39, 48,
100, 37, 43,
89, 31, 149,
19, 18, 75,
103, 25, 45,
139, 36, 55,
110, 20, 70,
92, 19, 59,
93, 0, 43,
89, 41, 39,
96, 43, 43,
122, 31, 59,
157, 56, 108,
75, 9, 53,
126, 27, 38,
105, 1, 57,
44, 27, 98,
94, 34, 71,
83, -21, 7,
87, 70, 89,
110, 24, 53,
101, 80, 102,
75, 44, 97,
96, -2, 80,
153, 8, 58,
107, 35, 77,
107, 22, 109,
100, 16, 48,
121, 16, 109,
92, 47, 86,
111, 33, 59,
99, 47, 82,
81, 14, 7,
131, 36, 55,
54, 36, 74,
133, 40, -15,
94, 86, 116,
79, 26, 83,
104, -20, 30,
98, 15, 48,
119, 46, 95,
124, 42, 61,
115, 34, 45,
117, -19, 106,
74, 21, 35,
122, 23, 92,
84, 36, 56,
77, 19, 65,
149, 34, 83,
114, -9, 44,
103, 19, 62,
86, 52, 22,
73, 15, 119,
76, 13, 35,
131, 32, 112,
105, 19, 24,
81, 11, 102,
86, 68, 39,
77, -30, 56,
116, 4, 75,
87, 13, 62,
140, 42, 81,
73, 54, 74,
83, 68, 40,
67, 2, 120,
75, 38, 77,
107, 13, 55,
87, 31, 36,
70, 20, 72,
81, 90, 85,
88, 28, 15,
87, 20, -10,
141, 31, 53,
97, 42, 17,
86, 7, 14,
115, 16, 91,
75, 16, 61,
138, 26, -5,
90, 18, 24,
88, 36, 35,
87, 4, 64,
100, 42, 63,
111, 19, 81,
88, 29, 44,
82, 38, 73,
106, 13, 89,
97, 11, 89,
138, 69, 72,
118, 36, 133,
88, 35, 42,
107, 19, 49,
91, 3, 96,
72, 17, 51,
95, 10, 72,
99, 68, 86,
90, 41, 53,
60, 62, 37,
106, 50, 62,
72, -37, 112,
125, 39, 120,
70, -53, 38,
129, 35, 121,
116, 55, 49,
58, 49, 51,
102, -22, 61,
127, 10, 47,
53, -6, 111,
94, 27, 54,
90, 4, 49,
95, 5, 39,
83, 25, 82,
81, 51, 86,
108, 16, 60,
129, 8, 54,
78, 45, 55,
77, 34, 51,
129, 30, 32,
125, -5, 90,
113, 12, 75,
39, 6, 66,
78, -35, 45,
119, 45, 130,
103, 40, 46,
106, 36, 55,
112, 4, 56,
131, 2, 69,
130, 23, 60,
90, 1, 84,
59, 26, 79,
69, 52, 57,
113, 46, 45,
108, -10, 68,
97, 90, 104,
82, 26, 36,
95, -6, -2,
77, 4, 82,
104, 19, 17,
128, 51, 38,
135, 33, 52,
55, -6, 33,
137, 68, 61,
53, 20, 48,
74, 74, 17,
90, 23, 22,
97, 28, 35,
118, 49, 117,
120, -7, 78,
77, -6, 78,
103, 36, 38,
105, 19, 51,
128, 12, 76,
84, 47, 131,
86, 40, 55,
45, 38, 22,
115, 67, 48,
119, 1, 52,
64, 5, 54,
107, 15, 15,
164, -32, 31,
71, 56, 89,
106, 30, 67,
95, 10, 100,
77, 41, 138,
120, 39, 50,
98, 9, 14,
114, 62, 116,
137, -9, 27,
123, 59, 49,
102, 57, 84,
38, -2, 2,
118, 24, 20,
90, 39, 57,
105, 18, 35,
88, 27, 49,
102, 1, 61,
118, 23, 135,
103, 19, 43,
71, 16, 101,
71, 91, 67,
75, -12, 66,
99, 26, 76,
73, 30, 4,
60, 10, 75,
98, 43, 27,
83, 11, 69,
53, -9, 96,
82, 14, 94,
74, 22, 53,
71, 64, 52,
38, 43, 118,
136, 6, 74,
28, 63, 33,
116, 59, 72,
98, -18, 57,
109, 28, 23,
124, 40, 93,
103, 30, 123,
94, 1, 122,
93, 27, 26,
61, -4, 57,
155, 44, 54,
75, 32, 71,
83, -13, 97,
95, -10, 27,
113, 23, 77,
106, 12, 40,
64, -2, 66,
152, -11, 99,
100, 46, 45,
123, 16, 107,
70, 24, 51,
123, -3, 86,
134, 26, 68,
98, 3, 79,
134, 24, 69,
96, 53, 54,
69, 55, 81,
133, 26, 78,
115, 23, 62,
116, 16, 38,
120, 58, 61,
62, 41, 68,
77, -2, 61,
125, 13, 51,
49, -35, 12,
132, 51, 64,
62, 42, 104,
95, -15, 20,
78, 28, 87,
75, 0, 16,
120, 25, 104,
93, 34, 93,
119, 40, 35,
96, 25, 23,
64, 5, 5,
85, 56, 119,
118, 60, 59,
102, 22, 40,
111, 19, 68,
126, 33, 34,
133, 25, 103,
132, 26, 18,
114, 61, 63,
100, 5, 71,
82, 16, 44,
108, 13, 11,
111, 74, 50,
94, -2, 100,
127, 28, 67,
54, 56, 91,
53, 28, 54,
108, 52, 28,
62, 27, 80,
41, 6, 15,
121, 20, 45,
83, 71, 41,
128, 35, 79,
82, 93, 108,
71, 26, 39,
110, 1, 102,
119, 37, 59,
78, -46, 93,
46, -19, 20,
109, 4, 90,
109, -19, 78,
96, 45, 117,
90, -14, 66,
89, 33, 124,
75, 32, 19,
140, 20, 31,
113, 15, 66,
119, 26, 84,
135, 24, 69,
113, 34, 55,
158, 36, 43,
81, 25, 114,
71, -13, -6,
70, 56, 73,
120, 51, 54,
73, -51, 5,
136, 44, 28,
90, 51, 48,
142, 44, 39,
77, 63, 112,
86, -4, 110,
100, 70, 55,
113, -11, 54,
125, 43, 135,
104, 16, 89,
93, 32, 68,
117, 84, 139,
119, 23, 57,
83, -6, 10,
94, 17, 45,
105, 35, 71,
76, 29, 57,
106, 20, -9,
93, 51, 56,
92, 43, 119,
70, -6, 39,
95, 32, 61,
125, 5, 19,
75, 2, 27,
79, 52, 59,
91, 49, 63,
73, 71, 82,
91, 24, 37,
32, -4, 52,
98, 42, -29,
132, 39, -8,
117, 36, -16,
88, 9, 16,
127, 4, 64,
71, 22, 59,
85, -25, 43,
51, 16, 71,
86, 26, 77,
96, 38, 93,
162, 48, 69,
90, 47, 62,
108, 37, 43,
70, 42, 33,
101, 48, 94,
107, 34, 68,
88, 67, 137,
93, -9, 69,
94, 0, 66,
125, 13, 60,
111, 61, 57,
117, 32, 89,
130, 18, 82,
97, 4, 99,
85, 9, 44,
122, 67, 110,
74, 23, 85,
92, 45, 52,
106, 17, 34,
116, 37, 85,
99, 48, 82,
49, 19, 32,
90, 44, 71,
99, 33, 53,
87, 47, 20,
84, 7, 64,
76, 18, 74,
132, 39, 97,
110, 27, 74,
76, 33, 46,
104, 28, 83,
81, 49, 13,
83, 50, 38,
125, 25, 78,
55, 10, 37,
73, 23, 28,
74, 39, 88,
109, 45, 32,
93, 10, 17,
144, 18, 84,
77, 48, 45,
119, 21, 42,
108, 47, 45,
102, -13, 62,
93, 33, -17,
100, 38, 107,
104, 18, 52,
79, 6, 50,
116, 29, 51,
64, 46, 78,
78, 33, 15,
78, 31, 53,
93, 37, 118,
117, -38, 39,
104, -9, 80,
86, -1, 31,
132, 51, 48,
66, 11, 37,
90, 28, 66,
130, 26, 39,
72, 19, 50,
88, 39, 90,
87, 64, 54,
78, 27, 106,
89, 11, 108,
57, -8, 52,
59, 1, 52,
108, 71, 89,
76, -18, 23,
114, 35, 120,
121, 51, 105,
80, 42, 77,
95, 2, 28,
60, 32, 96,
106, 69, 39,
72, 44, 74,
108, 36, 64,
62, 29, 60,
98, 21, 78,
99, 53, 34,
110, 56, 75,
129, 58, 59,
96, 7, 66,
79, 38, 91,
84, 14, 64,
101, 64, 83,
87, 36, 75,
91, -14, 25,
121, 8, 46,
116, 98, 78,
80, -37, 32,
68, 26, 56,
53, 25, 68,
78, 35, 74,
77, 61, 97,
97, 29, 81,
115, 90, 93,
117, -1, 106,
118, 28, 64,
74, 50, 61,
106, 19, 2,
67, 47, -21,
154, 45, 85,
112, 8, 35,
94, 21, 47,
103, -16, 15,
105, 32, 36,
82, 25, 77,
110, -6, 102,
117, 42, 72,
122, 51, 37,
76, 16, 25,
103, 43, 39,
147, 38, 98,
94, 2, 48,
112, -10, 109,
141, 30, 85,
82, 23, 94,
133, 22, 42,
89, 57, 54,
84, 62, 58,
118, 39, 74,
88, 50, 125,
103, 8, 47,
97, 34, 79,
52, 2, 116,
96, 41, 66,
93, 47, 93,
100, 7, 79,
111, 27, 67,
83, 25, 67,
116, 9, 72,
84, 24, 128,
142, 9, 31,
94, 6, 39,
85, -11, 23,
52, -30, 31,
148, 14, 66,
99, -3, 68,
110, 18, 67,
108, 12, 40,
58, -1, 35,
126, 55, 74,
44, 9, 33,
109, 26, 123,
121, 42, 70,
54, 22, 56,
121, 2, 14,
123, 7, 78,
100, 15, 75,
106, -30, 55,
117, 44, 33,
137, 35, 64,
99, 37, 79,
108, 30, 13,
67, 46, 58,
111, 20, 73,
124, -10, 22,
105, 45, 65,
106, 23, 55,
143, 46, 78,
119, 23, 125,
102, 24, 68,
84, 36, 84,
85, 5, 34,
115, 46, 55,
87, 36, 41,
116, 34, 30,
95, -11, 40,
78, -2, 27,
112, 15, 100,
99, 53, 45,
133, 14, 22,
91, 31, 102,
127, 69, 75,
64, 23, 60,
93, 4, 111,
99, 46, 63,
59, 0, 47,
87, 44, 8,
99, 41, 125,
117, 29, 42,
60, 36, 24,
93, 34, 99,
70, 19, 44,
108, -14, 98,
99, 7, 13,
57, -2, 128,
141, 20, 101,
105, 9, 57,
131, 52, 76,
106, -6, 50,
110, 43, 115,
127, 42, 39,
96, 39, 44,
126, 18, 66,
103, 44, 60,
121, 43, 74,
103, 32, 55,
105, 24, 47,
107, 20, 63,
81, -1, 75,
45, -5, 35,
120, 25, 68,
10, 34, 47,
77, -2, 43,
93, 80, 84,
107, 62, 38,
99, 11, 63,
98, -4, 38,
114, 12, 17,
56, 37, 53,
101, 21, 55,
99, 90, 85,
111, 12, 91,
90, 96, 29,
93, 40, 5,
132, 18, 63,
93, 8, 99,
125, 12, 70,
130, -19, 53,
35, 0, 49,
129, 19, 70,
112, 7, 66,
114, -29, 28,
111, 41, 108,
92, -20, 34,
132, 70, 116,
71, -7, 49,
96, 49, 82,
79, -20, 16,
64, 13, 82,
85, 19, 126,
71, 33, 72,
126, 13, 37,
128, 21, 25,
125, 29, 87,
39, 64, 81,
63, 46, 77,
75, 51, 34,
103, 39, 52,
103, 4, 68,
89, 29, 94,
92, -15, 39,
78, 27, 50,
119, 35, 46,
129, 53, 17,
119, 70, 28,
151, 18, 133,
95, -35, 83,
72, -22, 86,
81, 32, 48,
117, 19, 70,
98, -24, 7,
157, 39, 81,
117, -8, 21,
143, 60, 72,
108, 58, 55,
79, 24, 106,
77, 59, 39,
153, 45, 38,
79, 42, 77,
56, -4, 63,
113, 21, 83,
66, 24, 34,
159, 46, 57,
128, 24, 70,
128, 58, 84,
98, -13, 51,
137, 32, 57,
159, 64, 85,
76, 14, 46,
81, -1, 111,
64, 12, 59,
122, 44, 58,
108, 11, 41,
110, 35, 113,
72, -10, 45,
127, 56, 56,
138, 19, 79,
86, 13, 90,
109, -3, 36,
103, 7, 117,
60, -5, 28,
50, 47, 72,
91, 72, 33,
135, -18, 85,
101, 20, 35,
146, 48, 95,
105, 39, 32,
109, 22, 47,
91, 23, 78,
119, 26, 61,
110, -39, 61,
18, 30, 54,
104, 10, 60,
76, 22, 118,
73, 5, 63,
68, 31, 6,
30, 10, 84,
91, 24, 9,
118, 27, 91,
93, 79, 90,
95, 58, 50,
89, 57, 56,
88, 41, 67,
156, 15, 49,
106, 12, -7,
111, 76, 76,
103, 32, 74,
105, 64, 84,
113, 27, 54,
78, -2, 48,
56, 12, 24,
100, 25, 86,
137, 56, 58,
118, 66, 66,
73, 38, 50,
90, 84, 25,
83, 0, 86,
69, 37, 80,
125, 35, 39,
104, 87, 61,
86, 17, 66,
50, -21, 57,
120, 32, 68,
102, -18, 42,
138, 48, 129,
88, 41, 36,
100, 1, 26,
94, 51, 63,
88, 46, 21,
107, 21, 29,
161, 86, 97,
75, -12, 22,
105, 47, 109,
88, 39, 95,
101, 58, 78,
72, -226, 50,
99, 44, 40,
62, 45, 54,
140, 48, 70,
102, 8, 18,
102, 89, 20,
92, 67, 37,
85, 4, 97,
122, 42, 49,
42, 24, 62,
138, 26, 77,
94, 33, 46,
101, -17, 91,
63, -8, 30,
81, 42, 53,
124, 56, 65,
148, 31, 46,
62, 18, 52,
101, 13, 61,
88, 39, 75,
59, -20, 43,
79, 20, 101,
111, 34, 6,
85, 59, 36,
90, 32, -8,
66, -41, 85,
143, 25, 86,
57, 29, 30,
131, 66, 64,
118, 17, 101,
133, 7, 45,
118, 7, 53,
73, 25, 64,
120, 57, 144,
109, 4, 79,
121, 29, 88,
102, 3, 30,
67, 32, 79,
96, 16, 41,
72, 46, 104,
149, 44, 129,
79, -42, 42,
92, 28, 90,
71, -15, 84,
107, 13, 52,
108, 59, 12,
58, 35, 55,
116, 63, 98,
71, 6, 86,
109, 33, -3,
133, 35, 67,
80, 51, 42,
78, 19, 50,
64, 23, 55,
146, -7, 97,
80, -14, 16,
99, 18, 45,
75, 10, 55,
59, -14, 104,
99, 57, 75,
85, 16, 13,
102, 61, 46,
127, 45, 31,
120, 74, 107,
105, 10, 54,
88, 61, 112,
111, 40, 5,
71, 20, 40,
96, 19, 92,
70, 54, 66,
125, 60, 104,
102, 18, 76,
85, 10, 43,
94, 17, 91,
130, 61, 38,
85, 52, 90,
147, 5, 55,
85, -10, 30,
73, 68, 70,
64, 42, 81,
87, -13, 65,
86, 25, 41,
125, 37, -3,
140, 38, -1,
128, 69, 49,
130, 42, 72,
107, 33, 55,
63, -2, 37,
90, 66, 50,
74, 52, 58,
63, 33, 55,
108, 19, 42,
79, 52, 61,
90, 4, 80,
105, 14, 56,
93, 20, 35,
39, -35, 74,
137, 21, 0,
128, 27, 59,
105, 37, 110,
100, -10, 120,
97, 34, 134,
52, 25, 99,
82, 22, 61,
114, 16, 76,
96, -22, 132,
149, 21, 93,
130, 44, 30,
113, -15, 62,
81, 48, 65,
101, 24, 55,
82, 32, 78,
73, -2, 63,
80, 28, 19,
83, 30, 57,
105, 48, 55,
71, 25, 95,
66, 55, 59,
120, 8, 67,
117, 27, 49,
124, 23, 84,
51, -2, 108,
123, -7, 56,
102, -25, 53,
104, 68, 55,
94, 31, 39,
77, -6, 52,
84, 30, 39,
56, 65, 96,
105, 43, 110,
49, 23, 41,
106, 28, 19,
67, 42, 92,
96, 64, 74,
148, 40, 57,
60, 12, 13,
106, 35, 76,
95, 9, 81,
58, 43, 94,
111, 28, 43,
143, -5, 90,
116, -8, 62,
110, 31, 55,
110, 48, 26,
123, 14, 12,
88, 28, 74,
82, 21, 119,
82, 235, 56,
52, 2, 73,
100, 58, 28,
99, 27, 102,
125, 38, 64,
86, 39, 28,
117, 12, 2,
96, 20, 89,
74, 15, 75,
97, -14, 58,
44, -21, 62,
68, 31, 92,
58, 20, 52,
95, 38, 61,
127, 31, 55,
102, -22, 97,
127, 32, -22,
81, -3, 82,
138, 42, 86,
153, 80, 53,
115, 45, 74,
103, 33, 27,
131, -13, 22,
72, 59, 10,
150, 6, 35,
79, 30, 65,
113, 9, 91,
146, 42, 95,
114, 11, 54,
102, 59, 75,
63, -5, 30,
24, -4, 14,
72, 29, 42,
103, -18, 91,
34, 2, 44,
113, 67, 74,
95, 12, 79,
108, 48, 34,
102, 12, 55,
99, 63, 65,
98, 38, 93,
67, 8, 37,
142, 99, 36,
75, 45, 44,
116, 29, 36,
59, 22, 77,
96, 24, 8,
114, 53, 81,
97, 34, 85,
166, 82, 106,
107, 55, 48,
71, 16, 25,
103, 57, 96,
94, 52, 55,
60, 19, 15,
114, 19, 70,
117, 3, 130,
48, 11, 24,
106, 15, 70,
40, 30, 88,
74, 16, 64,
125, 36, -10,
100, 45, 56,
77, 38, 62,
122, -19, 62,
58, 91, 95,
70, 53, 28,
95, 58, 120,
94, 16, 57,
103, 78, 63,
91, 8, 51,
63, -5, 23,
127, 62, 60,
119, 77, 57,
135, -11, 48,
73, 18, 53,
117, 21, 59,
58, 39, 53,
107, 52, 108,
139, 25, 117,
80, 41, 62,
118, 35, 98,
86, 37, 60,
100, 20, 34,
78, 4, 50,
106, 34, 66,
101, 24, 54,
85, 45, 52,
92, 49, 44,
55, 32, -14,
88, 31, 76,
140, 57, 41,
115, 44, 49,
97, 69, 84,
100, -17, 13,
91, 9, 75,
92, 47, 71,
90, 40, 73,
87, 6, 84,
117, -15, 70,
93, 15, 5,
89, 27, 48,
55, 2, 93,
73, -14, 81,
109, 9, 60,
61, 21, 25,
88, 19, 68,
84, 52, -17,
79, -2, 119,
86, 34, -7,
80, 10, 66,
82, 70, 85,
123, 74, 120,
92, 15, 27,
86, 15, 39,
127, 34, 44,
129, -11, 47,
101, 20, 46,
98, 31, 120,
100, 7, 38,
91, -10, 40,
91, 18, 53,
85, 9, 99,
168, 39, 12,
84, 39, 84,
106, 27, 43,
88, 48, 67,
107, 10, -2,
114, 30, 83,
85, 25, 51,
121, 22, 69,
108, 26, 49,
56, 46, 63,
68, 10, 48,
120, 61, 67,
81, 18, 55,
117, 108, 54,
96, -4, 117,
125, 28, 113,
103, -1, 125,
147, 12, 78,
145, 41, 106,
96, 7, 62,
101, 0, 24,
130, 13, 31,
116, 42, 80,
155, 22, 43,
82, 16, 77,
63, 24, 71,
86, -4, 45,
117, 10, 91,
125, 35, 120,
125, 28, 61,
75, 6, 68,
40, -4, 75,
55, -21, 96,
72, 19, 9,
134, 22, 83,
119, 61, 22,
147, 64, 127,
123, -19, 16,
91, 23, 27,
73, 12, 60,
73, 42, 47,
72, 17, 50,
96, 37, 7,
75, 37, 50,
104, -1, 60,
99, -6, 51,
45, 10, 41,
80, 12, 58,
127, 28, 27,
111, 26, 55,
76, 36, 74,
124, 30, 36,
71, 38, 87,
113, 84, 65,
111, 16, 58,
84, 20, 30,
90, 28, 109,
118, 22, 59,
71, 19, 82,
104, -14, 55,
91, 17, 66,
88, 32, 121,
100, 67, 27,
36, -27, 17,
56, -5, 43,
71, 10, 62,
51, 55, 69,
119, -12, 119,
42, 39, 44,
77, 56, 20,
100, 20, 54,
128, 82, 78,
82, 29, 44,
113, 4, 78,
60, 8, 62,
153, 52, 119,
134, 41, 57,
76, 25, 39,
177, 1, 88,
25, 50, 75,
99, 34, 72,
105, 59, 48,
88, 32, 107,
111, 18, 81,
101, 46, 83,
127, 31, 76,
87, 7, 35,
85, 23, 32,
94, 73, 126,
89, 57, 57,
74, -19, 52,
121, 34, 47,
77, 33, 29,
110, -12, 23,
101, 34, -11,
83, 72, 85,
81, 20, 49,
131, -39, 33,
118, 55, 44,
74, 5, 57,
127, 9, 123,
106, 65, 19,
104, 53, 121,
49, 4, 63,
100, 89, 65,
78, 43, 27,
80, 47, 52,
109, 39, 67,
115, 52, 81,
129, 32, 56,
32, 22, 59,
143, 8, 85,
88, 57, 32,
90, -4, 35,
79, 15, 98,
73, -11, 53,
96, 67, 135,
105, 24, 90,
97, -26, 80,
84, 17, 20,
111, 36, 56,
88, 39, 64,
168, 6, 86,
82, 46, 78,
77, -3, 20,
115, 79, 33,
114, 73, 95,
143, -6, -6,
77, 12, 40,
101, 25, 73,
63, 36, 35,
105, 48, 59,
110, 52, 52,
109, 43, 83,
83, 65, 106,
144, -12, 10,
107, 51, 93,
66, 26, 42,
102, 56, 35,
94, 15, 103,
102, 25, 72,
94, 27, 93,
88, 27, 51,
86, 62, 0,
28, 5, 83,
41, 12, 71,
176, 42, 93,
143, 42, 71,
94, 51, 67,
83, 46, 84,
119, 60, 47,
32, 42, 42,
76, 64, 67,
97, 27, 50,
97, 20, 29,
99, 43, 29,
88, 56, 53,
69, 13, 60,
62, 49, 75,
134, 26, 76,
117, -16, 71,
46, 37, 37,
77, 63, 44,
119, 39, 65,
109, -13, 40,
68, 51, 29,
107, 12, 60,
100, 67, 89,
117, -5, 64,
73, 35, 74,
109, 56, 86,
104, 38, 33,
80, 45, 81,
107, 52, 30,
52, -34, 65,
148, 41, 77,
127, 30, 57,
85, 37, 50,
89, 10, 35,
85, 59, 24,
76, 30, 44,
76, 76, 72,
120, 3, 73,
106, 30, 101,
132, 45, 69,
114, 5, 98,
93, 39, 83,
110, 85, 93,
98, 11, 73,
117, -35, 49,
81, 47, 36,
65, 37, 61,
130, 19, 112,
82, 13, 19,
95, 9, 88,
97, 12, 81,
88, 95, 96,
114, 19, 28,
140, 22, 53,
69, 61, 89,
122, 24, 97,
61, 3, 22,
105, 2, 112,
93, -20, 82,
134, 78, 70,
113, -3, 29,
75, 32, 20,
116, -32, 42,
52, -15, 95,
134, 36, 23,
100, 3, 18,
110, 1, 80,
146, 28, 93,
146, 56, 58,
69, 50, 65,
96, -8, 54,
136, 11, 58,
115, 80, 90,
119, 56, 29,
104, 25, 35,
122, 1, 74,
104, 67, 38,
121, 61, 22,
98, 32, 64,
85, 18, 38,
72, -4, 76,
64, 8, 30,
99, 90, 46,
86, -3, 29,
74, 86, 52,
106, 41, 74,
100, 31, 83,
128, 42, 47,
130, 45, 38,
83, -10, 37,
105, 49, 112,
103, 24, 82,
119, 32, 56,
124, 54, 59,
113, 12, 55,
125, 13, 78,
78, 35, 58,
108, 18, 80,
104, 11, 74,
101, 71, 49,
107, 6, 5,
50, 11, 24,
124, 38, 40,
102, 54, 62,
72, -19, 68,
89, 7, 98,
127, 33, 78,
129, 70, 53,
77, 35, 64,
91, 11, 57,
85, 15, 41,
110, 44, 56,
82, 8, 48,
132, 21, 52,
116, 49, 61,
86, 21, 69,
72, 6, 19,
95, 19, 110,
98, 47, 137,
81, 49, 23,
88, 36, 36,
82, 25, 62,
96, -3, 80,
107, 26, 73,
138, -3, 70,
43, -25, 40,
60, 55, 114,
134, 65, 44,
132, 0, 82,
105, 23, 101,
136, 42, 38,
153, 23, 64,
78, 12, 26,
95, 45, 66,
106, 27, 47,
103, 36, 104,
97, -18, 77,
81, 31, 21,
102, 42, 83,
113, 43, 98,
77, 72, 65,
96, -49, 51,
111, 50, 60,
56, 37, 50,
101, -4, 60,
75, 28, 92,
79, 50, 86,
116, 28, 55,
85, 20, 20,
135, 20, 63,
110, 61, 64,
71, 34, 58,
80, 6, 34,
88, -5, 12,
120, 50, 47,
90, -76, 49,
111, 35, 36,
114, 20, 39,
71, -18, 73,
110, -52, 3,
127, 43, 74,
119, 33, 86,
103, 41, 69,
100, 31, 92,
127, 41, 22,
49, -20, 83,
85, 27, 30,
116, 22, 81,
138, 18, 44,
38, 95, 52,
64, 26, 77,
119, 47, 116,
86, 23, 57,
109, 55, 87,
47, -11, 44,
107, 21, 33,
90, 42, 38,
85, -11, 45,
90, 24, 51,
118, 13, 18,
54, -18, 52,
131, 47, 56,
110, 28, 94,
89, 53, 68,
75, 39, 6,
96, -11, 53,
105, 5, 106,
86, 58, 69,
92, -5, 18,
80, 48, 58,
85, 27, 33,
84, 40, 49,
116, 34, 44,
110, 54, 51,
79, 48, 76,
142, -35, 70,
118, 44, 67,
72, 9, 128,
77, 68, 70,
55, 39, 111,
105, 6, 96,
90, 28, 80,
65, 9, 25,
71, 16, 16,
49, 93, 85,
99, 47, 55,
91, 50, 78,
101, -5, 19,
113, 60, 58,
80, 5, 69,
53, 42, 51,
106, 48, 117,
91, 8, 44,
69, 71, 61,
108, -12, 95,
94, 3, 91,
115, 8, 115,
111, 60, 106,
99, -11, 61,
104, 50, 65,
73, 51, 39,
87, 15, 21,
73, 27, 80,
81, 16, 33,
49, 7, 58,
114, 20, 90,
118, 14, 37,
84, 74, 55,
76, 23, 57,
141, 75, 90,
125, 29, 87,
96, 7, 56,
66, -2, 71,
119, 0, 80,
72, 28, 74,
67, 9, 39,
120, 79, 66,
107, -1, 69,
95, 5, 56,
105, 11, 75,
86, 33, 84,
156, -14, 47,
79, -13, 12,
92, 7, 91,
81, -2, 69,
102, 6, 129,
111, 27, 46,
113, 62, 87,
71, 5, 112,
103, -33, 16,
95, 11, 88,
102, 22, 43,
70, -21, 74,
139, 44, 45,
87, 2, 80,
58, 31, 74,
74, 59, 108,
87, 14, 48,
100, 16, 20,
82, 8, 59,
158, 35, 56,
102, 14, 61,
125, 37, 107,
74, 58, 64,
103, 22, 96,
128, 22, 47,
119, 11, 64,
72, 24, 59,
129, 33, 55,
72, 8, 54,
81, -16, 38,
124, -23, 41,
107, 17, 75,
126, 61, 63,
86, 3, 88,
96, 28, 27,
161, 45, 4,
61, -13, 50,
53, -8, 32,
140, 7, 28,
132, 15, 98,
74, -14, 115,
46, 16, 65,
90, -27, 47,
110, 27, 97,
80, 22, 49,
97, 43, 103,
87, 5, 77,
107, 44, 70,
79, 48, 93,
90, 26, 59,
149, 68, 56,
67, 24, 71,
109, 44, 68,
115, 19, 63,
107, 39, 71,
101, 11, 40,
40, 52, 57,
121, 2, 93,
64, 4, 39,
118, 5, 138,
125, 24, 69,
88, -26, 48,
93, 48, 66,
87, 46, 50,
126, -11, 77,
82, 46, 50,
88, -9, 28,
87, 8, 23,
37, -22, 35,
119, 59, 54,
77, 13, 67,
72, 70, 84,
127, 26, 111,
83, 16, 93,
104, 32, -3,
108, -9, 70,
80, 3, 17,
143, 19, 57,
99, 26, 8,
97, 18, 102,
155, 67, 130,
124, 4, 90,
117, 51, 78,
113, 43, 48,
114, 41, 133,
94, 61, 42,
114, -8, 77,
113, 64, 53,
109, 55, 11,
82, 29, 70,
90, 43, 93,
83, 17, 65,
78, 51, 64,
81, 17, 80,
89, 60, 108,
123, 5, 70,
99, 5, 109,
124, 44, 66,
86, 46, 121,
75, 39, 35,
113, 18, 109,
58, 9, 71,
110, 15, 63,
94, 61, 66,
98, 18, 37,
70, 52, 38,
106, 78, 29,
76, 37, 27,
33, -20, 31,
70, 15, 7,
129, 62, 63,
112, 20, 135,
94, 17, 65,
60, 20, 62,
85, 0, 85,
38, 55, 32,
101, -22, 116,
137, 53, 106,
81, 66, 88,
102, 31, 57,
86, -38, 33,
80, 20, 49,
107, 55, 73,
91, 76, 36,
81, 8, 53,
163, 33, 79,
79, 41, 3,
69, 7, 55,
111, 48, 81,
9, 33, -13,
114, 34, 102,
96, 12, -7,
63, 30, 58,
139, 44, 75,
76, 39, 20,
26, 16, 55,
65, 35, 24,
117, 24, 43,
99, 52, 130,
88, -17, 49,
66, 38, 61,
57, 0, 63,
51, 12, 69,
75, 71, 29,
120, -11, 66,
107, 6, 24,
101, 28, 57,
108, 1, 18,
104, 60, 47,
69, 11, 73,
71, 36, 68,
64, 54, 92,
36, 6, 28,
120, 39, 95,
66, 24, 32,
100, -22, 58,
129, -30, 50,
118, 94, 108,
97, 38, 12,
95, 27, 50,
71, -233, 56,
65, 20, 71,
124, 47, 28,
109, 65, 86,
37, 36, 36,
108, 45, 71,
81, -6, 52,
99, -16, 73,
104, 46, 70,
68, 38, 11,
73, -32, 61,
77, 2, 72,
109, 8, 128,
125, 19, 74,
112, 12, 48,
42, 10, 94,
160, 8, 94,
81, 29, 47,
88, -14, 53,
113, 49, 74,
101, 56, 49,
62, 4, 104,
114, 65, 66,
103, 16, 57,
86, 48, 57,
123, 41, 88,
147, -11, 69,
123, 34, 5,
79, 5, 32,
107, 24, 35,
107, 1, 18,
128, 7, 31,
101, 58, 33,
87, 47, 69,
53, 40, 50,
110, 61, 96,
95, 27, 77,
95, 51, 53,
126, -30, 66,
110, 14, 82,
133, 45, 66,
73, 38, 58,
103, 56, 70,
68, 0, 61,
85, 32, 92,
107, 11, 34,
115, -6, 133,
113, 53, 59,
134, -5, 60,
147, 35, 59,
67, 19, 57,
88, 16, 72,
91, 31, 76,
88, 22, 102,
60, 40, 50,
90, 43, 99,
95, 14, 47,
97, 34, 63,
115, 68, 48,
139, 56, 57,
88, 40, 22,
101, 32, 79,
79, 25, 59,
123, 83, 34,
86, 20, 115,
95, 30, 79,
124, 3, 74,
91, 68, 81,
68, 16, 86,
92, -3, 96,
86, -19, 50,
103, 20, 45,
121, 22, 20,
162, 40, 92,
118, 37, 101,
85, -7, 95,
73, -19, 82,
78, 13, 73,
110, 49, 39,
93, 38, 89,
76, 32, 82,
120, 54, 66,
80, 44, 115,
105, 26, 87,
119, -23, 56,
102, 71, 32,
78, 9, 75,
85, 2, 106,
84, 69, 57,
113, 15, 76,
60, -27, 56,
136, 54, 91,
90, 3, 56,
106, 59, 44,
90, 13, 34,
95, 21, 50,
66, 29, 82,
120, 46, 62,
82, 2, 13,
93, 10, 27,
124, 2, 60,
93, 51, 71,
90, 20, 46,
83, 52, 61,
98, 16, 79,
55, -12, 27,
144, 10, 68,
127, 61, 80,
72, -23, 75,
18, 47, 72,
95, -32, 69,
92, 22, 79,
117, 73, 44,
78, 58, 47,
57, 59, 53,
112, 34, 12,
118, 57, 54,
89, 5, 83,
154, -28, 49,
77, 62, 35,
80, 2, 53,
152, 51, 100,
115, -24, 38,
112, 47, 74,
98, 0, 79,
87, 40, 22,
80, -2, 70,
117, 62, 37,
88, 7, 43,
106, 60, 44,
103, 46, 90,
118, -1, 39,
123, 76, 57,
130, 19, 45,
85, 33, 56,
143, 53, 62,
102, 38, 28,
65, 27, 22,
95, 45, 52,
74, 4, 84,
102, 15, 34,
86, 43, 46,
91, 81, 55,
79, -24, 43,
72, 26, 54,
118, 26, 35,
100, 71, 97,
123, 57, 30,
94, 32, 81,
137, -3, 7,
77, 24, 20,
77, -1, 63,
81, 7, 90,
104, 21, 66,
111, 25, 59,
146, 22, 61,
84, -16, 13,
136, -12, 76,
123, 105, 32,
88, 18, 73,
102, 65, 15,
127, 33, 115,
68, 37, 71,
104, 5, 76,
125, 69, 66,
125, 26, 5,
74, 53, 52,
115, 22, 51,
119, 44, 36,
82, 20, 95,
107, 97, 87,
94, 1, 36,
49, 8, 27,
86, -2, 79,
67, -9, 95,
65, 35, 46,
91, 19, 35,
74, 41, 44,
105, 7, 73,
110, 12, 41,
93, 42, 54,
100, 36, 70,
87, 83, 36,
88, 41, 63,
89, 2, 21,
132, 44, 104,
120, 60, 16,
103, 39, 81,
115, -21, 50,
83, 59, 71,
102, -8, 102,
98, 37, 73,
110, 42, 2,
117, -10, 82,
137, 20, 85,
85, 20, 94,
124, 66, 28,
77, 2, 26,
73, 37, 7,
103, -14, 59,
91, 2, 72,
21, 32, 37,
121, -5, 23,
100, 59, -8,
57, 21, 140,
108, 254, 52,
112, 59, 63,
63, 17, 28,
96, -11, 55,
122, 20, 32,
142, 5, 69,
121, -8, 115,
126, -27, 43,
80, 60, 97,
113, -6, 67,
99, 30, 97,
104, -23, 62,
79, 33, 70,
92, 73, 62,
63, 21, 99,
98, 76, 29,
105, -7, 32,
100, 1, 44,
83, 73, 23,
103, -21, 61,
133, 29, 94,
92, 28, 59,
144, 32, 54,
49, 0, 95,
104, 34, 25,
105, 1, 108,
103, 21, 48,
172, 78, 101,
74, -29, 45,
83, 36, 33,
111, 44, 86,
95, 23, 41,
117, 24, 65,
72, 75, 34,
115, 39, 50,
115, 25, 51,
122, 48, 70,
115, 25, 54,
124, 80, 59,
145, 53, 113,
89, 22, 73,
115, 42, 85,
100, 43, 88,
103, 12, 134,
111, 17, 85,
73, 18, 42,
92, 44, 89,
91, 33, 13,
29, -5, 50,
143, 39, 22,
64, 39, 47,
104, 64, 111,
75, 4, 66,
112, 21, 38,
85, 3, 76,
143, 24, 47,
89, -2, 25,
127, -13, 58,
141, -9, 63,
66, -24, 42,
73, 17, 123,
71, 1, 12,
80, 55, 60,
106, 47, 72,
116, 11, 47,
108, 16, 68,
81, 56, 30,
88, 38, 116,
88, 4, 59,
94, 40, 85,
97, 20, 66,
123, 42, 72,
80, 8, 47,
63, 18, -3,
95, 51, 48,
102, 25, 36,
77, 43, 117,
62, 8, 85,
99, 54, 75,
126, 57, 25,
70, -31, 34,
110, 72, 86,
111, -35, 62,
113, -14, 28,
89, 36, 119,
72, 19, 99,
67, 0, 39,
149, 10, 53,
111, -33, 81,
74, 47, 54,
87, 14, 25,
100, 76, 103,
91, 19, 45,
97, 9, 51,
79, 79, 100,
151, 43, 33,
99, 41, 141,
92, 57, 22,
128, 16, 57,
112, -7, 23,
104, 25, 95,
83, -32, 9,
70, 41, 98,
52, -1, 51,
103, 30, 61,
112, 9, 15,
61, -12, 33,
104, 50, 61,
85, 61, 42,
118, 89, 102,
106, 69, 97,
111, -29, 2,
100, 33, 63,
78, -22, -3,
116, 61, 65,
53, 60, 66,
98, -250, 47,
111, 14, 69,
47, -16, 83,
86, -13, 64,
66, 25, 91,
76, 77, 65,
84, 13, -6,
89, 15, 83,
118, 18, 83,
43, 20, 16,
98, 66, 131,
103, 71, 2,
134, 23, 63,
82, 13, 42,
83, 51, 60,
59, 46, 19,
132, 77, 9,
71, 9, 73,
120, 48, 113,
107, -19, 52,
111, 19, 69,
80, 42, 40,
112, 4, 61,
91, -10, 12,
85, 32, 94,
122, -3, 40,
131, 22, 53,
132, 82, 123,
125, -10, 43,
128, 0, 35,
101, 37, 55,
120, 53, 9,
103, 51, 48,
79, -2, 66,
105, 51, 25,
96, -15, 16,
112, 1, 47,
107, 72, 84,
121, 49, 47,
108, -10, 77,
81, -43, 39,
69, 20, 54,
124, -1, 75,
128, -21, 80,
151, 58, 59,
54, 15, 33,
96, 10, 3,
74, 0, 79,
82, 49, 93,
94, 6, 100,
65, 29, 56,
87, 12, 52,
104, 44, 71,
116, -4, 89,
78, -30, 41,
88, 38, 69,
146, 31, 63,
120, 83, 106,
25, 10, 58,
67, -9, 55,
126, 40, 44,
147, 11, 90,
101, 51, 54,
100, 45, 0,
114, 3, 59,
87, 35, 25,
119, 45, 69,
101, 59, 63,
129, 3, 42,
95, 36, 77,
73, -5, 52,
108, 85, 47,
59, -12, 76,
75, 7, 96,
116, -13, 66,
85, 51, 16,
109, -7, 70,
81, -13, 54,
89, 2, 34,
73, 15, 44,
84, 10, 93,
93, 7, 107,
85, 69, 75,
114, 9, 33,
146, 81, 76,
80, -6, 55,
150, 33, 61,
96, 15, 82,
69, 29, 87,
84, -8, 50,
56, 22, 64,
116, 7, 44,
85, 3, 21,
115, 21, 58,
136, 50, 93,
109, -3, 52,
150, 79, 122,
84, 65, 37,
127, 69, 66,
64, -4, 35,
151, 18, 93,
99, -12, 72,
117, 106, 85,
86, -3, 1,
103, 45, 40,
128, 23, 32,
84, 58, 22,
88, -7, 49,
132, -14, 247,
55, 27, -5,
124, 34, 143,
150, 62, 8,
85, 25, 50,
91, 61, 24,
121, 5, 97,
101, 31, 65,
48, 19, 115,
107, -55, 74,
112, 79, 60,
88, 14, 52,
97, 56, 71,
96, 19, 39,
88, 33, 113,
82, 51, 53,
98, -4, 36,
122, 39, 123,
110, 24, 87,
102, 20, 68,
137, 42, 60,
88, 25, 47,
110, 69, 89,
60, 56, 30,
100, 40, 38,
136, 50, 47,
109, 15, 24,
105, 39, 56,
56, 7, 51,
108, 8, 38,
86, 0, 82,
84, 1, 27,
91, -14, 67,
85, 63, 41,
122, 44, 96,
99, 29, 89,
86, 55, 29,
38, 40, 101,
101, 40, 71,
73, 253, 42,
117, 42, 46,
68, 33, 58,
97, 67, 120,
82, 45, 48,
106, 17, 59,
114, 26, 70,
104, 38, 71,
112, 64, 75,
118, 24, 95,
75, 7, 36,
94, -33, 45,
85, -3, 51,
100, 44, 46,
96, 22, 43,
96, 89, 57,
93, 60, 103,
84, 28, 18,
100, 39, 56,
74, 19, 103,
97, 16, 34,
73, 15, 20,
67, -17, 67,
91, 42, 96,
77, 31, 69,
71, 47, 90,
115, 51, 103,
80, 46, 38,
118, 23, 82,
73, 25, 89,
106, 51, 160,
110, 67, 43,
111, 31, 62,
138, -7, 67,
124, 33, 43,
70, 36, 101,
166, 37, 65,
117, 50, 58,
100, 10, 34,
148, 51, 50,
118, 38, 61,
90, 40, 91,
134, 46, 70,
89, 52, 112,
110, 39, 64,
97, 43, 59,
116, 24, 43,
79, -14, 89,
54, -24, 70,
55, -17, 65,
77, 35, 90,
82, 9, 30,
116, 0, 79,
81, 7, 36,
70, 63, 52,
124, 28, 102,
75, 51, 97,
108, 28, 56,
36, -24, 24,
85, 17, 33,
52, -26, 51,
85, 41, 69,
126, 62, 66,
50, 1, 29,
132, 38, 78,
101, 61, 66,
107, 1, 25,
65, 16, 50,
135, 33, 64,
120, 40, 89,
111, 30, 82,
70, 7, 72,
98, 68, 87,
90, 25, 0,
114, 39, 47,
106, 30, 49,
136, 48, 33,
111, 19, 71,
130, 43, 92,
75, 15, 63,
61, 43, 69,
112, 49, -22,
127, 32, 61,
132, 64, 30,
96, 18, 72,
89, 46, 6,
110, 52, 46,
82, 12, 57,
134, 33, 51,
100, 32, 42,
111, 21, 122,
86, -1, 69,
137, 49, 133,
103, -9, 40,
165, 41, 54,
88, 60, 43,
54, -21, 35,
95, 28, 27,
113, 46, 29,
120, 70, 136,
70, -1, 26,
88, 12, 67,
94, 3, 71,
88, 31, 11,
121, 113, 102,
90, 0, 74,
110, 47, 29,
89, 38, 28,
87, 26, 52,
72, -19, 57,
77, -45, 48,
135, 40, 64,
82, 5, 60,
83, 34, 30,
56, 58, 49,
71, 49, 45,
104, 1, 48,
69, 23, 69,
64, 27, 44,
107, 29, 56,
85, 3, 66,
147, 27, 27,
69, -1, 102,
131, 15, 96,
83, -15, 18,
105, -9, 57,
142, -7, 62,
108, -32, 1,
20, 6, 58,
74, 0, 42,
98, 63, 91,
130, 26, 51,
107, 2, 72,
88, 6, 66,
112, 77, 79,
72, 15, 52,
75, 53, 48,
111, 5, 54,
96, 40, 55,
87, 5, 62,
107, 41, 61,
125, 8, 56,
136, 32, 20,
64, 44, 78,
87, 31, -29,
128, 35, 68,
105, 35, 56,
124, 3, 11,
46, -2, 62,
75, 21, 58,
78, 9, 96,
132, 21, 74,
89, 37, 128,
112, 46, 86,
54, -23, 39,
119, 24, 46,
106, 52, 69,
130, 16, 69,
92, 49, 82,
85, 45, 22,
97, 10, 66,
98, 58, 64,
60, 29, 46,
63, 44, 34,
93, 43, 27,
98, 53, 91,
136, 2, 56,
120, 21, 31,
95, 35, 81,
131, 5, 19,
124, 47, 58,
129, 11, 28,
105, 63, 83,
122, 27, 98,
38, 28, 56,
144, 30, 80,
82, 73, 45,
24, -13, 24,
63, 22, 50,
86, 24, 1,
142, 43, 84,
56, 67, 58,
94, 8, 44,
60, 20, 75,
61, 21, 53,
113, 47, 72,
68, 79, 57,
70, 41, 90,
111, 35, 77,
126, 96, 105,
123, 33, 28,
98, 14, 53,
71, 6, 55,
101, 0, 112,
118, 28, 21,
15, -5, 73,
108, 12, 26,
106, 18, 22,
82, 13, 83,
80, -38, 13,
129, 61, 79,
76, 12, 66,
61, 43, 109,
106, 41, 2,
96, 38, 102,
98, 11, 59,
107, 20, 31,
71, 18, 43,
64, 13, 23,
61, 25, 59,
115, 53, 57,
70, 75, 24,
63, 20, 61,
93, 13, 12,
78, -8, 41,
67, 60, 28,
118, 51, 61,
73, 3, 8,
114, 58, 95,
66, 7, 32,
116, 63, 58,
95, 44, 34,
127, 37, 44,
68, -29, 49,
74, 21, 110,
131, 36, 72,
69, -7, 44,
108, 59, 91,
106, -56, 26,
128, 45, 138,
100, -8, 60,
81, 29, 50,
150, -246, 31,
105, -9, 80,
98, 83, 109,
118, 16, 93,
100, -15, 35,
80, 43, 14,
121, 45, 18,
120, 71, 37,
83, 49, 54,
104, 28, 76,
111, 47, 67,
82, 2, 57,
102, 29, 102,
95, 52, 53,
133, -6, 130,
98, -2, 107,
95, 21, 57,
112, 46, 64,
115, 1, 98,
60, -10, 56,
99, 46, 58,
128, 46, 75,
108, 33, 50,
96, 39, 62,
68, 34, 65,
114, 68, 96,
106, 72, -47,
44, 23, 73,
76, -15, 23,
118, 66, 98,
75, 16, 49,
94, 52, 39,
110, -17, 84,
118, 111, 71,
65, 2, 52,
122, 46, 82,
74, 10, 99,
76, 30, 73,
90, -17, 59,
93, 59, 40,
108, 7, 51,
123, 21, 51,
90, -4, 69,
97, 20, 104,
121, 41, 119,
104, 32, 112,
105, 49, 33,
98, 37, 42,
140, 6, 91,
68, 26, 67,
115, 28, 99,
100, 11, 68,
39, -29, 68,
58, 61, 67,
107, -19, 66,
96, 56, 56,
66, 29, 49,
95, 8, 26,
52, 50, 44,
126, 39, 24,
87, 13, 85,
111, 33, 26,
73, 1, 64,
96, -1, 32,
79, 17, 89,
110, 41, 51,
118, 28, 58,
74, 44, 53,
62, 40, 30,
86, 64, 95,
107, 58, 83,
75, -34, 35,
86, 54, 63,
117, 44, 58,
86, 36, 79,
94, 59, 58,
116, 64, 50,
64, -6, 32,
113, -15, 94,
98, 46, 66,
116, 56, 36,
100, 16, 35,
138, 61, 70,
118, 12, 72,
74, -5, 3,
71, -12, 52,
109, 82, 56,
74, 28, 68,
70, 16, 49,
70, -2, 79,
82, 22, 108,
106, 46, 99,
71, 13, 97,
63, 33, 70,
119, 17, 33,
117, 15, 89,
96, 17, 88,
108, 38, 84,
121, 17, 64,
132, -6, 42,
40, -4, -5,
85, 64, 86,
96, 35, 49,
92, 23, 64,
48, 42, 86,
125, 30, 49,
123, 35, 76,
137, -7, 45,
87, 108, 60,
116, -13, 70,
73, 31, 49,
138, 31, 50,
107, 37, 90,
96, 16, 25,
106, -13, -2,
114, -9, 31,
87, 51, 83,
121, 50, 65,
117, 13, 40,
79, 50, -10,
69, 31, 29,
140, 39, 23,
98, 68, 30,
86, 45, 37,
133, 0, 82,
125, 23, 30,
113, 56, 62,
101, 62, 74,
160, 69, 35,
102, -6, 44,
55, 40, 29,
86, 9, 63,
71, 58, 31,
153, 31, 105,
42, 0, 10,
57, 53, 20,
110, 61, 19,
57, 10, 67,
107, -8, 55,
101, 24, 29,
80, 10, 77,
86, 47, 85,
95, 51, 57,
114, 6, 56,
93, 27, 70,
53, -3, 36,
58, 10, 71,
52, 29, 46,
103, 29, 81,
110, 69, 60,
156, 73, 102,
120, 49, 65,
100, 35, 38,
97, 24, 46,
87, -11, 27,
104, 73, 85,
160, 28, 94,
111, 40, 48,
72, 56, 108,
113, 11, 112,
128, 1, 84,
78, 17, 1,
143, 63, 105,
71, 16, 72,
71, 39, 65,
99, 52, 103,
83, 25, 57,
68, -10, 32,
70, -27, 80,
65, 31, 101,
107, 21, -25,
102, 33, 24,
67, 0, 18,
146, 64, 91,
92, 10, 56,
80, 41, 68,
91, 7, 42,
80, 34, 51,
93, 51, 55,
116, 52, 23,
47, 20, 83,
100, 32, 40,
118, 53, 52,
93, -1, 60,
111, 64, 25,
110, -24, 45,
89, 6, 88,
85, 2, 89,
127, 54, 39,
87, 22, 74,
132, 32, 90,
115, 43, 70,
88, 49, 41,
115, 21, 106,
44, 37, 87,
151, 7, 77,
75, -4, 60,
58, 15, 130,
122, 17, 101,
59, 50, 58,
129, -7, 29,
47, 16, 61,
73, 43, 72,
121, 8, 104,
64, -1, 82,
44, -20, 80,
107, 0, 50,
94, 38, 55,
134, 53, 89,
80, 48, 83,
115, 18, 18,
133, 41, 80,
108, 44, 58,
106, 52, 39,
127, 63, 55,
152, 5, 84,
35, -21, 42,
106, 9, 62,
92, 15, 97,
127, 39, 48,
99, 54, 73,
92, 15, 36,
126, -37, 69,
87, 18, 42,
79, 59, 20,
93, 33, 131,
68, 45, 92,
89, 22, 51,
107, 50, 38,
95, 22, 36,
119, 21, 55,
43, -45, 39,
85, 11, 48,
106, 22, 64,
106, 41, 52,
104, -7, 85,
71, 32, 62,
81, -11, 59,
114, 51, 47,
77, 15, 32,
86, 21, 54,
154, 13, 115,
97, 1, 57,
73, 58, 71,
96, 13, 40,
86, 11, 7,
104, 9, 56,
73, 16, 46,
69, -8, 5,
103, 66, 38,
117, 16, 60,
79, -8, 89,
96, 25, 47,
109, 49, 50,
40, 44, 161,
68, -12, 9,
88, 1, 59,
88, -4, 92,
95, 2, 60,
139, 25, 94,
62, 27, 59,
122, 21, 100,
135, 8, 72,
114, 255, 110,
61, 25, 46,
75, 38, 76,
107, 23, 60,
66, 2, 5,
112, 35, 51,
114, 63, 71,
73, 26, 41,
96, -3, 107,
85, 52, 49,
119, -6, 71,
119, 52, 90,
122, 12, 56,
124, 57, 58,
145, 74, 30,
112, 32, 37,
95, 33, 85,
108, -5, 64,
133, 41, 57,
41, 86, 69,
71, 49, 57,
92, 19, 141,
95, 45, 52,
130, 36, 62,
87, 35, 72,
70, 22, 67,
115, 47, 76,
127, 26, 53,
98, 30, 88,
114, 15, 79,
102, 21, 60,
83, 11, 11,
110, 30, 60,
88, 44, 49,
87, 10, 63,
79, 24, 91,
80, 36, 44,
85, 5, 71,
121, 21, 60,
93, 20, 84,
105, 34, 61,
80, 21, -5,
85, -6, 85,
115, 21, 70,
115, 14, 67,
87, 13, 86,
87, 31, 3,
111, -16, 68,
107, 32, 41,
94, 71, 43,
36, 43, 28,
100, 41, 68,
89, 37, 41,
113, 38, 60,
127, -26, 36,
93, 29, 66,
112, 53, 53,
100, 35, 53,
103, 5, 61,
104, 40, 38,
143, -4, 44,
105, 35, 48,
90, 52, 67,
46, 30, 68,
124, 98, 100,
96, 30, 62,
63, 17, 26,
123, 6, 130,
61, 4, 63,
125, 17, 121,
149, 37, 37,
122, 0, 84,
107, 43, 94,
103, -9, 55,
96, 10, 102,
123, 77, 58,
117, -17, 8,
109, 42, 32,
79, 7, 90,
22, -19, 41,
105, 50, 86,
69, 34, 13,
92, 21, 42,
85, 29, 48,
103, -16, 128,
67, 16, 90,
49, 3, 30,
100, 44, 92,
64, -50, 77,
126, 59, 92,
83, 16, 46,
118, -17, 16,
50, 47, 34,
118, 15, 78,
113, 5, 45,
89, 3, 17,
110, 12, 66,
61, 51, 91,
96, 26, 13,
120, 0, 32,
114, 6, 51,
112, 60, 66,
103, 19, 93,
101, 24, 97,
48, 22, 15,
73, -9, -25,
109, 19, 57,
138, 27, 53,
50, 18, 92,
115, 30, 66,
95, -5, 92,
56, 10, 41,
112, 40, 50,
73, -40, 44,
100, 1, 24,
114, 14, 52,
130, -209, 55,
87, 30, 43,
91, 80, 116,
97, 44, 63,
99, 45, 59,
122, 3, 73,
78, 42, 92,
70, 27, 104,
95, 49, 76,
69, 15, 67,
99, 44, 56,
37, 1, 46,
92, 53, 54,
100, 23, 30,
58, 57, 57,
83, 10, 57,
63, -4, 18,
96, 30, 76,
106, 45, 73,
102, -13, 56,
95, 36, 52,
129, 2, 28,
64, 19, 48,
74, 29, 73,
112, 41, 88,
40, 36, 77,
135, 18, 48,
130, 39, 8,
105, 6, 62,
83, 33, 85,
75, -4, 39,
88, -14, 44,
120, 1, 45,
129, 0, 96,
53, 30, 46,
91, 32, 94,
142, 40, 50,
107, -5, 39,
112, 31, 74,
85, 3, 53,
111, 7, 67,
66, 16, 71,
116, 31, 34,
64, 34, -6,
149, 12, 73,
116, 9, 80,
95, 36, 84,
97, -10, 24,
125, 60, 73,
111, 50, 133,
96, 27, 62,
138, 39, 56,
89, 46, 70,
101, 23, 97,
56, 9, 8,
177, -8, 50,
96, 35, 66,
94, 26, 52,
143, 56, 68,
124, 67, 75,
127, 28, 89,
63, 16, 55,
119, 46, 62,
83, 10, 74,
95, 42, 24,
106, -14, -9,
139, 48, 64,
96, 8, 53,
93, 56, 73,
73, -5, 35,
132, 2, 61,
103, 66, 100,
118, 28, 107,
118, 54, 56,
94, -19, 43,
85, 32, 40,
100, 57, 38,
154, -4, 55,
99, 8, 25,
105, 18, 85,
120, 47, 87,
118, 41, 60,
122, 37, 19,
133, 33, 97,
84, 17, 60,
46, 16, 25,
100, 38, 60,
66, 20, 80,
104, 51, 59,
125, -7, 27,
116, 28, 45,
94, 14, 43,
106, 26, 97,
68, 1, 75,
94, 1, 49,
113, 16, 36,
91, 26, 36,
117, 40, 77,
85, 6, 40,
29, 8, 27,
71, 55, 69,
133, 15, 28,
54, 18, 74,
91, -5, 7,
97, 38, 57,
60, 8, 89,
94, -28, 114,
90, 75, 60,
96, 52, 68,
140, 32, 97,
121, 15, 46,
121, 20, 55,
109, 87, 47,
114, 54, 91,
130, 26, 85,
94, 33, 12,
80, 72, 46,
54, -32, 61,
95, 32, 76,
121, 17, 50,
122, 16, 36,
35, -4, 72,
88, 2, 88,
22, 44, 63,
65, 68, 60,
87, 37, 69,
104, 56, 88,
78, 1, 85,
57, 6, 66,
107, 55, 45,
130, 41, 46,
71, 67, 49,
65, 59, 49,
158, 34, 52,
18, 23, 29,
105, -1, 22,
111, 69, 72,
77, 47, 29,
93, 3, 57,
85, -9, 35,
82, 60, 85,
85, 22, 112,
96, 6, 49,
107, -46, 56,
67, -18, 26,
103, 22, 45,
125, 51, 67,
130, 50, 27,
88, -23, 62,
113, 78, 82,
59, 17, 82,
141, 73, 52,
75, 0, 36,
114, -4, 64,
101, -18, 27,
62, -4, 93,
124, 81, 71,
110, 28, 46,
42, -23, 72,
124, 22, 107,
106, -20, 55,
105, -3, 134,
75, 51, 86,
104, 40, 41,
122, -10, 71,
97, 18, 105,
72, 20, 20,
85, -8, 25,
110, -28, 53,
68, 44, 58,
61, 35, 52,
92, 31, 107,
155, 15, 32,
126, 9, 76,
118, 32, 19,
35, 47, 59,
131, -12, 66,
137, 28, 61,
99, 66, 74,
111, -7, 23,
89, 67, 32,
40, 9, 85,
138, 37, 77,
132, 14, 54,
122, 60, 76,
86, -15, 69,
142, 33, 99,
38, -9, 71,
70, 3, 26,
102, 36, 69,
99, 23, 94,
111, 43, 6,
124, 4, 33,
94, 4, 87,
104, 11, 33,
129, 23, -4,
120, 26, 49,
115, 79, 70,
74, 31, 30,
105, 36, 62,
117, 60, 99,
56, 17, 40,
82, -16, 45,
112, 17, 60,
132, 16, 43,
76, 240, 89,
159, 68, 90,
119, 32, 100,
93, 8, 28,
80, 20, 73,
116, 61, 66,
85, 15, 69,
95, 31, 38,
107, -4, 71,
50, -36, 84,
91, 2, 41,
92, 37, 101,
68, 74, 126,
109, 38, 57,
106, 44, 25,
108, 37, 73,
52, -26, 18,
79, 7, 66,
101, -11, 92,
123, 37, 8,
110, 24, 74,
50, 4, 54,
117, 37, 30,
102, 42, 30,
89, 69, 78,
74, 32, -3,
90, 27, 23,
82, 50, 13,
87, 39, 30,
88, 28, 42,
63, 49, 95,
84, 36, 126,
104, 3, 70,
99, -22, 51,
145, 16, 12,
58, 17, 62,
128, 37, 68,
85, 20, 50,
129, -8, 91,
143, 26, 63,
97, 32, 51,
77, 44, 25,
115, 31, 33,
100, 24, 18,
81, 4, 42,
110, 9, 62,
82, 10, 53,
103, 30, 7,
120, -3, 70,
121, 71, 100,
116, 2, 40,
88, 37, 49,
99, 61, 9,
119, 13, 97,
31, 37, 44,
107, 50, 65,
45, 4, 46,
115, 7, 45,
108, 50, 9,
144, -5, 71,
135, 32, 85,
143, 37, 62,
114, -10, 49,
84, 9, 57,
141, -15, 117,
102, -4, 45,
71, 59, 49,
111, 29, 102,
80, 37, 39,
125, 31, 54,
119, 19, -2,
79, 16, 77,
87, 26, 45,
73, 10, 15,
56, 31, 60,
148, 67, 83,
158, 1, 69,
89, 52, 18,
89, 23, 8,
51, 4, 31,
83, 35, 113,
82, 11, 35,
123, 26, 69,
117, 46, 67,
58, 20, 79,
143, 20, 64,
61, 39, 32,
62, 54, 56,
101, 28, 89,
84, 24, 22,
129, 52, 133,
71, 14, 23,
45, 27, 28,
152, 46, 27,
100, 24, 41,
48, 30, 104,
104, 9, 79,
145, 41, 105,
84, -2, 13,
71, 1, 45,
102, 13, 65,
114, 23, 46,
62, 71, 76,
105, 63, 60,
63, 33, 23,
93, 8, 11,
118, 106, 124,
145, 5, 68,
91, 4, 37,
138, 30, 130,
115, 36, 27,
121, 75, 55,
117, 73, 73,
97, 43, 76,
76, -18, 60,
146, 44, 102,
84, -238, 56,
79, 48, 36,
121, 43, 34,
105, 31, 63,
80, 52, 50,
109, 23, 64,
109, 85, 42,
127, -15, 49,
56, 16, 88,
82, 18, 38,
89, 8, 45,
65, 16, 15,
129, 46, 46,
120, 64, 59,
78, 31, 19,
135, 20, 28,
73, 12, 34,
95, -16, 25,
107, 52, 51,
73, 18, 45,
108, 31, 69,
117, 15, 94,
79, 26, 76,
118, -12, 107,
83, 40, 44,
66, 9, 70,
138, 21, 73,
97, 35, 69,
94, -17, 97,
85, 30, 106,
100, 11, 51,
106, 33, 20,
106, 13, 33,
86, -26, 84,
122, 41, 30,
156, 16, 53,
91, 63, 110,
78, -34, 80,
71, 33, 16,
87, 35, 52,
112, 7, 61,
83, 23, 77,
56, 24, 50,
127, 10, 83,
86, 16, 92,
125, -16, 65,
98, 53, 45,
83, 3, 75,
115, 50, 82,
124, 55, 87,
85, 0, 68,
146, 14, 77,
134, 26, 46,
79, 22, 87,
76, 25, 61,
84, 33, 34,
85, 38, 76,
105, 34, 104,
47, 241, 66,
78, -3, 46,
102, 32, 88,
97, 1, 43,
138, 73, 59,
114, 37, 118,
117, 36, 55,
113, -31, 89,
115, 38, 99,
74, -4, 58,
101, 59, 90,
76, 22, 79,
136, 101, 64,
144, 57, 95,
80, -6, 93,
100, 47, 54,
89, 55, 61,
97, 26, 25,
112, 13, 112,
48, 8, 39,
119, 23, 99,
96, 24, 85,
68, 5, 47,
128, 59, 41,
109, 30, 40,
110, 27, 88,
118, 20, 26,
135, 77, 64,
96, 1, 41,
135, 22, 102,
63, 72, 66,
71, 4, 61,
141, 57, 54,
89, -1, 46,
114, 27, 45,
128, 37, 28,
82, 3, 50,
87, 45, 16,
84, 50, 10,
92, 50, 50,
76, 28, 1,
126, 10, 57,
99, 48, 87,
102, 43, 83,
74, -1, 57,
109, 30, 78,
101, 64, 87,
113, 60, 36,
115, 60, 87,
109, 52, 92,
71, 49, 57,
116, 86, 78,
58, -27, 64,
136, 27, 46,
87, 4, 15,
110, 18, 84,
84, 21, 86,
89, 44, 95,
110, 39, 42,
115, 38, 34,
100, 11, 48,
87, -11, 47,
113, 0, 53,
76, 20, 96,
131, 25, 61,
65, 34, 60,
80, 64, 21,
99, -8, 73,
44, -1, 34,
119, 53, 92,
68, 25, 67,
104, 74, 86,
80, -16, 64,
90, 5, 51,
107, -8, 57,
73, 25, 69,
120, 55, 30,
103, 42, 42,
86, 9, 84,
76, 64, 38,
97, 30, 62,
73, -3, 84,
153, 29, 81,
77, 30, 30,
110, 29, 37,
98, 19, 25,
132, 55, 40,
100, 19, 80,
68, 1, 100,
81, 39, 47,
92, -19, 49,
78, 61, 97,
105, 0, 97,
97, -1, 43,
113, 5, 87,
108, 56, 49,
101, -28, 92,
70, 18, 86,
57, 48, 8,
124, 13, 67,
107, 28, 85,
124, 53, 83,
77, 84, 65,
58, 32, 38,
80, 11, 71,
102, 14, 67,
95, 56, 8,
78, -18, 57,
130, 61, 131,
65, -41, 24,
81, 66, 7,
122, 57, 48,
78, -42, 40,
84, 30, 66,
39, 8, 81,
72, 57, 75,
64, -7, 49,
81, -17, 5,
74, 4, 92,
117, 65, 82,
127, -3, 55,
111, 16, 18,
51, 51, 68,
128, 34, 24,
107, 41, 23,
123, 24, 74,
125, 41, 82,
91, 45, 40,
142, 48, 120,
104, 8, 57,
133, 45, 50,
126, 5, 73,
112, 29, 48,
62, -48, 40,
88, -1, 134,
161, 20, 104,
103, 48, 79,
69, 34, -1,
109, 54, 29,
108, -14, 30,
99, 1, 50,
140, 34, 96,
107, 33, 33,
80, 31, 16,
90, 11, 66,
118, 105, 121,
54, 27, 41,
61, 15, 15,
146, 42, 81,
102, 36, 95,
38, 6, 42,
56, 3, 64,
102, 87, 87,
75, 28, 86,
55, 50, 36,
99, 32, 84,
153, -5, 90,
82, 3, 24,
87, 34, 87,
92, 34, 49,
150, 51, 61,
123, 33, 71,
90, 30, 60,
112, 17, 71,
103, 34, 85,
80, 34, 50,
124, 71, 87,
127, 13, 70,
101, 41, 38,
110, 26, 46,
50, -25, 53,
73, 8, 51,
134, 49, 75,
55, 8, 15,
80, 6, 84,
107, 49, 74,
88, 66, 46,
114, 52, 68,
124, 6, 79,
113, 10, 89,
104, 27, 58,
49, 15, 69,
142, 35, 39,
104, 36, 47,
100, 35, 63,
123, 55, 11,
116, -9, 61,
113, 63, 80,
122, 8, 46,
108, 13, 47,
123, 6, 44,
94, 36, 28,
63, 11, 86,
96, 30, 112,
98, 14, 36,
123, 26, 93,
65, -13, 93,
133, -35, 94,
100, 30, 48,
119, -11, 88,
94, 49, 115,
104, 37, 41,
116, 30, 89,
78, 7, 19,
101, 27, 55,
91, 30, 98,
81, 37, 50,
82, 24, 31,
72, 5, 56,
115, 45, 98,
137, 5, 48,
125, 1, 42,
24, -26, 43,
58, 28, 62,
115, 33, 106,
79, 21, 78,
112, 32, 56,
81, 30, 107,
74, -30, 50,
134, 21, 65,
88, 47, 137,
84, 10, 67,
115, 67, 57,
73, 21, 39,
59, 38, 52,
109, -25, 77,
110, 27, 16,
89, 21, 32,
87, 41, 53,
115, 51, 100,
88, 55, 52,
108, 39, 60,
79, 22, 2,
87, 58, 103,
70, 15, 32,
67, 8, 59,
75, -3, 60,
132, 59, 72,
86, -12, 94,
93, 33, 62,
74, 5, 101,
106, 11, 71,
101, 25, 80,
47, -12, 38,
92, 80, 73,
82, 31, 73,
74, 14, 61,
94, 10, 46,
89, 19, 21,
51, -28, 50,
39, 13, 71,
87, 14, 25,
56, 36, 124,
101, 25, 66,
90, 53, 61,
175, 32, 16,
100, 20, 42,
74, -6, 18,
135, 53, 72,
119, 32, 52,
73, 36, 75,
130, 28, 92,
92, -34, 18,
96, 48, 96,
89, -2, 52,
94, 23, 37,
77, 38, 17,
102, 17, 48,
96, 18, 64,
83, 61, 8,
111, -3, 63,
83, 42, 61,
96, 12, 79,
94, 23, 22,
159, 33, 44,
48, 29, 41,
97, 24, 36,
65, 61, 59,
123, 40, 109,
94, 25, 53,
92, 88, 37,
90, 54, 38,
92, -51, 58,
116, 16, 23,
86, 83, 76,
72, 8, 81,
82, 32, 33,
121, 29, 59,
76, 31, 82,
116, 43, 79,
62, 12, 116,
123, 2, 57,
107, 12, 106,
145, 38, 105,
81, -36, -2,
63, 22, 59,
89, 60, 45,
86, -6, 69,
75, -1, 57,
106, 54, 97,
71, 42, 87,
111, 45, 92,
91, 22, 96,
78, 34, 15,
138, 28, 101,
98, 29, 70,
50, 57, 21,
86, 18, 60,
74, 26, 73,
111, 29, 118,
109, 4, 37,
91, 7, 82,
76, 6, 76,
98, 39, 66,
104, -16, 62,
107, 22, 66,
98, 2, 46,
56, 20, 97,
120, 38, 28,
74, 33, 90,
79, 31, 107,
107, 78, 53,
111, 60, 97,
71, 34, 92,
88, -14, 65,
144, 64, 51,
100, 8, 93,
117, -1, 30,
64, 7, 45,
126, -1, 126,
72, -2, 45,
90, -9, 72,
120, 39, 10,
127, 78, 75,
92, 26, 84,
84, 76, 74,
94, 22, 58,
41, 28, 106,
58, 40, 39,
73, 41, 82,
70, 72, 110,
89, 41, 27,
103, 44, 43,
140, 64, 137,
78, 16, 65,
71, 56, 66,
126, 39, 105,
120, 56, 85,
107, 28, 54,
98, 26, 35,
102, 34, 87,
123, 58, 63,
89, -4, 68,
72, 27, 69,
109, 13, 61,
135, 2, 66,
92, 70, 70,
87, 51, 67,
73, -4, 88,
69, 19, -24,
102, 20, 57,
73, 23, 62,
85, 26, 50,
85, -18, 71,
82, -46, -18,
113, 22, 58,
114, 34, 81,
101, 8, 57,
92, 36, 39,
102, 33, 31,
143, 34, 105,
95, 31, 25,
79, 3, 51,
98, 44, 41,
75, 55, -12,
109, -12, 40,
93, 24, 18,
113, 27, 84,
102, -14, 50,
84, 23, 19,
102, 6, 67,
87, 7, 70,
77, 74, 65,
99, 30, 101,
92, 0, 34,
120, 27, 75,
73, 12, 48,
155, 45, 63,
94, 6, 56,
68, 20, 63,
142, 15, 77,
84, 9, 53,
89, 14, 51,
65, 20, 35,
101, 45, 85,
127, 32, 75,
97, 39, 103,
103, 34, 18,
92, 6, 61,
98, 22, 68,
51, 52, 46,
75, 13, 62,
116, 16, 88,
131, 54, 14,
80, 60, 53,
109, 95, 20,
53, 45, 75,
122, 6, 58,
65, -28, 67,
126, 41, 62,
102, -7, 93,
132, 30, 62,
102, 16, 106,
94, 22, 95,
87, 7, 97,
75, -10, 32,
65, 43, 54,
58, 65, 39,
94, 44, 49,
71, 17, 70,
93, 10, 103,
110, 19, 13,
96, 9, 30,
102, 41, 60,
93, 62, 111,
117, 50, 65,
114, 8, 30,
94, 33, 47,
111, 12, 92,
54, 15, 42,
106, 47, 71,
127, 87, 45,
131, 14, 47,
83, 6, 77,
66, 9, 88,
95, 57, 60,
91, 43, 62,
80, -244, 49,
147, 65, 88,
101, 46, 34,
103, -10, 42,
85, 38, 59,
92, 37, 81,
100, -17, 79,
112, 68, 118,
125, -8, 103,
76, 14, -8,
61, 34, -10,
102, 36, 71,
91, -9, 117,
114, 18, 104,
113, 5, 65,
84, 60, 25,
87, 8, 108,
99, 18, 87,
82, 49, 48,
110, 42, 32,
70, -14, 20,
99, 45, 63,
95, 33, 72,
107, 44, 94,
116, 51, 85,
59, 32, 77,
66, 7, 21,
94, 65, 95,
79, 66, 63,
72, -12, 37,
172, 35, 60,
47, -30, 81,
106, 22, 19,
71, 15, 43,
139, 76, 88,
65, 18, 68,
105, 63, 115,
123, 32, 28,
115, 58, 29,
66, -26, 75,
118, 27, 61,
95, 0, 54,
132, 39, 88,
39, -19, 38,
104, 47, 106,
94, 67, 46,
117, 43, 66,
110, 11, 19,
153, 43, 35,
108, 25, 18,
67, 20, 231,
141, 36, 36,
59, 21, 108,
117, -6, 13,
55, 20, 26,
97, 71, 67,
119, 9, 74,
66, -14, 91,
53, 38, 101,
104, -20, 58,
92, 9, 56,
32, -24, -18,
92, 40, 49,
81, 0, 22,
119, 77, 89,
47, 7, 43,
75, 33, 65,
102, 41, 135,
104, 18, 104,
111, 55, 69,
51, 21, 51,
111, 5, 65,
80, 62, 51,
96, 51, 68,
138, -4, 49,
83, 49, 46,
89, 39, 48,
106, 27, 51,
56, 12, 66,
85, 20, 74,
44, 23, 9,
77, 1, 57,
110, 36, 43,
93, 20, 91,
139, 98, 58,
60, 18, 34,
56, 23, 103,
91, 45, 34,
124, 44, 93,
114, 25, 51,
71, 39, 72,
82, 28, 64,
93, -4, 44,
113, 24, 78,
77, 70, 89,
166, 40, 59,
110, 32, 73,
125, -26, 98,
124, 30, 50,
57, 16, 34,
80, 45, 75,
78, 48, 64,
84, 24, 47,
117, 31, 51,
137, 65, 44,
127, 31, 60,
111, 19, 71,
112, 51, 45,
112, 26, 86,
131, 59, 87,
96, -37, 63,
102, 38, 69,
117, 21, 39,
103, 12, 56,
118, 50, 72,
78, -5, 44,
86, 45, 72,
122, 24, 70,
118, -2, 49,
67, 5, 123,
112, 0, 68,
90, 69, 85,
55, 47, 43,
123, 39, 46,
116, 29, 115,
93, 70, 76,
111, -19, 67,
83, -33, 110,
116, -18, 97,
64, 45, 35,
115, 38, 39,
89, -8, 64,
94, 45, 91,
122, 42, 92,
119, 34, 76,
73, 51, 39,
75, 43, 47,
105, 40, 46,
78, 2, 84,
139, 24, 13,
125, 24, 41,
118, 42, 64,
97, 12, 37,
106, 26, 47,
76, 50, 81,
76, 75, 86,
84, 9, 155,
96, -33, -19,
94, -26, 36,
68, 1, 54,
67, -44, 28,
126, 30, 107,
64, 83, 81,
64, 46, 83,
86, 18, 33,
119, 65, 15,
118, 49, 45,
94, -3, 136,
153, 33, 25,
83, 57, 41,
126, 15, 85,
107, 9, 30,
110, -22, 124,
78, 9, 110,
85, 38, 71,
121, 20, 36,
108, -7, 23,
90, 30, 69,
84, 63, 93,
61, 0, 52,
150, 48, 40,
96, 24, 25,
84, 48, 28,
101, 44, 97,
82, 46, 67,
105, 33, 125,
92, 1, 61,
77, 40, 65,
104, 48, 133,
80, 42, 83,
71, 47, 102,
79, -24, 85,
134, 11, 44,
138, 34, 46,
109, -45, -7,
143, 1, 45,
118, 24, 61,
125, -9, 62,
88, 63, 53,
117, 22, 34,
68, 46, 21,
100, 70, 128,
80, -1, 38,
83, 17, 96,
103, 39, 98,
97, 25, 23,
88, 50, 77,
97, 46, 68,
63, 15, 51,
50, 7, 37,
113, 44, 77,
106, 35, 54,
130, 6, 49,
38, 25, 63,
131, 16, 73,
117, 34, 58,
88, -17, 80,
95, 35, 47,
130, 70, 50,
106, -3, 94,
115, 6, 69,
112, 31, 84,
74, 29, 55,
124, 50, 53,
130, 53, 67,
108, -7, 64,
103, -13, 58,
104, 90, 19,
85, 45, 76,
132, 33, 47,
136, 35, 66,
142, 34, 85,
65, 46, 38,
111, 68, 107,
117, 30, 105,
102, 50, 42,
77, 13, 78,
104, 40, 72,
56, -45, 4,
95, 6, 37,
68, 43, 109,
73, 0, 42,
131, 38, 101,
104, -31, 32,
95, 50, 48,
96, 73, 38,
70, 50, 28,
96, -12, 81,
71, 32, 24,
105, 32, 35,
84, 31, 37,
80, 6, 40,
93, 42, 68,
111, 92, 95,
99, 30, 17,
106, 29, 52,
96, 11, 90,
128, 45, 62,
96, 8, -9,
110, 39, 72,
101, 17, 57,
97, 69, 88,
104, 5, 47,
85, 53, 98,
68, -12, 40,
143, 85, 100,
108, -20, 15,
145, 49, 82,
64, 32, 79,
108, 33, 54,
127, 38, 81,
75, 20, 116,
89, 16, 40,
119, 30, 38,
76, 4, 54,
100, -16, 71,
101, -13, 57,
105, -37, 64,
101, 50, 69,
89, 8, 103,
94, 37, 99,
97, 1, 59,
87, 21, 50,
87, 55, 30,
101, 84, 53,
86, 33, 56,
143, 36, 55,
102, 6, 36,
86, 35, 87,
89, 61, 85,
115, 32, 91,
97, 11, 85,
82, 23, 94,
108, 9, 55,
124, 61, 116,
77, 58, 7,
124, 75, 39,
80, -6, 35,
64, -23, 32,
75, 10, 50,
84, 35, 116,
93, 3, 44,
75, 17, 80,
109, -9, 49,
94, 29, 95,
106, 34, 39,
108, 31, 44,
33, 49, 112,
121, 26, 61,
121, 17, 29,
92, 13, 102,
95, 35, 3,
110, 54, 65,
83, 68, 61,
85, 62, 75,
71, 64, 54,
122, 10, 25,
99, 37, 102,
115, 72, 35,
96, 66, 50,
146, 47, 97,
107, 38, 47,
99, 40, 70,
83, 46, 50,
111, 9, 101,
92, -4, 10,
98, 7, 49,
122, 34, 102,
64, 10, 13,
152, 36, 92,
70, -4, 135,
74, 1, 106,
91, 10, 33,
107, 13, 68,
97, 80, 19,
147, 34, 57,
63, 5, 30,
80, 33, 26,
93, 78, 64,
119, -21, 44,
90, 45, 38,
102, 87, 82,
99, 0, 19,
141, 28, 60,
78, 7, 26,
112, 14, 54,
58, 56, 58,
101, 17, 36,
110, 23, 16,
135, -20, 52,
61, 32, 64,
97, -6, 10,
96, 74, 53,
113, 24, 14,
117, 13, 111,
113, 40, 42,
140, -11, 112,
124, 33, 101,
150, -21, 26,
125, 94, 22,
30, -5, 35,
87, 4, 81,
99, 38, 81,
86, 4, 79,
88, -1, 80,
125, 41, 79,
95, 40, 33,
93, -52, 26,
83, 29, 81,
61, 27, 56,
124, 2, 1,
120, 61, 107,
78, 88, 57,
86, 20, 67,
100, 8, 69,
129, 27, 69,
79, 8, 10,
121, 78, 70,
68, 30, 97,
97, 34, 97,
70, 33, 72,
77, 52, 115,
98, 57, 27,
68, -23, 55,
127, 25, 70,
141, 19, 85,
123, 80, 42,
86, 17, 42,
83, -13, 60,
150, 26, 44,
104, -4, 51,
73, 2, 43,
73, 63, 40,
80, 55, 83,
108, 63, 116,
124, 29, 35,
120, 15, 70,
71, 51, 94,
111, 39, 126,
39, 39, 42,
143, 70, 71,
93, 1, 48,
95, 19, 64,
85, 44, 95,
87, 28, 70,
79, 63, 70,
50, 34, 59,
89, 73, 56,
65, 0, 42,
134, 32, 29,
89, -3, 35,
114, 29, 21,
90, 42, 108,
105, 9, 54,
55, 40, 86,
100, 10, 76,
135, 5, 34,
81, 26, 52,
69, 38, 86,
104, 17, 27,
68, 31, 44,
147, 50, 58,
116, 3, 60,
85, 68, -9,
86, 3, 46,
116, 68, 92,
92, 23, 59,
131, 61, 99,
107, 52, 83,
69, 7, 52,
90, 17, 86,
76, 15, 77,
71, -19, 87,
104, -3, 77,
148, 14, 60,
48, -12, 114,
148, 23, 39,
67, 53, 96,
121, 29, 57,
92, 60, 49,
99, 16, 44,
51, 47, 97,
106, 13, 69,
95, -34, 65,
164, 56, 62,
56, -42, 77,
93, 24, 93,
81, 24, 7,
134, 58, 88,
113, 48, 112,
49, 10, 48,
114, 24, 54,
133, 30, 80,
110, 104, 45,
59, 33, 43,
115, 6, 37,
124, 11, 92,
161, 31, 58,
119, 51, 90,
97, 11, 79,
134, 29, 72,
90, 14, 11,
91, 42, 109,
81, 14, 72,
40, 35, 79,
99, 19, 66,
47, 27, 33,
106, 21, 58,
128, -8, 61,
90, 27, 61,
86, 67, 43,
121, 64, 42,
124, 41, 60,
95, 40, 57,
107, 32, 44,
53, -3, 46,
85, 22, 57,
90, 26, 79,
102, 17, 105,
62, 62, 39,
181, 3, 124,
91, 56, 15,
116, 63, 45,
98, 26, 110,
115, 0, 52,
120, 30, 74,
90, 16, 73,
102, 10, 42,
100, 33, 69,
109, 70, 128,
63, 16, 45,
82, 11, 2,
89, 26, 92,
115, 6, 72,
96, 23, 62,
69, 3, 37,
114, 15, 104,
94, 48, 70,
123, 19, 31,
80, 1, 35,
88, 19, 9,
93, 20, 19,
43, -6, 15,
75, 4, 34,
161, 7, 36,
127, 34, 57,
111, 28, 93,
114, 42, 91,
76, 11, 64,
78, -21, 28,
130, 62, 57,
123, 31, 47,
136, 35, 67,
107, 55, 112,
108, 31, 79,
75, 16, 70,
167, 12, 52,
147, 15, 33,
71, 42, 72,
88, -5, 92,
31, -28, 31,
120, 81, 71,
125, 86, 61,
59, 13, 35,
84, 36, 87,
69, -24, 77,
93, 4, -21,
134, 71, 51,
78, 24, -5,
103, -11, 71,
115, 52, 113,
64, -17, 68,
110, 23, 8,
79, 32, 51,
104, 33, 58,
59, -11, 4,
125, 245, 106,
90, 7, 46,
108, 32, 94,
39, -2, 70,
133, 40, 100,
76, 78, 49,
98, 37, 62,
139, 22, 58,
142, 26, 53,
118, 14, 69,
115, 23, 62,
125, 32, 62,
117, 37, 54,
83, -14, 64,
71, 18, 84,
82, -4, 106,
135, 5, 57,
122, 0, 75,
93, 56, -8,
121, 45, 39,
125, 10, 40,
135, 32, 48,
105, -28, 57,
110, 10, 92,
111, 40, 84,
105, 30, 88,
89, 26, 47,
104, 39, 75,
76, 35, 87,
120, -12, 26,
74, 18, 89,
102, 45, 77,
151, 60, 80,
86, 11, 29,
120, 41, 103,
84, 45, 41,
146, 53, 43,
121, 30, 77,
144, 57, 100,
121, 75, 12,
129, 40, 55,
112, 21, 66,
111, 19, 117,
94, -14, 65,
124, 81, 49,
60, 13, 92,
119, 3, 59,
87, 59, 106,
87, 3, 33,
122, -2, 96,
68, 61, 28,
86, 15, 61,
60, 38, 57,
108, 23, 108,
111, 51, 68,
109, 50, 84,
74, 57, 47,
101, 30, 71,
35, 42, 59,
124, 65, 101,
115, 44, 75,
87, 1, 98,
93, 23, 72,
48, -8, 79,
102, 28, 62,
57, 1, 65,
120, 46, 40,
69, 50, 34,
86, 65, 63,
104, -3, 57,
154, 34, 106,
86, -15, 103,
114, 17, 69,
80, 9, 52,
98, 49, 59,
121, 32, 71,
109, 23, 81,
115, -13, 68,
115, 98, 108,
115, 35, 53,
140, 41, 57,
108, 23, 17,
102, 36, 77,
88, 26, 128,
137, -20, 43,
127, 26, 75,
101, 37, 86,
94, 4, 79,
92, 22, 57,
107, 7, 31,
130, 7, 30,
92, 37, 52,
133, -5, 39,
108, -12, 54,
76, -6, 43,
142, 45, 89,
115, 68, 77,
124, 16, 47,
80, -21, 72,
119, 26, 23,
68, 36, 44,
40, 36, 51,
119, -15, 80,
99, 63, 102,
90, 48, 32,
106, 79, 63,
103, 26, 69,
121, 27, 13,
132, 60, 72,
94, 1, 69,
89, 1, 43,
78, 10, 83,
112, 11, 28,
64, 58, 34,
106, 13, 68,
74, 39, 52,
111, 35, 81,
85, 28, 18,
113, 47, 50,
71, 39, 89,
110, 45, 83,
107, 11, 35,
69, 37, 25,
88, 23, 68,
145, 11, 15,
107, 40, 81,
59, 37, 69,
111, 40, 45,
136, 46, 72,
90, 53, 47,
107, 43, 79,
122, 72, 62,
80, 86, 33,
91, 35, 71,
86, 51, 77,
77, 55, 225,
130, 10, 56,
140, 51, 86,
126, 53, 66,
184, 37, 85,
92, 33, 50,
93, 51, 87,
106, -1, 63,
110, -20, 71,
98, 0, 83,
81, 13, 41,
137, 59, 103,
87, 35, 53,
59, 51, 26,
81, -9, 62,
116, 26, 91,
122, 31, 78,
122, 26, 77,
127, 43, 50,
129, 8, 42,
87, 7, 75,
113, 60, 52,
74, 57, 73,
85, -32, 23,
82, -10, 53,
73, 48, 79,
114, -16, 24,
88, 11, 92,
96, 13, 67,
90, -14, 47,
117, 24, 38,
95, 12, 19,
85, 27, 62,
91, 37, 53,
152, 36, 42,
70, 28, 99,
110, 14, 74,
142, 84, 55,
68, 1, 58,
110, 21, 37,
84, -5, 68,
106, 6, 53,
74, 53, 17,
73, 14, 61,
140, 10, 56,
160, -2, 71,
76, -24, 52,
89, 13, 75,
117, 38, 98,
71, 28, 24,
74, 41, 52,
99, 58, 43,
97, 27, 84,
133, 16, 57,
104, 4, 87,
78, -39, 54,
88, 9, 69,
144, 26, 71,
61, 38, 55,
109, 21, 44,
131, 35, 32,
141, 35, 64,
98, 4, 51,
146, 48, 37,
94, 23, 94,
59, 18, 128,
91, -15, 34,
80, 70, 69,
57, 98, 94,
105, -20, 36,
145, -3, 19,
118, 6, 18,
83, 16, 82,
143, 42, 123,
71, -7, 72,
96, 43, 65,
83, 24, 67,
117, 32, 81,
142, -18, 40,
58, 25, 62,
85, 18, 75,
114, 12, 58,
111, 60, 67,
107, 39, 36,
134, 57, 47,
106, 53, 83,
89, 36, 66,
153, 46, 33,
93, 44, 70,
95, 26, 80,
44, 16, 84,
111, 45, 99,
100, 30, 113,
78, 62, 71,
110, 26, 18,
92, 57, 30,
35, 24, 36,
107, -246, 72,
103, -4, 105,
98, 38, 56,
147, 11, 84,
148, 29, 10,
71, 15, 16,
63, 27, 24,
96, 31, 86,
75, 88, 64,
104, 29, 29,
47, 27, 20,
150, 40, 58,
151, 43, 88,
125, 34, 41,
133, 31, 107,
154, 30, 79,
67, 6, 6,
89, 28, 89,
79, 8, 22,
91, 53, 12,
102, 13, 34,
113, 2, -12,
64, -20, -1,
133, 22, 53,
91, -13, 49,
140, 58, 65,
104, 65, 2,
58, -22, 90,
63, 24, 75,
88, 58, 66,
90, 28, 64,
74, -11, 22,
97, -3, 58,
70, 46, 64,
107, 57, 134,
138, 15, 88,
99, 32, -14,
60, 50, 86,
83, 47, 31,
93, 15, 44,
76, 12, 25,
109, 46, 37,
106, 34, 45,
111, 9, 66,
116, 19, 83,
92, 13, 67,
72, 45, 70,
98, 29, 22,
84, 31, 76,
117, 44, 49,
134, 34, 70,
105, 1, 55,
102, 31, 68,
103, 71, 53,
137, 57, 60,
115, 40, 109,
96, 51, 94,
101, 60, 55,
68, 1, 23,
95, 34, 50,
130, 7, 74,
159, -21, 73,
102, 29, 60,
66, 48, 106,
67, -1, 78,
115, 12, 54,
94, 41, 84,
148, -2, 27,
70, 32, 69,
117, 40, 32,
107, 31, 43,
95, 42, 56,
67, 61, 11,
83, 53, 22,
106, 49, 90,
126, 35, 29,
113, -13, 89,
113, 18, 113,
109, -4, -23,
72, 82, 73,
91, 24, 97,
123, 13, 24,
71, -38, 27,
135, 62, 19,
88, 19, 20,
119, 36, 90,
76, -8, 57,
74, 19, 55,
79, 33, 77,
104, -7, 68,
61, 6, 8,
116, 66, 8,
68, 10, 80,
112, 57, 59,
69, 47, 45,
80, 11, 94,
49, 10, 48,
134, 45, 47,
80, -54, 53,
89, 57, 60,
154, 2, 39,
137, 37, 66,
111, 38, 86,
81, -7, 66,
105, 22, 30,
95, -15, 30,
75, 66, 9,
150, 0, 42,
136, 68, 69,
65, -15, 45,
107, 23, 45,
136, 21, 36,
83, 31, -2,
143, 12, 114,
108, 30, 51,
81, 28, 73,
87, 55, -12,
74, -36, 85,
85, 19, -1,
83, 12, -25,
118, 10, 92,
118, 25, 68,
75, 8, 82,
69, 49, 18,
105, 80, 32,
137, 27, 38,
98, 23, 35,
70, 25, 46,
124, 6, 104,
102, -10, 65,
99, 20, 96,
91, 36, 91,
111, 85, 27,
72, 73, 69,
129, 18, 57,
77, 22, 104,
102, -12, 33,
121, 26, 119,
92, 28, 91,
108, 38, 66,
81, 2, 62,
120, 15, 77,
108, 68, 76,
157, 27, 31,
83, 40, 54,
133, 3, 95,
59, 28, 69,
95, -5, 70,
90, 28, 44,
32, -13, 70,
110, 23, 62,
74, 0, 34,
94, 19, 66,
95, 3, 53,
107, 62, 53,
137, 32, 74,
71, -5, 35,
87, -11, 101,
100, 51, 23,
38, -12, -39,
117, 18, 58,
127, -7, 71,
91, 31, 86,
48, 13, -25,
81, 50, 72,
81, 19, 67,
110, 17, 14,
46, -3, 88,
113, 39, 24,
92, 15, 71,
43, 18, 16,
99, 40, 62,
95, 31, 89,
115, 17, 60,
103, 39, 42,
128, 57, 14,
97, 23, 55,
92, 25, 16,
99, -7, 68,
86, 65, 109,
137, 11, 77,
109, 0, 37,
130, 22, 22,
82, -11, 64,
119, 16, 72,
74, -1, 4,
142, 43, 76,
101, 50, 40,
101, 34, 76,
86, 19, 49,
98, 68, -26,
87, 33, 50,
112, -13, 95,
133, 29, 79,
95, 17, 52,
76, -10, 67,
70, 22, 52,
55, 13, 51,
134, 17, 64,
80, 10, 78,
134, 76, 109,
132, 16, 134,
97, 12, 33,
58, 57, 59,
125, 40, 82,
97, -14, 14,
88, 82, 70,
54, -1, 108,
43, 4, 52,
118, 58, 80,
119, 27, 48,
137, 2, 45,
113, -37, 31,
129, -7, 58,
94, 61, 88,
93, 26, 55,
95, 20, 113,
119, 52, 31,
63, 33, 54,
89, 30, 64,
89, 33, 47,
105, 50, 79,
82, 14, 72,
138, 11, 67,
95, 45, 9,
85, 12, 18,
86, 27, 25,
135, 2, 44,
125, 38, 84,
145, 43, 122,
114, 48, 116,
154, 39, 13,
109, 44, 47,
154, 42, 71,
101, 32, 88,
100, 25, 131,
84, -30, -6,
103, 34, 95,
100, 10, 90,
103, 12, -5,
64, 31, 76,
107, 64, 51,
78, 55, 8,
85, 37, 79,
46, 21, 63,
59, -21, 64,
152, 88, 90,
118, 9, 32,
111, -15, 51,
68, 32, 70,
111, -7, 41,
98, 59, 85,
145, 11, 84,
134, 10, 47,
87, 13, 89,
111, 30, 76,
67, 38, 69,
61, 53, 66,
116, 36, 55,
85, 37, 21,
70, 57, 35,
58, -11, 57,
101, 33, 84,
71, 12, 43,
94, 23, 82,
83, 50, 74,
136, 6, 130,
123, 57, 72,
107, 31, 41,
98, -22, 69,
94, -53, 10,
98, -22, 32,
44, -13, 59,
102, 27, 29,
75, 56, 69,
87, 3, 15,
82, -4, 64,
116, 19, 82,
123, 53, 108,
86, 4, 64,
116, 27, 40,
112, -2, 59,
90, 10, 77,
125, 33, 65,
72, 40, 11,
119, 33, 27,
89, 46, 23,
100, 13, 85,
152, 39, 74,
27, -23, 75,
105, 50, 31,
93, 36, 79,
96, 49, 58,
103, 1, 57,
93, 10, 24,
95, 49, 53,
41, 9, 86,
100, 95, 116,
74, -18, 29,
106, 43, 67,
63, 72, 89,
82, 26, 47,
67, 2, 21,
139, 31, 22,
93, 9, 62,
86, 1, 36,
73, 74, 74,
53, -18, 70,
120, -9, 70,
70, 2, 63,
94, 52, 47,
48, -17, 80,
87, 62, 40,
98, -13, 76,
106, -18, 40,
90, 19, 71,
108, 79, 43,
93, 66, 54,
75, 31, 69,
78, 34, 110,
91, -19, 41,
110, 61, 58,
114, 6, 101,
72, -1, 68,
138, 61, 33,
127, -9, 23,
100, 20, 62,
120, 25, 86,
52, 45, 127,
61, 6, 48,
105, 58, 85,
