108, 63, 43,
111, 37, 23,
80, 18, -2,
112, 64, 66,
124, 55, 78,
59, -1, 53,
66, 32, 87,
82, 51, 47,
84, 56, 61,
68, 20, 61,
55, 3, 68,
49, 41, 110,
119, 15, 40,
139, 41, 71,
47, 15, 36,
99, 4, 44,
104, -13, 101,
74, 31, 101,
103, 39, 22,
56, 53, 61,
94, 34, 58,
86, 25, 137,
86, 24, 62,
59, 25, 59,
128, 18, 51,
142, 40, 96,
113, 13, 72,
110, 8, 58,
101, 70, 128,
85, 25, 42,
126, 50, 37,
102, 26, 45,
109, 52, 99,
83, 22, 39,
108, 17, 29,
92, -28, 61,
103, -10, 36,
134, 100, 82,
71, 29, 39,
82, 22, 28,
93, 23, 117,
108, -35, 77,
68, 30, 56,
121, 16, 40,
81, 25, 37,
87, 31, -21,
82, -5, 59,
98, 22, 51,
104, 26, 78,
115, 53, 82,
83, 38, 87,
78, 10, 89,
70, 5, 23,
125, 52, 93,
99, 11, 43,
94, -17, 63,
120, 5, 69,
99, 18, 105,
155, 60, 67,
103, 16, 60,
152, 75, 69,
99, 7, 64,
107, -40, 68,
104, 51, 72,
124, 54, -35,
114, 23, 58,
94, 51, 95,
87, 32, 105,
56, 32, 105,
64, 42, 29,
122, 3, 61,
86, -3, 69,
86, 34, 53,
121, 17, 22,
113, 62, 118,
62, 18, 41,
123, 52, 116,
116, 18, 59,
108, 22, 32,
98, -8, 75,
78, 54, 68,
85, -42, 63,
98, 50, 29,
147, 30, 62,
127, 12, 56,
89, 43, 79,
107, 15, 35,
106, 21, 59,
103, 1, 44,
72, -16, 68,
117, 24, 102,
102, 89, 105,
81, 34, 45,
88, 39, 76,
121, 90, 103,
88, 20, 28,
92, 15, 74,
152, 50, 87,
56, 7, 57,
96, 26, 60,
138, 62, 50,
130, 47, 73,
112, 18, 86,
88, 12, 88,
86, 89, 73,
115, 51, 46,
108, 57, 41,
100, 48, 56,
78, 52, 57,
93, 28, 84,
67, 31, 52,
94, 12, 43,
75, 19, 73,
81, 42, 53,
104, -9, 30,
87, 9, 134,
100, 36, 55,
96, 16, 67,
98, 17, 53,
114, 5, 99,
108, 45, 8,
90, 22, 30,
101, 15, 98,
87, 26, 51,
106, 48, 40,
64, 19, 87,
114, 40, 115,
25, 8, 60,
76, 43, 79,
143, 11, 59,
48, 16, 98,
109, 32, 67,
117, 45, 77,
87, 25, 52,
98, 12, 45,
85, -9, 30,
80, 6, 34,
143, 65, 38,
54, 28, 22,
62, 2, 20,
132, 71, 45,
111, 2, 63,
138, 21, 50,
128, 48, 44,
53, 54, 41,
75, -25, 76,
110, 101, 55,
79, 2, 63,
76, 32, 28,
127, 21, 74,
106, 72, 84,
41, 43, 42,
61, 34, 24,
68, 27, 65,
86, -6, 30,
79, 4, 63,
96, 53, 79,
136, 22, 53,
111, -1, 49,
129, 22, 58,
107, -29, 35,
123, 14, 42,
87, 5, 23,
128, -29, 0,
58, -20, 56,
88, 26, 83,
50, 17, 95,
98, 24, 81,
111, -9, 133,
65, 13, 1,
73, 24, 78,
79, 10, 122,
108, 23, 30,
113, -3, 32,
100, 48, 73,
117, -14, 72,
122, 15, 87,
89, 18, 72,
83, 20, 7,
103, 17, 15,
73, -17, 64,
137, 31, 38,
146, 23, 106,
107, 14, 38,
93, 32, 86,
93, 4, 82,
120, 19, 99,
86, -14, 65,
69, 49, 74,
80, 1, 96,
61, 3, 49,
140, 35, 60,
63, 43, 134,
106, 30, 57,
87, 45, 93,
77, -40, 57,
139, 27, 40,
68, 42, 90,
156, 24, 116,
114, 31, 4,
111, 7, 53,
137, 58, 85,
112, 51, 101,
97, 46, 47,
102, -20, 59,
103, 17, 117,
118, 36, 63,
119, 10, 47,
127, 31, 101,
93, 30, 57,
123, 31, 86,
91, -4, 44,
60, 29, 53,
91, 33, 67,
62, 41, 39,
92, 7, 115,
76, -9, 34,
94, 4, 17,
157, 44, 72,
90, 48, 72,
78, 95, 81,
141, 34, 52,
115, 14, 79,
82, 28, 71,
79, 31, 68,
96, -11, 72,
105, 29, 90,
93, 58, 2,
118, 51, 77,
111, 30, 125,
66, 50, 87,
74, -3, 93,
111, 33, 82,
59, 19, 66,
132, 55, 49,
93, 22, 29,
80, 18, 50,
103, 1, 43,
126, 26, 85,
117, 64, 95,
58, -10, 87,
73, 45, 58,
97, 9, 57,
95, 30, 63,
107, 24, 56,
81, 29, 56,
88, 23, 84,
64, -32, 74,
83, 67, 70,
91, 1, 58,
40, 11, 19,
60, 12, 6,
71, 19, 84,
125, 21, 50,
135, 2, 67,
100, 18, 72,
71, 33, 40,
95, 42, 67,
124, 61, 79,
93, 3, 62,
74, 56, 27,
76, 48, 74,
127, 56, 64,
88, 40, 104,
126, 52, 12,
79, 4, 59,
96, 26, 26,
132, -12, 61,
84, 34, 70,
99, -26, 93,
96, -3, 36,
109, -20, 69,
128, 41, 43,
97, 64, 37,
107, 36, 85,
100, -30, 48,
102, 36, 45,
92, 24, 32,
90, 24, 73,
101, 15, 103,
59, 7, 41,
99, 19, 62,
105, 30, -2,
112, 40, 55,
88, 7, 40,
138, 33, 90,
88, 36, 59,
135, 28, 108,
110, -22, 58,
116, -8, 20,
58, 30, 67,
124, 47, 70,
105, 42, 116,
100, 54, 50,
95, 37, 17,
103, 62, 24,
136, 12, 44,
121, 4, 103,
30, -40, 27,
93, 56, 51,
123, 78, 53,
97, 15, 48,
126, 25, 122,
70, 16, 34,
113, 64, 98,
100, 48, 43,
125, 27, 51,
104, 31, 23,
64, -2, 34,
145, 43, 51,
90, 3, 24,
82, 43, 64,
143, 17, 68,
111, -3, 82,
81, -25, 22,
93, 10, 67,
119, 45, 115,
95, 12, 20,
68, 47, 68,
56, 44, 57,
127, 17, 33,
113, -6, 78,
93, 4, 71,
92, 0, 72,
127, 20, 46,
88, -4, 41,
109, 83, 103,
75, 19, 5,
63, 22, 59,
95, 0, 38,
47, 36, 25,
115, 24, 70,
93, 63, 86,
105, 30, 39,
111, 11, 62,
82, 8, 23,
99, 41, 51,
67, 76, 86,
109, -5, 102,
74, 41, 79,
52, -4, 69,
153, 21, 34,
43, 14, 102,
96, -5, 28,
108, -28, 76,
81, 60, 62,
81, 0, 61,
108, -10, 71,
123, 62, 41,
91, 44, 86,
112, 38, 18,
135, 23, 31,
59, 17, 62,
107, 10, 78,
79, 59, 108,
147, 6, 23,
129, 49, 78,
126, 37, 132,
70, 25, 58,
164, 38, 81,
123, 26, 74,
70, 55, 82,
100, 42, 17,
25, 22, 31,
73, 3, 74,
92, 66, 45,
82, 32, 57,
48, -46, 71,
129, 63, 72,
83, 49, 128,
103, 23, 56,
68, -6, 72,
115, 1, 49,
69, 8, 75,
86, -10, 29,
106, -25, 83,
133, 27, 76,
80, 68, 59,
118, -18, 25,
101, -4, 95,
86, -10, 111,
100, 14, 18,
80, 22, 26,
40, 61, 63,
82, 17, 36,
100, 13, 42,
109, 30, 51,
93, 19, 62,
126, 13, 81,
60, 18, 53,
103, 26, 63,
73, -14, 58,
135, 30, 93,
88, 38, 87,
105, 40, 54,
94, 65, 64,
41, 31, 67,
69, 40, 101,
64, 42, 59,
97, 28, 91,
92, -15, 89,
107, 18, 90,
17, -8, 58,
75, -18, 15,
96, 45, 107,
60, -65, 62,
76, -17, 57,
93, 31, 30,
99, 38, 42,
93, 11, 72,
131, 27, 64,
85, 25, 67,
83, 34, 92,
136, 17, 91,
116, 46, 99,
111, 35, 63,
54, 4, 72,
85, 11, 36,
44, 60, 88,
57, 27, 47,
83, 37, 46,
120, 47, 58,
110, 17, 50,
76, 45, 22,
67, -8, 91,
66, -4, 27,
100, 21, 122,
91, 34, 50,
105, 22, 41,
84, -1, 56,
118, -10, 0,
93, 38, 102,
108, 52, 98,
100, 8, 62,
79, 59, 127,
79, 43, 32,
75, 34, 48,
107, -15, 71,
76, 55, 44,
57, 45, 36,
141, 46, 88,
82, 32, 94,
90, -4, 77,
120, 3, 52,
65, 29, 64,
84, 28, 32,
108, -20, 93,
78, 34, 57,
75, 13, 75,
120, 16, -5,
91, 1, 70,
164, -3, 109,
146, -11, 82,
134, 38, 32,
83, 46, 113,
68, 16, 16,
129, 28, 58,
111, 12, 28,
80, -11, 92,
62, 16, -12,
99, 41, 62,
40, -71, 15,
59, 40, 77,
83, -33, 56,
120, 29, 109,
82, 25, 57,
99, 33, 23,
154, 52, 69,
81, 48, 27,
70, 31, 41,
143, 15, 15,
155, 9, 116,
58, 24, 29,
138, 32, 70,
102, 41, 50,
91, 53, 77,
140, 65, 77,
115, -3, 22,
88, 25, 14,
70, -7, 31,
143, 13, 54,
102, 66, 78,
91, 33, 90,
99, 14, 73,
79, 20, 70,
78, -6, 65,
107, 79, 141,
101, 38, 42,
80, -16, 50,
133, 0, 30,
100, 29, 69,
57, 8, 26,
74, 12, 88,
91, 33, 37,
90, 60, 35,
99, 57, 68,
136, 28, 8,
87, 63, 56,
87, 3, 26,
102, -5, 65,
65, 59, 37,
99, -249, 87,
133, 66, 64,
149, -48, 27,
108, 49, 40,
109, 16, 53,
109, 19, 85,
103, 11, -15,
120, 27, 92,
136, 32, 80,
104, 45, 46,
46, 43, 49,
99, 56, 116,
85, -9, 34,
92, 51, 85,
76, -23, 58,
109, 22, 62,
82, 68, 120,
97, 50, 46,
55, -21, 53,
86, 30, 57,
111, 41, 89,
75, 24, 48,
99, -10, 81,
46, 55, 45,
112, 49, 87,
76, 31, 50,
43, 29, 94,
83, 24, 60,
122, 42, 114,
91, 5, 89,
72, -6, 83,
103, 31, 57,
100, 20, 30,
101, 39, 97,
73, 47, 59,
111, 17, 54,
103, 46, 40,
74, 82, 85,
110, 6, 52,
47, 16, 44,
141, 41, 19,
129, 42, 78,
115, 35, 30,
87, 65, 73,
92, -9, 33,
70, -29, 98,
69, -18, 55,
105, 46, 70,
98, 19, 51,
99, 23, 84,
79, 17, 53,
85, 16, 69,
128, -6, 46,
78, 80, 86,
56, 22, 49,
156, 24, 62,
182, 46, 38,
91, 24, 68,
120, 4, 45,
99, 58, 37,
172, 84, 44,
93, 78, 63,
131, 31, 40,
113, -6, 54,
117, 21, 59,
98, 38, 26,
119, -19, 25,
143, 4, 60,
101, 60, 57,
111, 35, 29,
96, 14, 3,
111, 45, 86,
88, 9, 83,
93, 39, 91,
118, 33, 115,
90, 0, 36,
89, 42, 84,
99, 28, 110,
92, 18, 63,
111, 39, 49,
118, 68, 24,
135, -1, 70,
67, -27, 32,
152, 13, 87,
100, 35, 62,
27, 50, 78,
75, 37, 52,
137, 41, 39,
76, 10, 33,
94, 23, 17,
119, 26, 80,
87, 27, 91,
108, 22, 107,
96, -7, 52,
103, 53, 74,
125, 42, 72,
78, -19, 55,
74, -3, 8,
102, 24, 82,
111, 28, 122,
99, 53, 100,
72, -36, 30,
84, 54, 48,
121, 26, 90,
93, 11, 70,
84, -37, 60,
118, 18, 88,
135, 76, 72,
79, 0, 8,
132, 45, 100,
87, 12, 69,
90, 22, 30,
105, 40, 70,
125, 48, 78,
109, 9, 69,
100, 40, 78,
58, 10, 126,
57, -39, 33,
82, 38, 55,
120, 17, 33,
80, 41, 6,
107, 8, 39,
54, 27, 67,
79, 62, 92,
122, 82, 92,
128, -6, 80,
124, 85, 72,
100, 18, 76,
126, 33, 101,
89, 2, 39,
106, 26, 105,
138, 40, 92,
145, 30, 12,
84, -35, 65,
83, -5, 83,
50, 12, 54,
147, 28, 36,
132, 48, 30,
98, 17, 106,
76, 25, 21,
120, 42, 58,
77, 66, 22,
140, 80, 60,
79, 24, 3,
102, 46, 40,
168, 25, 34,
80, 16, 51,
110, 57, 63,
64, 2, 48,
79, 24, 37,
82, 7, 58,
71, 17, 135,
75, -9, 86,
53, 52, 88,
117, 17, 66,
47, -6, 62,
122, 44, 88,
132, 38, 20,
67, -19, 68,
81, 37, 75,
50, 13, 59,
91, 47, 135,
86, 70, 102,
112, 19, 48,
117, 50, 54,
132, 25, 90,
44, 74, 40,
88, 35, 48,
99, 14, 55,
67, 26, 6,
101, 64, 26,
86, 65, 36,
69, 33, 111,
70, 58, 63,
126, 40, 89,
74, 31, 32,
62, 35, 27,
104, -18, 67,
111, 55, 37,
62, 18, -23,
91, 61, 52,
115, 14, 112,
130, 49, 35,
114, 9, 65,
113, 29, 95,
96, 26, 120,
84, 0, 87,
79, -1, 48,
95, 29, 64,
75, -12, 40,
123, 34, 131,
65, 49, 47,
94, -15, 68,
114, 19, 73,
99, 11, 55,
100, 18, 96,
113, 44, 64,
89, 55, 31,
147, 79, 63,
96, -10, 50,
81, 40, 13,
65, 16, 105,
92, 20, 70,
109, 5, 28,
84, 18, 65,
100, 56, 55,
89, -17, 85,
130, 62, 113,
83, 16, 102,
55, -4, 74,
99, 64, 97,
63, 2, 54,
119, 33, 119,
104, 11, 66,
122, 15, 32,
128, 15, -17,
75, -9, 77,
89, 58, 75,
150, 16, 88,
124, 15, 56,
146, 14, 51,
106, -37, 33,
55, 27, 19,
101, -3, 2,
71, -5, 47,
89, -19, 6,
104, 23, 78,
139, 42, 40,
76, 5, 70,
124, 28, 93,
87, 51, 71,
105, 20, 32,
126, 29, 109,
123, 56, 106,
128, 38, 84,
99, 80, 68,
121, 31, 121,
103, -10, 34,
127, 30, 29,
63, -2, 44,
137, 20, 90,
69, 14, 57,
115, -6, 157,
101, 30, 75,
128, 40, 67,
105, 66, 117,
77, 13, 42,
48, 22, 64,
76, -21, 45,
114, 1, 25,
103, 61, 65,
89, 16, 92,
69, 32, 24,
62, 20, 20,
114, 50, 49,
77, 1, -12,
129, 55, 47,
105, 20, 19,
56, 64, 89,
87, 14, 38,
115, 65, 23,
79, 36, 38,
69, 3, 32,
102, 61, 45,
110, 43, 84,
78, 46, 78,
99, -5, 22,
120, 21, 48,
78, 47, 115,
94, 50, 80,
89, 83, 47,
75, 10, 31,
118, 54, 99,
115, 20, 82,
94, 61, 39,
95, 18, 40,
69, 28, 53,
115, 27, 27,
43, 32, 122,
71, -26, 25,
134, 39, 27,
118, 39, 58,
57, 57, 36,
94, 44, 121,
78, 48, 79,
130, 39, 70,
45, 13, 100,
93, 23, 64,
67, 20, 121,
104, 16, 56,
105, 40, 20,
92, -18, 62,
112, -25, 92,
102, -20, 70,
84, 35, 57,
150, 60, 89,
112, -17, 40,
109, 31, 104,
82, 70, 97,
123, 46, 34,
120, 53, 85,
99, 46, 39,
117, 29, 34,
80, 31, 57,
108, 47, 75,
113, 45, 48,
103, -16, 40,
91, 17, 28,
118, 37, 83,
104, 66, 57,
140, 59, 65,
85, 32, 60,
144, 38, 30,
93, -1, 67,
88, 49, 42,
83, -6, 74,
90, 30, 4,
90, 53, 53,
83, 20, 69,
133, 29, 51,
107, 3, 106,
105, 51, 86,
56, 58, 85,
109, 64, 88,
123, 31, 46,
88, -17, 87,
127, 30, 78,
132, 41, 2,
122, 16, 67,
44, 41, 92,
100, 39, 93,
51, -22, 35,
91, 48, 63,
93, 42, 71,
96, -6, 73,
139, 54, 36,
115, -8, 47,
104, 74, 77,
112, -45, 39,
95, 34, 36,
102, 14, 54,
98, 22, 29,
58, 24, 74,
100, 21, 42,
97, 19, 82,
123, 40, 38,
99, 36, 90,
113, 13, 97,
72, 29, 32,
87, 26, 70,
81, 52, 67,
121, 39, 114,
140, 38, 57,
83, 11, 75,
115, 30, 45,
64, -16, 28,
87, 6, 34,
89, 9, 58,
61, 46, 59,
116, 19, 85,
51, 24, 71,
103, 0, 27,
104, 44, 71,
123, 17, 79,
91, 45, 47,
103, -10, 87,
117, 34, 79,
57, 25, 6,
110, 41, 99,
136, 41, 34,
60, 25, 33,
104, 51, 45,
98, 114, 56,
107, 0, 40,
123, 1, 108,
41, 41, 100,
46, -27, 37,
122, 66, 68,
74, 18, 86,
86, 43, 91,
124, 10, 28,
80, -1, 16,
92, -26, 51,
103, 37, 71,
73, 46, 27,
136, 38, 50,
100, 32, 48,
39, 1, 92,
121, 3, 78,
112, 87, 50,
139, 30, 78,
116, 57, 50,
117, 34, 14,
68, 2, 70,
96, 48, 50,
107, 22, 93,
68, 45, 102,
138, 80, 27,
114, 15, 88,
90, 20, 103,
73, 58, 40,
91, 80, 63,
96, 23, 31,
83, 77, 74,
92, 13, 68,
128, 51, 62,
114, -2, 70,
69, -8, 79,
88, 19, 58,
91, 12, 37,
134, 56, 59,
63, -12, 19,
147, 40, 77,
39, 22, 26,
124, 51, 48,
68, -20, 72,
107, 4, 59,
109, -40, 64,
73, 32, 71,
112, 90, 51,
76, 25, 48,
112, 43, 82,
118, 73, 61,
110, 17, 25,
90, 17, 40,
114, 76, 65,
112, 20, 76,
100, 63, 118,
57, 27, 36,
88, -3, 49,
108, 9, 23,
113, 21, 49,
94, 9, 39,
90, 52, 133,
56, 15, 53,
113, -16, 59,
95, 34, 9,
91, 22, 28,
95, 65, 79,
115, 35, 66,
118, 31, 65,
153, -8, 39,
73, -28, 57,
111, 37, 75,
148, 7, 21,
59, -2, 55,
126, 46, 41,
82, 10, 29,
63, 37, 81,
98, 36, 98,
124, 57, 57,
120, 6, 57,
90, 96, 79,
65, 28, 104,
85, -2, 55,
100, 36, 55,
137, 20, 102,
95, 3, 87,
57, 58, 20,
90, 42, 41,
83, 54, 75,
85, 28, 50,
138, 45, 80,
81, 42, 73,
126, 55, 56,
81, 51, 64,
109, 5, 75,
87, 10, 54,
132, -17, 63,
73, 40, 17,
113, 9, 30,
92, 23, 51,
105, -11, 48,
74, 9, 79,
59, 32, 59,
78, 0, 67,
123, 33, 89,
112, 60, 47,
129, 5, 53,
110, 21, 96,
98, 30, 11,
77, 14, 41,
123, 74, 96,
121, 9, 61,
87, 64, 61,
84, 81, 99,
71, 24, 69,
84, 48, 5,
125, 46, 51,
138, 42, 55,
93, -7, 25,
40, 40, 36,
99, 57, 48,
83, 3, 75,
121, -4, 89,
143, 57, 90,
90, 6, 57,
139, 33, 22,
89, 16, 65,
45, 10, 102,
99, 63, 26,
92, 35, 34,
110, 44, 29,
85, 35, 80,
51, 11, 55,
92, 53, 43,
85, 8, 6,
99, 47, 68,
116, 66, 141,
106, 68, 48,
100, 8, 48,
90, 19, 50,
53, 28, 46,
120, 48, 55,
86, 32, 16,
143, 21, 88,
106, 12, 41,
82, 38, 59,
87, 29, 42,
56, -16, 66,
103, -16, 61,
111, -24, 60,
125, 24, 91,
99, -15, 116,
75, 18, 24,
85, 56, 42,
120, 75, 76,
64, 31, 15,
113, -14, 71,
82, 63, 12,
131, 35, 117,
111, 39, 77,
102, 11, 90,
86, -17, 92,
136, 16, 65,
113, 5, -6,
128, 74, 91,
100, 3, 102,
90, 47, 20,
107, 17, 78,
84, 53, 71,
85, 25, 89,
116, -5, 48,
84, 33, -12,
76, -20, 64,
115, -1, 68,
73, 16, 45,
102, 7, 20,
102, 7, 71,
147, 34, 42,
119, 32, 71,
83, 11, 53,
97, 31, 37,
73, 18, 70,
122, 42, 67,
94, 14, 58,
83, 52, 50,
96, -4, 27,
112, 20, 62,
70, 65, 59,
72, 30, 59,
100, 30, 65,
133, 19, 44,
95, 39, 89,
80, 15, 29,
85, 48, 60,
113, 38, 30,
62, 71, 40,
106, 11, 39,
111, 30, 100,
114, 15, 9,
95, 37, 26,
120, 28, 61,
129, -1, 30,
124, 51, 65,
122, 73, 50,
29, 36, 40,
92, 38, 75,
80, -7, 9,
110, -26, 62,
30, -19, 27,
100, 22, 74,
88, 9, -10,
130, 38, 69,
87, 55, 42,
70, 85, 47,
77, 10, 55,
84, 48, 69,
125, 27, 36,
70, 49, 77,
57, 24, 101,
104, 41, 58,
95, 16, 70,
74, 28, 84,
118, 86, 119,
87, -6, 30,
111, 1, 80,
121, 38, 38,
104, 29, 86,
45, 15, 14,
63, 5, 4,
108, -41, 69,
87, 20, 48,
75, 49, 51,
108, -12, 103,
116, 20, 50,
126, 87, 85,
61, -9, 46,
103, -17, 32,
119, 29, 88,
75, 32, 38,
94, 42, 56,
112, 4, 76,
83, 22, 53,
104, -18, 42,
127, 64, 7,
63, 7, 85,
117, 71, 64,
53, -70, 42,
99, 65, 56,
111, 7, 50,
117, 32, 86,
138, 37, 129,
70, -4, 45,
115, 77, 38,
101, 66, 80,
95, 40, 30,
94, 49, 36,
98, 47, 133,
107, -14, 51,
145, 10, 63,
154, 82, 60,
106, -31, 53,
104, 21, 37,
127, 20, 83,
37, -20, 35,
80, 44, 31,
70, 47, 38,
111, 19, 39,
73, 31, 43,
82, -36, 67,
109, 26, 18,
105, 52, 78,
87, 57, 83,
114, -1, 76,
99, 49, 74,
80, 34, 63,
45, 4, 39,
114, 53, 64,
113, 27, 33,
90, -14, -3,
117, 22, 18,
114, 34, 41,
54, 42, 28,
98, 63, 48,
135, 46, 47,
43, -50, 30,
107, -12, 35,
102, -4, 33,
81, 44, 46,
101, 58, 104,
43, 35, 29,
89, 62, 131,
129, 35, 109,
93, 22, 84,
91, 47, 65,
88, 21, 107,
156, 81, 2,
134, 11, 76,
88, 6, 87,
67, 12, 55,
118, 73, 98,
144, -19, 61,
117, -13, 85,
65, 31, 63,
70, 41, 47,
78, 24, 52,
93, 59, 39,
113, 30, 109,
-12, -27, 47,
133, 28, 22,
111, 41, 79,
115, 18, 23,
87, 16, 82,
153, 38, 52,
96, 30, 49,
137, 64, 101,
54, 30, 16,
144, 8, 31,
97, 4, 111,
114, 24, 77,
84, 16, 55,
110, 51, 63,
123, -17, 26,
135, 5, 10,
126, 24, 51,
114, 8, 15,
97, 47, 74,
62, 36, 91,
134, 25, 40,
119, 25, 73,
94, 38, 31,
42, -8, 35,
137, 58, 58,
84, 14, 85,
71, 13, 62,
93, -30, 96,
103, 43, 44,
71, 10, 86,
129, 47, 46,
107, 24, 32,
79, 40, 83,
72, -6, 38,
125, 28, 131,
90, -15, 82,
72, 14, 63,
101, 22, 55,
70, 3, 42,
115, 24, 17,
61, -5, 58,
93, 13, 112,
69, 29, 47,
79, 66, 96,
73, 17, 73,
130, 76, 57,
71, 25, 57,
70, 43, 31,
91, 20, 65,
112, 1, 26,
68, 4, 101,
8, -40, 62,
70, 9, 78,
102, 40, 38,
86, 26, 37,
112, 25, 66,
29, 43, 46,
122, 15, 59,
81, 24, 81,
165, 61, 70,
99, 38, 23,
129, 51, 43,
122, 5, 110,
116, 29, 49,
159, 61, 50,
128, 25, 48,
95, 37, 65,
85, 54, 39,
76, 93, 10,
156, -26, 75,
95, 48, 72,
134, 17, 70,
45, 46, 54,
81, 47, 74,
108, -36, 90,
81, 13, 32,
106, 0, 97,
62, 30, -4,
114, 12, 46,
90, 245, 95,
106, 61, 99,
60, -4, 47,
122, 21, 52,
59, 48, 51,
80, 81, 111,
94, -32, 80,
41, 21, 100,
66, 30, 56,
93, 18, 50,
103, 24, 24,
145, 61, 78,
151, 25, 81,
53, 20, 45,
85, 47, 74,
140, 89, 71,
112, -14, 68,
68, 10, 37,
126, 1, 93,
139, 48, 67,
143, -13, 57,
52, -9, 23,
133, 0, 62,
136, 31, 114,
89, -11, 6,
108, 22, 27,
91, 34, 13,
101, 30, 36,
88, 14, 58,
101, 1, -16,
104, 16, 58,
94, 52, 88,
99, 31, 83,
126, 11, 90,
85, -6, 83,
122, 5, 81,
76, -5, 45,
116, 69, 106,
93, 0, 52,
127, -14, 96,
76, 36, 64,
100, 27, 81,
103, 34, 0,
83, 28, 50,
78, 60, 51,
147, 32, 51,
151, 44, 45,
124, 18, 106,
96, -12, 72,
118, -25, 99,
109, 32, 91,
61, -5, 16,
96, 41, 97,
120, 60, 48,
29, 66, 74,
92, 4, 98,
121, -6, 148,
88, 58, 50,
128, 42, 45,
94, 88, 53,
106, 53, 30,
83, -19, 65,
111, 7, 90,
79, 4, 2,
99, 12, 55,
120, 7, 36,
103, 53, 47,
87, 10, 19,
81, 22, 74,
148, 4, 45,
86, 0, 30,
92, 33, 74,
139, 2, 40,
120, 28, 111,
65, -3, 37,
41, 26, 29,
160, 18, 37,
72, -4, 81,
88, 1, 87,
134, 50, -5,
108, 23, 43,
103, 42, 66,
94, -12, 18,
117, 11, 43,
86, 39, 69,
119, 70, 99,
78, 51, 37,
128, 16, 98,
125, -24, 145,
59, 3, 20,
96, 33, 90,
92, 26, 5,
123, 39, 48,
79, 6, 33,
82, 46, 34,
127, 26, 56,
135, 81, 93,
79, 18, 43,
108, 62, 72,
97, 46, 5,
117, 73, 41,
127, 56, 74,
41, 18, 53,
116, 51, 62,
114, 29, 80,
63, 52, 40,
120, 4, 67,
36, 54, 57,
100, 52, -219,
90, 45, 61,
77, -15, 41,
104, 36, 126,
65, 26, 32,
142, 41, 91,
111, 0, 109,
133, 38, 51,
104, 50, 2,
127, -16, 59,
131, 44, 96,
101, 45, 62,
123, 53, 15,
131, 38, 8,
108, 33, 106,
66, 39, 44,
87, 22, 61,
103, 22, 50,
124, -45, 49,
120, 34, 61,
50, -18, 49,
57, 55, 99,
74, 59, 14,
108, 27, 126,
100, 11, 71,
73, 38, 54,
95, 51, 39,
90, 16, 41,
89, 32, 128,
103, 81, 98,
60, 37, 95,
57, 15, 41,
107, 27, 5,
101, 12, 18,
110, 0, 70,
101, 27, 88,
102, 20, 31,
108, 3, 7,
86, 35, 116,
61, 50, 106,
44, 29, 82,
78, -1, 66,
69, 22, 89,
84, -5, 72,
142, 41, 70,
91, -15, 53,
113, 33, 31,
143, 56, 76,
100, 32, 79,
138, 31, 17,
95, -5, 74,
126, 38, 69,
94, 88, 37,
48, -15, 61,
120, 23, 24,
95, 27, 1,
97, 53, 55,
111, 54, 26,
120, 7, 53,
91, 20, 62,
119, 55, 101,
60, 57, 26,
139, 18, 56,
91, -10, 21,
58, 34, 46,
76, 34, 49,
117, 59, 33,
125, 20, 32,
92, -15, 24,
74, 28, 53,
148, -21, 50,
91, -12, 45,
124, 29, 126,
132, 5, 35,
106, 32, 90,
131, 27, 62,
86, -11, 34,
68, 38, 72,
89, -12, 36,
47, -22, 64,
114, 47, 77,
84, -6, 63,
92, -26, 60,
113, 56, 120,
119, 1, 20,
109, 52, 21,
148, 46, 57,
94, 62, 31,
98, 39, -13,
42, 42, 32,
101, 29, 41,
76, 14, 35,
130, 26, 56,
101, 42, 29,
100, -8, 36,
116, 27, 101,
132, 66, 89,
67, 57, 46,
136, 42, 55,
86, 21, 97,
92, 42, 50,
132, 37, 6,
103, 17, 53,
89, 22, 27,
114, 21, 84,
110, -23, -14,
76, -3, 59,
122, 8, 110,
70, 4, 68,
108, 48, 85,
63, 30, 73,
98, -11, 57,
84, 34, 33,
79, -26, 44,
102, 35, 68,
60, -10, 67,
87, -25, 30,
109, 23, 113,
104, 63, 57,
73, -15, 53,
95, -5, 33,
55, 22, 52,
124, 28, 84,
117, 38, 18,
117, 12, 47,
73, 38, 89,
97, 37, 44,
85, 56, 110,
120, 10, 29,
108, 41, 78,
123, 56, 105,
78, -33, 33,
134, 81, 74,
97, 52, 97,
112, 50, 81,
98, 44, 75,
114, 38, 76,
86, -6, 74,
135, 68, 132,
77, -18, 74,
82, 0, 64,
109, 21, 44,
140, 57, 27,
92, 37, 118,
60, 67, 75,
121, 11, 54,
144, 40, 99,
45, -59, 25,
72, 0, 12,
114, 26, 79,
120, 27, 80,
67, -13, 33,
122, 56, 42,
123, -45, 31,
81, 32, 78,
54, 32, 120,
151, -4, 87,
118, 33, 50,
122, 21, 94,
131, -5, 60,
110, -18, 29,
52, 34, 67,
138, 21, 94,
87, 23, 38,
111, 33, 31,
66, 24, 36,
76, 26, -6,
92, -6, 8,
107, 59, 81,
51, -13, -3,
100, -11, 124,
95, 44, 79,
98, 2, 87,
16, 48, 82,
117, 32, 63,
96, 56, 41,
127, -1, 102,
83, -10, 47,
89, 29, 45,
76, 4, 79,
47, -12, 49,
108, 13, 40,
88, -6, 26,
70, 32, 120,
122, -20, 24,
93, 25, 98,
98, 12, 33,
70, 39, 5,
56, 17, 75,
107, 2, 74,
120, 24, 72,
89, 23, 24,
101, 42, 64,
113, -1, 12,
103, 56, 90,
105, -3, 74,
80, 7, 97,
106, 19, 73,
125, 24, 29,
85, 40, 58,
116, 3, 78,
77, 23, 73,
117, 5, 95,
90, 52, 63,
64, 38, 16,
112, 89, 106,
121, 12, 38,
103, 23, 60,
130, 2, 66,
125, 32, 44,
92, 41, -13,
93, -18, 31,
138, 21, 41,
148, 1, 74,
131, 65, 24,
56, 36, 13,
113, -3, 9,
131, 68, 70,
107, 52, 13,
106, 49, 90,
76, 34, 54,
96, 12, 96,
52, 9, 45,
96, 8, 68,
99, 28, 56,
64, 72, 61,
85, 20, 72,
97, 25, 67,
110, 21, 69,
89, -17, 52,
129, 18, 78,
150, 33, 63,
135, -15, 58,
73, -30, 95,
102, 49, 80,
151, 53, 57,
83, 18, 40,
100, -18, 67,
103, 28, 76,
64, -1, 53,
98, 31, 64,
96, 18, 49,
89, 24, 50,
87, 65, 98,
99, -2, 92,
169, 25, 42,
104, 29, -6,
99, 108, 95,
86, 3, 34,
109, 72, 63,
94, 1, 18,
89, -50, 43,
63, -3, 88,
126, 10, 19,
112, 14, 21,
85, 47, 70,
130, 6, 95,
88, 15, 56,
117, 68, 72,
86, 49, 54,
150, 30, 98,
88, -7, 103,
55, 19, 37,
92, 72, -2,
63, 14, 67,
117, 17, 69,
73, 81, 88,
129, 30, 106,
66, 23, 72,
78, 45, 29,
79, 25, 85,
42, 20, 41,
86, 12, 53,
121, 16, 65,
120, 26, 107,
98, -31, 68,
114, 15, 86,
113, -19, 99,
117, 46, 87,
134, 44, 75,
140, 43, 88,
97, -6, 93,
77, 41, 102,
104, 71, 60,
123, -12, 69,
115, 56, 91,
91, -6, 98,
139, 40, 70,
98, 66, 112,
92, -12, 22,
139, -8, 41,
122, -2, 73,
108, 3, 39,
79, -36, 49,
90, 4, 85,
96, 50, 44,
109, 44, 110,
73, 1, 23,
64, -1, 22,
134, 23, 85,
97, 34, 57,
65, 39, 40,
100, 226, 86,
91, -7, 77,
130, 18, 55,
109, 3, 50,
117, 23, 97,
162, 39, 59,
71, 30, 118,
62, 58, 73,
94, 2, 21,
90, -22, 54,
82, 36, 108,
83, 37, 85,
72, 17, 77,
95, 99, 87,
137, 49, 33,
101, 17, 66,
168, 38, 119,
88, 39, 58,
45, -15, 64,
64, 12, 61,
97, 25, 57,
125, -21, 77,
94, 30, 75,
102, 40, 40,
74, 50, 82,
137, 42, 49,
101, 27, 56,
147, 52, 77,
53, -14, 41,
137, 28, 60,
91, 30, 58,
80, 10, 63,
83, -19, 39,
105, 32, 47,
78, 34, 32,
55, 32, 80,
77, 22, 69,
135, 69, 95,
98, 46, 52,
106, 83, 51,
97, 94, 109,
32, 3, 22,
82, 45, 68,
81, 27, 102,
101, -51, 55,
133, 72, 33,
80, 93, 44,
82, 37, 26,
69, 10, 32,
138, 59, 82,
137, -3, 109,
106, 52, -11,
134, 44, 83,
115, 46, 40,
120, 68, -13,
85, 1, 90,
62, -25, 6,
129, 54, 52,
113, -29, 44,
71, 32, 89,
76, 81, 68,
129, 51, 91,
90, 42, -1,
100, 2, 10,
41, 40, 76,
60, 49, 83,
84, 16, 31,
67, 1, 31,
130, 25, 98,
85, 24, 72,
65, 48, 110,
72, 39, 29,
95, -31, 85,
48, 59, 37,
117, 25, 99,
169, 23, 38,
119, 52, 35,
98, 39, 62,
106, 13, 98,
91, 22, 43,
68, -13, 42,
107, 67, 113,
131, -8, 23,
64, 27, 9,
109, 29, 49,
81, 28, 23,
95, 88, 49,
50, 25, 81,
64, 71, 71,
81, 34, 50,
114, 38, 64,
159, 1, 80,
71, 6, 90,
118, 18, 69,
77, 22, 37,
88, 35, 48,
105, 5, 128,
94, 24, 13,
90, 26, 39,
123, -3, 34,
96, 71, 38,
132, 74, 96,
95, 40, 77,
108, -2, 142,
65, 21, 58,
134, 72, 30,
76, 25, 53,
119, 6, 16,
109, 2, 14,
82, 41, 81,
70, 4, 68,
97, 16, 88,
71, 25, 63,
83, 88, 136,
108, 39, 27,
130, 13, 81,
125, 26, 53,
40, 57, 93,
54, 52, 1,
53, 10, 41,
104, 58, 44,
80, 20, 28,
120, 7, 103,
134, 6, 29,
100, -15, 41,
116, 38, 55,
79, 28, 20,
86, 20, 104,
93, 17, 18,
102, 40, 84,
100, 29, 54,
99, 24, 72,
95, -8, 1,
79, 59, 29,
54, 20, 71,
133, -23, 44,
55, -5, 57,
91, -17, 41,
150, 9, 78,
133, 25, 111,
115, 2, 88,
151, 21, 64,
94, 70, 94,
66, 3, 72,
98, 7, 70,
64, 50, 17,
108, 65, 66,
127, 15, 93,
63, 37, 3,
130, 8, 17,
95, 12, 54,
81, 23, -13,
103, 17, 35,
126, 30, 108,
86, 7, 115,
73, 57, 67,
86, 75, 41,
57, 14, 52,
115, 28, 103,
73, 29, 33,
55, 13, 60,
110, 49, 67,
106, 12, 80,
71, -10, 78,
117, 40, 35,
106, 64, 22,
65, -13, 42,
55, 1, 9,
112, 51, 51,
110, 35, 47,
23, 26, 1,
125, 57, 74,
100, 31, 43,
109, 37, 35,
72, 253, 74,
79, 5, 47,
106, -14, 17,
84, 76, 106,
83, 49, 49,
102, 39, 70,
83, 6, 39,
95, 8, 80,
111, 64, 53,
119, 75, 31,
107, 1, 21,
96, 80, 38,
135, 12, 56,
88, -21, 54,
95, 54, 73,
125, 42, 42,
82, 20, 58,
123, 6, 42,
72, -6, 45,
133, 86, 98,
102, -20, 1,
85, 62, 68,
62, 42, 25,
111, 67, 19,
110, 28, -12,
57, 33, 15,
83, 1, 79,
89, -26, 69,
80, 47, 2,
86, 54, 101,
68, -33, 37,
110, 90, 67,
94, 13, 14,
98, 64, 61,
96, 22, 60,
110, 41, 67,
47, 55, 74,
85, 8, 40,
100, 14, 45,
125, 43, 68,
131, -18, 41,
61, 6, 55,
82, -31, 52,
130, 2, 94,
99, 22, 108,
109, 35, 42,
103, 32, 102,
83, -7, 55,
80, 18, 87,
70, 59, 50,
66, 46, 100,
109, 45, 58,
83, -15, 48,
125, 30, 91,
71, 14, 86,
78, 21, 88,
70, 12, 69,
123, -6, 30,
80, 50, 42,
73, 80, 93,
134, 69, 60,
59, -32, 90,
110, 35, 53,
77, 33, 63,
128, 62, 90,
73, 55, 59,
99, 36, 45,
69, 33, -26,
139, 55, 77,
103, 7, 52,
89, 47, 76,
63, 4, 87,
101, 2, 81,
100, 39, 73,
88, 20, 33,
96, 55, 40,
71, -7, 45,
123, 27, 93,
114, 55, 71,
41, 20, 80,
111, 28, 62,
72, -12, -20,
78, 5, 49,
67, 7, 42,
112, 43, 68,
140, -21, 93,
122, -21, 109,
99, 29, 68,
61, -5, 35,
90, 250, 99,
67, 8, 73,
77, 28, 45,
124, 44, 24,
140, 32, 22,
115, 42, 6,
77, 71, 68,
103, 36, 65,
79, 17, 54,
111, 56, 70,
114, 45, 50,
78, 1, 29,
84, 4, 95,
101, 58, 95,
70, 7, 88,
157, 28, 31,
89, 43, 83,
66, 18, 57,
104, 37, 89,
104, 20, 60,
127, 4, 65,
101, 23, 93,
108, 61, 44,
97, 26, 60,
95, 72, 56,
157, 33, 62,
107, -22, 21,
86, 20, 34,
80, 12, 53,
120, 33, 108,
108, 41, 68,
74, -4, 41,
123, 38, 99,
93, 10, 80,
41, -8, 57,
82, 19, 77,
102, 66, 26,
73, -29, 29,
133, 47, 105,
91, 15, 70,
116, 45, 71,
59, -30, 46,
162, 98, 98,
49, -10, 41,
112, 36, 49,
123, 15, 77,
107, 21, 58,
100, 26, 55,
73, 5, 61,
106, 21, 74,
93, 14, 58,
74, 37, 39,
84, 0, 69,
54, 31, 66,
65, 23, 44,
83, 62, 132,
117, 60, 60,
112, 26, 57,
99, 43, 27,
70, 8, 97,
84, 44, 44,
87, 42, 66,
112, 89, 90,
82, 61, 84,
140, 45, 62,
80, -6, 12,
101, 26, 59,
144, 12, 64,
90, 9, 87,
80, -13, 78,
35, 16, 27,
97, 32, 73,
103, 61, 53,
92, 57, 89,
106, 25, 82,
132, 40, 87,
67, -36, -1,
125, 46, 63,
92, 86, 49,
85, 28, 65,
97, 31, 92,
132, 16, 21,
101, 71, 81,
95, 23, -23,
98, 31, 86,
73, 75, 102,
100, 1, 72,
88, 23, 70,
116, 27, 43,
85, 30, 41,
97, 7, 104,
102, 30, 87,
136, 29, 87,
134, 9, 74,
93, 75, 59,
140, 21, 83,
69, 13, 72,
86, 46, 45,
116, -33, 20,
93, -8, 39,
103, 70, 80,
85, 2, 24,
65, 29, 51,
104, 15, 87,
111, 12, 76,
98, -33, 5,
138, 57, 76,
76, 32, 84,
112, 40, 30,
105, 35, 46,
83, 11, 81,
88, 0, 45,
89, 49, 67,
102, -1, 54,
144, 11, 93,
84, 31, 35,
107, 30, 53,
88, 37, 29,
67, 9, 89,
94, 15, -11,
147, 73, 59,
93, -11, 74,
136, 19, 104,
112, 51, 137,
118, 56, 45,
67, 32, 23,
119, 20, 29,
103, 32, 6,
59, 5, 81,
151, 50, 24,
64, 13, 65,
101, 17, 52,
93, 46, 61,
103, 47, 110,
118, 16, 40,
77, -6, 39,
130, -5, 89,
96, 26, 46,
131, 18, 62,
135, 40, 94,
139, 21, 65,
54, 52, 18,
59, 48, 111,
137, 29, 55,
83, 20, 43,
56, 15, 47,
126, 11, 76,
80, 33, 51,
93, 32, 88,
77, -10, 64,
80, -11, 86,
89, 47, 21,
86, 63, 32,
142, 93, 99,
41, -41, 63,
135, 43, 117,
103, 24, 0,
99, 9, 39,
81, 9, 29,
102, 24, 65,
89, 11, 18,
116, 42, 66,
147, 2, 75,
113, 106, 46,
115, 39, 76,
108, 57, 65,
143, 39, 44,
91, -7, 86,
83, 42, 72,
57, 26, 23,
129, 59, 103,
126, -15, 63,
105, 5, 13,
94, 32, 15,
82, 52, 25,
58, 43, 82,
94, -8, 47,
74, 33, 32,
122, 34, 49,
89, -6, 70,
200, 32, 46,
69, -44, 3,
115, 39, 88,
77, 26, 65,
112, 24, 19,
75, -19, 44,
94, 24, 60,
87, 30, 68,
78, -14, 73,
109, 21, 50,
68, 50, 68,
95, 23, 44,
83, 32, 62,
84, -4, 88,
96, 12, 85,
58, 23, 19,
88, -7, 65,
110, 0, 22,
125, 27, 53,
92, 16, 10,
107, -3, 27,
88, 68, 86,
59, 15, 21,
179, 58, 82,
42, 11, 91,
96, 37, 83,
124, 14, 65,
81, -5, 64,
99, 19, -18,
151, 29, 24,
67, -7, 40,
74, 51, 84,
87, 19, -25,
92, 24, 20,
135, 12, 60,
123, 6, 92,
113, 10, 59,
73, 7, 74,
119, 53, 39,
118, 14, 44,
147, 50, 90,
74, 0, 17,
118, 59, 65,
128, 59, 50,
136, 7, 116,
96, 32, 100,
94, 17, 68,
81, -5, 61,
135, 26, 46,
120, 31, 67,
113, 3, 11,
100, 9, 56,
74, 236, 53,
86, 52, 81,
86, 68, 115,
103, 34, 38,
125, -20, 20,
78, 5, 26,
59, 12, 77,
130, 37, 22,
129, 64, 75,
94, 48, 86,
80, -9, 27,
82, 30, 67,
80, 52, 78,
128, 16, 85,
133, 38, 92,
83, 19, 41,
143, -7, 89,
116, 25, 86,
69, -11, 53,
118, 2, 82,
46, -1, 60,
97, 34, 53,
139, 43, 64,
102, 8, -4,
83, 50, 60,
79, 27, 73,
88, 56, 51,
90, 55, 53,
134, 2, 43,
96, 12, 95,
90, 49, 64,
105, 14, 66,
89, -16, 47,
81, 23, 81,
86, 66, 72,
114, 16, 86,
129, 17, 110,
119, -19, 64,
120, -5, 60,
41, -8, -13,
102, 69, 35,
109, 42, 74,
106, 57, 125,
53, 0, 108,
103, 14, 27,
109, 28, 42,
88, 26, 19,
102, 22, 62,
63, 10, 56,
102, 28, 75,
90, 95, 58,
116, 15, 42,
118, 22, 79,
91, 12, 62,
127, 45, 51,
92, 36, 24,
99, 41, 45,
100, 15, 86,
73, -29, 86,
122, 47, 33,
92, 26, 94,
67, -11, 52,
81, -3, 81,
98, 46, 61,
78, 46, 74,
105, 22, 49,
94, -7, 10,
153, 17, 71,
54, 31, 9,
130, 1, 114,
96, 46, 81,
109, 81, 78,
97, 39, 59,
76, 27, 82,
65, 11, 49,
81, 16, 60,
79, 17, 23,
145, 22, 72,
97, 46, 83,
79, 26, 18,
107, 41, 45,
90, 48, 63,
62, 16, 98,
77, 31, 86,
126, 3, 64,
106, 17, 92,
99, 82, 81,
92, 50, 80,
125, -6, 118,
56, -18, 62,
93, 10, 53,
91, -12, 57,
75, -9, 94,
109, 18, 42,
59, 3, 55,
97, 52, 54,
54, 17, 53,
94, 20, 40,
72, 12, 71,
45, 29, 88,
117, 19, 51,
107, -13, 7,
114, 34, 58,
111, -3, 66,
97, 15, 96,
65, 43, 37,
136, 12, -34,
75, 17, 67,
112, 4, 21,
97, 44, 54,
102, -13, 31,
126, 46, 35,
101, 19, 57,
115, -4, 49,
102, 54, 76,
66, -8, 73,
122, 38, 82,
56, -36, 85,
84, 8, 38,
111, 15, 45,
104, 32, 115,
99, 36, 65,
144, 24, 57,
120, 33, 85,
114, 21, 85,
90, -15, 96,
92, 27, 33,
58, 20, 61,
106, 62, 97,
126, 5, 88,
102, 9, 53,
80, 40, 54,
134, 35, 100,
70, 58, 43,
85, 65, 85,
53, -36, 36,
94, 21, 19,
98, -14, 46,
133, 37, 83,
100, -43, 89,
134, 49, 33,
82, 40, 81,
70, 6, 57,
82, -2, 66,
102, 14, 52,
107, 35, 22,
76, 50, 74,
73, 12, 62,
103, 75, 65,
83, 45, 19,
65, 76, 70,
68, -22, 85,
74, 28, 73,
53, 14, 45,
50, 19, 48,
131, 6, 39,
110, 29, 46,
111, 13, 105,
58, 25, 57,
136, 23, 78,
75, 37, 85,
48, 38, 29,
96, -20, 46,
104, 30, 56,
144, 65, 73,
103, 8, 96,
94, 62, 84,
116, 2, 82,
96, 34, 34,
43, -27, 67,
117, 53, 99,
87, 45, 51,
93, 50, 80,
93, 46, 102,
106, 80, 54,
87, 2, 64,
92, 20, 5,
75, 14, 62,
89, 37, 80,
102, 0, 25,
112, 0, 70,
67, -35, 75,
90, 31, 30,
100, 22, 54,
108, 4, 80,
115, -17, 38,
46, -7, 50,
122, 35, 94,
122, 3, 79,
156, 45, 89,
97, -12, 46,
126, 40, 58,
110, 6, 13,
102, -6, 81,
85, 17, 55,
110, 46, 101,
97, 26, 21,
80, 29, 57,
78, 33, 42,
82, 8, 39,
98, 2, 80,
75, 44, 61,
79, 31, 74,
76, 29, 85,
110, 4, 100,
99, 0, 47,
99, 26, 86,
96, 28, 118,
90, 51, 37,
100, 35, 40,
163, 24, 65,
132, 45, 102,
100, -12, 60,
112, 32, 113,
99, 21, 24,
89, 18, 110,
79, 68, 23,
113, 68, 78,
93, 38, 56,
79, 60, 65,
118, 18, 84,
96, 37, 66,
50, -28, 44,
87, 24, 39,
93, 38, 35,
105, 30, 43,
77, 9, 27,
125, -2, 49,
64, 3, 75,
77, 32, 38,
86, 25, 74,
101, -3, 73,
103, 36, 41,
86, 22, 34,
106, 30, 93,
102, 27, 63,
73, 26, 72,
144, -38, 86,
110, -2, 65,
85, 47, 70,
81, 10, 69,
76, 26, 37,
110, 72, 106,
128, 50, 54,
79, -45, 17,
113, 7, 49,
84, 7, 68,
86, 45, 57,
92, 13, 57,
101, -25, 41,
117, 65, 42,
94, 51, 104,
101, 32, 81,
122, 31, 84,
143, 15, 74,
73, 13, 55,
146, 10, 67,
95, -27, 23,
171, 46, 88,
63, 54, 80,
110, 13, 73,
84, -10, 34,
91, 20, 48,
101, 42, 62,
122, 54, 43,
92, 35, 145,
105, 17, 64,
89, -13, 2,
137, 30, 27,
89, 37, 44,
50, 60, 19,
88, 35, 49,
101, 24, 98,
92, 10, 92,
102, 3, 87,
65, 58, 55,
39, 11, 21,
82, 21, 59,
63, 50, 52,
118, 60, 73,
115, 37, 13,
105, 70, -12,
91, 40, 73,
104, 12, -10,
128, 4, 60,
40, 13, 48,
99, 35, 84,
81, 8, 45,
86, 64, 52,
72, -45, 50,
128, 17, 54,
114, 20, 64,
79, 31, 108,
95, 13, 37,
67, 5, 2,
72, 23, 39,
51, -18, 35,
88, 50, 65,
92, 3, 65,
111, 8, 86,
109, 29, 10,
111, -10, 61,
106, 38, 62,
97, -4, 82,
112, 7, 90,
83, 47, 79,
95, 38, 27,
91, 42, 53,
121, 18, 125,
110, 31, 47,
134, 32, 69,
70, 31, 39,
85, 23, 126,
60, 40, 93,
50, 19, 65,
91, -6, 34,
132, -1, 68,
105, 22, 99,
69, -1, 25,
125, 37, 121,
98, 18, 69,
156, 50, 47,
119, 8, 84,
77, 25, 54,
79, 16, 69,
82, 15, 38,
62, 49, 85,
94, 10, 78,
92, -30, 68,
143, 76, 68,
122, 6, 88,
97, -7, 74,
140, -11, 57,
134, 1, 58,
108, -1, 91,
111, 21, 75,
109, 44, 49,
36, -5, 56,
106, 38, 56,
138, 18, 101,
121, 28, 91,
83, -14, 53,
107, 116, 65,
101, 70, 83,
73, -18, 78,
70, 35, 55,
93, 13, 71,
125, 53, 33,
67, 20, 76,
77, 9, 55,
82, 21, 88,
55, 40, 91,
53, 35, 103,
97, 39, 57,
63, 49, 85,
106, 15, 78,
109, 35, 73,
110, 21, 61,
120, 75, 24,
112, 42, 74,
71, 4, 11,
89, -7, 103,
116, 2, 63,
104, 51, 54,
91, 70, 75,
104, 46, 94,
72, 27, 68,
91, 33, 33,
108, 36, 78,
64, 36, 49,
103, -31, 63,
71, 18, 79,
108, 74, 21,
113, 29, 98,
88, 37, 64,
135, 21, 43,
81, 6, 73,
104, 31, 29,
81, 31, 21,
112, 21, 12,
81, 0, 23,
147, 73, 56,
100, -27, 35,
119, 35, 86,
89, 38, 84,
110, 17, 36,
76, 63, 96,
116, 48, 53,
125, 50, 91,
86, 20, 82,
100, 61, 78,
78, 21, 4,
100, 30, 34,
75, 4, 25,
124, 48, 63,
109, 25, 59,
49, 18, -6,
89, 63, 117,
96, 12, 77,
64, 32, 61,
53, 16, 58,
82, -11, 70,
133, 38, 71,
84, 82, 134,
102, 9, 31,
79, 30, 113,
104, 21, 55,
125, 10, 66,
93, -3, 59,
96, 64, 59,
89, 41, 52,
108, 34, 65,
68, -20, 39,
108, 51, 80,
111, 16, 82,
98, 41, 61,
54, 20, 55,
99, -6, 81,
114, 44, 62,
71, 51, 56,
92, -14, 44,
72, 20, 63,
82, 28, 92,
121, 29, 104,
116, 15, 33,
147, 127, 66,
166, 16, 77,
105, 25, 77,
96, -23, 27,
73, 38, 95,
117, 41, 45,
117, 31, 105,
122, 46, 71,
81, 13, 73,
137, 49, 54,
95, 11, 47,
54, -1, 86,
111, -250, 85,
89, 17, 71,
59, 21, 50,
126, 47, 51,
27, -18, 29,
131, 77, 58,
39, -13, 13,
65, 36, 105,
135, 17, 103,
55, 19, 41,
91, 28, 81,
120, 13, 78,
95, 1, 69,
114, 14, 21,
119, 46, 71,
67, 0, 41,
50, -16, 39,
120, 40, 49,
88, 24, 82,
154, 90, 128,
98, -3, 52,
76, -3, 43,
102, 33, 55,
78, 53, 36,
80, 40, 74,
99, 32, 55,
74, 11, 49,
126, -6, 20,
101, 28, 44,
116, -9, 19,
121, 28, 81,
143, -237, 38,
128, 23, 93,
113, 49, 121,
129, 68, 79,
117, 17, 26,
101, 7, 32,
96, -48, 56,
110, 37, 57,
117, 7, 96,
101, 25, 114,
107, 31, 84,
131, 54, 76,
92, 37, 45,
140, 30, 103,
121, 36, 25,
59, 14, 75,
85, 1, 30,
102, 21, 69,
72, 27, 47,
97, 48, 67,
78, 51, 78,
115, 36, 77,
84, -1, 66,
88, 38, 54,
131, 66, 20,
64, -12, 49,
88, 51, 72,
82, 50, 44,
149, 77, 73,
71, 17, 24,
84, 16, 113,
109, 42, 50,
58, -3, 41,
145, 53, 47,
93, 41, 28,
146, 52, 51,
60, -7, 62,
79, 15, 69,
68, 36, 83,
122, 38, 41,
152, 31, 55,
44, 47, 85,
102, 40, 84,
118, 41, 53,
27, 35, 0,
62, 9, 57,
97, -19, 73,
115, 14, 54,
104, 30, 49,
97, -6, 37,
73, 39, 87,
87, 46, 83,
53, -26, 55,
94, 43, 65,
77, 60, 65,
72, 19, 68,
98, -5, 74,
151, 28, 83,
46, 22, 58,
127, 71, 11,
87, 55, 54,
94, 37, 54,
47, 7, 34,
66, 16, 53,
76, 9, 19,
74, 51, 103,
97, 10, 39,
83, 5, 34,
106, 79, 41,
145, 75, 100,
93, 22, 54,
83, -21, 42,
82, 24, 4,
53, 32, 87,
136, -17, 85,
111, 52, 41,
96, 16, 60,
88, 27, 80,
105, 48, 67,
100, 64, 52,
66, 10, 70,
105, 38, 80,
103, 60, 48,
99, 9, 65,
135, 46, 51,
63, -12, 73,
56, 0, 53,
71, 56, 75,
67, 28, 62,
89, 66, -7,
128, 45, 92,
66, 33, 44,
121, -22, 47,
63, 4, 7,
102, 77, 75,
122, 2, 11,
111, 0, 46,
80, 63, 64,
64, 31, 17,
111, 17, 63,
130, 41, 29,
77, -47, 61,
88, 11, 9,
98, 72, 57,
88, 55, 44,
131, 10, 73,
113, 7, 54,
160, 17, 55,
120, -20, 95,
100, 63, 58,
116, 32, 89,
125, 16, 57,
90, -3, 37,
93, 9, 75,
78, 58, 108,
92, 41, 81,
46, 40, 69,
75, 12, -8,
95, 15, 39,
81, 11, 46,
94, 41, 57,
109, -11, 94,
103, 35, 58,
81, -14, 51,
90, 31, 73,
126, 11, 25,
62, 53, 73,
113, 43, 92,
76, -5, 74,
79, 20, 38,
96, 62, 120,
102, 12, 59,
53, 30, 52,
77, 42, 63,
77, 27, 60,
123, 45, 41,
89, 85, 72,
125, 24, 59,
73, 49, 108,
60, 83, 64,
69, 22, 47,
86, 5, 81,
106, 19, 102,
102, -4, 75,
86, 7, 52,
130, 22, 55,
104, 65, 75,
115, 19, 18,
97, 74, 87,
74, 18, 81,
56, 33, 12,
125, 13, 51,
99, 0, 96,
149, 25, 65,
130, 10, 99,
73, 33, 36,
77, 37, 56,
86, 43, 59,
123, 38, 86,
96, 7, 64,
126, 69, 160,
79, 65, 119,
71, -12, 52,
76, 48, 87,
90, 33, 28,
51, 30, 53,
96, -24, 33,
123, -11, 100,
66, 47, 33,
96, 26, 66,
121, 16, 39,
83, -8, 53,
68, 16, 11,
83, 25, 86,
108, 12, 22,
91, 42, 64,
121, 36, 36,
118, 21, 61,
95, 56, 49,
80, -13, 23,
97, 28, 1,
84, 21, 39,
121, 37, 57,
73, 13, 40,
87, 5, 43,
115, 27, 66,
65, 76, 29,
111, -11, 72,
127, 36, 82,
136, 20, 132,
123, 39, 49,
108, 32, 63,
108, 40, 55,
80, 42, 52,
162, 41, 68,
81, 27, 19,
121, 26, 70,
101, 43, 50,
78, 16, 79,
116, 77, 88,
96, 4, 38,
100, 43, 43,
74, 75, 87,
120, 28, 46,
122, 43, -15,
100, 55, 42,
114, 19, 55,
91, 53, 69,
70, -15, 77,
103, 13, 76,
91, 34, 51,
115, 11, -7,
126, 71, 93,
68, 36, 60,
51, 26, 68,
67, -26, 23,
142, 18, 95,
140, 7, 67,
65, 22, 40,
96, 38, 73,
77, 42, 44,
73, 43, 50,
81, 36, 52,
116, 42, 71,
137, -1, 5,
85, 18, 16,
108, 40, 50,
58, 37, 43,
107, 38, 56,
80, 38, 117,
79, 31, 18,
85, 42, 82,
107, 38, 39,
72, 27, 74,
91, 3, 130,
88, 35, 51,
128, -18, 78,
117, 43, 90,
106, 16, 106,
93, 28, 49,
65, 13, 45,
82, 59, 79,
97, 68, 59,
100, 41, 23,
95, 66, 50,
48, 22, 15,
76, 3, 82,
67, -4, 62,
113, 45, 38,
79, 4, 62,
170, 68, 122,
114, 27, 89,
157, 71, 31,
127, -5, 25,
87, -1, 0,
71, 23, 28,
96, 5, 7,
51, 21, 78,
122, -9, 53,
88, 31, 22,
93, 35, 37,
95, -11, 67,
98, 43, 82,
90, 12, 35,
115, -3, 54,
104, -32, 30,
83, -40, 95,
67, 44, 84,
124, 56, 22,
116, 13, 41,
89, 53, 66,
117, 24, 97,
133, 24, 33,
81, -21, 89,
106, -1, 64,
120, 65, 60,
65, 21, 47,
104, 26, 97,
131, 1, 38,
90, 46, 72,
47, 50, 54,
55, 50, 95,
83, 10, 38,
101, 30, 67,
73, -6, 9,
103, 50, 47,
152, 55, 38,
106, 58, 89,
40, 35, 10,
97, 38, 46,
117, 21, 49,
79, 37, 34,
93, -15, 21,
91, 52, 54,
38, 37, 15,
134, 57, 129,
143, 20, 55,
71, 25, 53,
104, -1, 52,
98, 0, 76,
107, 29, 49,
149, 67, 47,
98, -43, 68,
121, 24, 51,
82, -4, 46,
99, 24, 34,
92, 100, 85,
87, 28, 44,
95, 61, 44,
59, 101, 54,
98, 66, 58,
90, 31, 117,
77, 21, 53,
92, 57, 57,
74, 67, 102,
110, -28, 45,
106, 51, 61,
134, 84, 27,
121, 35, 104,
74, 6, 109,
86, 12, 40,
84, 23, 59,
122, -5, 60,
79, 29, 30,
79, 26, 103,
112, 20, 80,
91, 8, 52,
77, 47, 58,
99, 19, 98,
101, 49, 16,
87, 41, 61,
67, 2, 29,
90, 16, 91,
86, 29, 104,
130, 37, 102,
57, 63, 58,
99, 56, 103,
90, -32, 52,
138, 19, 43,
127, -17, 82,
114, 14, 70,
124, 18, 73,
77, 56, 46,
99, 19, 93,
69, -23, 31,
127, 9, 91,
87, 57, 95,
93, 5, 80,
87, 51, -26,
83, 39, 34,
84, 10, 15,
93, 7, 48,
87, 12, 84,
99, -5, 87,
105, 16, 37,
120, 10, 28,
93, 47, 29,
83, 71, 63,
93, 58, 72,
69, 25, 88,
96, 40, 87,
66, -9, 57,
85, 34, 63,
127, 34, 101,
96, -20, 78,
160, 76, 43,
119, -6, 53,
83, -1, 58,
93, 1, 34,
73, 34, 37,
113, 35, 56,
90, 25, 47,
92, 21, 68,
102, 51, 107,
68, 16, 117,
70, -8, 83,
77, -11, 33,
87, 72, 84,
59, 23, 50,
126, 34, 22,
82, 41, 48,
27, -5, 33,
101, 11, 38,
90, 50, 29,
113, 27, 67,
118, 8, 32,
76, 29, 45,
124, -5, 109,
66, -6, 50,
135, 41, 62,
92, 65, 63,
114, 43, 95,
138, 13, 8,
57, 29, 24,
71, 40, 25,
81, 26, 24,
92, 23, 85,
89, 33, 19,
107, 38, 3,
138, -10, 47,
122, 50, 49,
74, 22, 115,
121, 75, 4,
108, 17, 24,
95, 15, 85,
92, -5, 87,
57, 20, 13,
118, 35, 99,
54, 19, 27,
108, 31, 100,
61, 55, 80,
72, -58, 64,
107, -29, 37,
129, 27, 27,
89, -9, 46,
85, 22, 76,
119, 8, 10,
103, 55, 24,
65, 5, 49,
91, 19, 55,
61, 2, 53,
28, 97, 42,
96, 33, 43,
90, 10, 108,
78, 51, 41,
121, 57, 72,
61, 18, 41,
97, 31, 106,
46, -6, 61,
64, 13, 64,
110, -3, 35,
102, 57, 70,
88, -22, 39,
114, 36, 59,
104, 55, 41,
22, 18, 80,
136, 76, 86,
133, 36, 153,
61, 15, 7,
121, 46, 108,
76, 5, 42,
85, 42, 68,
129, 33, 45,
110, 57, 61,
121, 9, 71,
127, 28, 65,
107, -25, 8,
43, 48, 66,
90, 24, 55,
87, 67, 77,
119, 32, 85,
112, 36, 19,
137, 106, 49,
98, 4, 57,
88, 30, 56,
126, 29, 104,
125, 35, 23,
76, -6, 114,
121, 27, 33,
117, 2, 42,
123, 40, 85,
83, 3, 43,
110, 44, 44,
64, -7, 63,
121, 14, 66,
79, 40, 93,
106, 23, 54,
130, 54, 73,
84, -14, 45,
120, 12, 79,
135, 57, 144,
101, 9, 23,
84, 55, 36,
80, 91, 45,
75, 40, 46,
91, 18, 106,
121, 11, -5,
109, 39, 54,
65, -9, -5,
142, 32, 68,
66, 40, 67,
82, 15, 106,
42, 52, 54,
100, 69, 34,
59, -16, 47,
84, 35, 43,
100, 38, 55,
106, 76, 44,
90, 34, 83,
67, 58, 64,
62, 57, 52,
78, 5, 113,
107, -18, 109,
96, -20, 41,
104, 3, 101,
130, 35, 66,
109, 49, 46,
60, 40, 52,
125, 95, 40,
100, -15, 31,
110, 72, 108,
45, -19, 57,
148, 17, 47,
96, 31, 40,
84, 42, 79,
132, 34, 118,
44, 11, -1,
89, 48, 78,
131, 14, 77,
37, 17, 45,
95, 26, 67,
108, 33, 46,
105, 41, 46,
122, 38, 79,
125, 24, 59,
131, -5, 38,
138, 29, 63,
85, 21, 60,
112, 27, 50,
119, 25, 23,
89, 41, 62,
98, 10, 57,
38, 41, 70,
103, 42, 107,
162, 0, 44,
83, 32, 39,
64, 53, 68,
79, 49, 85,
127, 36, 64,
131, 34, 57,
74, -2, 38,
118, 7, 73,
60, -7, 33,
105, 4, 49,
108, 40, 56,
61, 21, 82,
116, 68, 20,
88, 4, 82,
64, 33, 107,
74, -2, 42,
125, 74, 93,
116, 86, 73,
104, 8, 74,
55, 22, 130,
97, 45, 40,
99, 8, 72,
95, 93, 77,
78, 33, 55,
120, 73, 53,
89, 38, 62,
98, -4, 68,
80, 16, -10,
102, -6, 50,
64, 16, 48,
100, 27, 57,
86, -13, 66,
91, 54, 95,
150, 8, 69,
43, 32, 49,
80, 51, 68,
84, 4, 58,
92, 28, 44,
154, 48, 109,
67, -18, 13,
116, 36, 36,
108, -9, 46,
131, 3, 126,
96, 51, 44,
90, 34, 42,
112, 36, -10,
108, 2, 38,
95, 54, 80,
86, 51, 70,
107, 24, 66,
107, 10, 44,
80, 12, 60,
118, 18, 12,
77, 16, 65,
92, 19, 57,
107, 77, 70,
73, 26, 71,
143, 48, 92,
114, 50, 16,
64, 38, 85,
82, 248, 113,
96, -2, 49,
93, 11, 87,
112, 44, 87,
90, -11, 63,
87, -4, 36,
111, 51, 42,
122, 24, 34,
109, 32, 149,
94, 41, 76,
81, 44, 40,
96, 70, 112,
98, 16, 72,
136, 23, 43,
132, 33, 51,
99, 33, 43,
106, 10, 58,
95, 1, 14,
110, 12, 76,
82, 36, 41,
71, 74, 3,
86, 22, 10,
92, 51, 88,
62, 29, 45,
164, 52, 81,
105, 47, 88,
92, 2, 89,
93, 41, 62,
94, 61, 24,
159, 28, 35,
116, 37, 42,
86, 46, 38,
80, 4, 59,
137, -3, 66,
79, 56, 40,
121, 6, 60,
89, -7, 31,
109, 34, 102,
116, 38, 76,
66, 49, 52,
89, 17, 35,
96, 41, 48,
85, 14, 80,
107, -1, 59,
115, 34, 42,
118, 16, 67,
46, 15, 63,
87, -6, 59,
87, 2, 49,
85, -1, 97,
116, 20, 24,
69, -15, -5,
129, 15, 42,
86, 41, 61,
51, 90, -21,
126, 53, 42,
44, -13, 70,
53, -8, 32,
113, 36, 60,
52, 24, 58,
78, 12, 20,
66, 28, 18,
143, 46, 32,
92, 17, 37,
94, 47, 89,
165, 30, 82,
104, -14, 95,
109, 9, 45,
56, -21, 36,
91, 32, 41,
101, 48, 19,
117, 19, 58,
100, 31, 102,
111, 20, 62,
65, 0, 42,
124, 28, 108,
100, 22, 36,
116, 31, 58,
62, 32, 71,
132, 24, 76,
134, 19, 87,
161, -26, 51,
129, 16, 75,
96, 44, 76,
121, 53, 96,
149, -16, 88,
110, -2, 56,
90, 46, 85,
79, 50, 51,
83, -20, 49,
137, 26, 10,
123, 23, 96,
158, 36, 84,
84, 60, 26,
138, 17, 75,
85, -5, 27,
116, 50, 90,
104, 49, 42,
100, 27, 80,
64, 23, 49,
111, 70, 89,
114, 71, 49,
88, 16, 38,
92, 17, 40,
85, -8, 122,
142, 48, 47,
129, 25, 44,
116, 23, 12,
105, -2, 93,
53, 4, 102,
83, 79, 36,
58, 90, 70,
115, 35, 36,
62, 62, 34,
125, 42, 100,
144, 15, 78,
134, 22, 99,
92, 2, 33,
100, 37, 70,
64, 50, 60,
98, 34, 58,
105, 14, 73,
96, 51, 35,
75, 54, 99,
64, 7, 59,
134, 13, 101,
143, 46, 30,
99, -1, 72,
76, 29, 65,
124, 17, 56,
84, -2, 58,
102, 42, 119,
96, 10, 48,
116, 71, 96,
111, 10, 72,
93, 18, 42,
125, 44, 86,
89, 15, 54,
141, 49, 23,
83, -12, 24,
109, 25, 52,
119, 27, 40,
92, 15, 44,
89, 40, 45,
117, 69, 43,
131, -33, -20,
88, 52, 26,
132, 80, 72,
87, 25, 46,
86, -1, 33,
91, 31, 120,
120, 66, 84,
59, 29, 10,
76, 37, 61,
101, -4, 64,
112, -8, 17,
148, 36, 52,
106, 81, 67,
97, 7, 63,
71, 12, 47,
114, 1, 62,
82, 43, 81,
123, -8, 33,
91, 11, 72,
75, 31, 159,
126, 6, 22,
67, 29, 60,
83, 32, 90,
92, 19, 74,
101, 24, 44,
98, 10, 46,
67, -7, 88,
140, 28, 49,
124, 5, 63,
97, 60, 80,
93, 15, 13,
100, 51, 84,
79, 26, 39,
87, 9, 106,
116, 42, 94,
111, 30, 42,
135, 58, 84,
94, -29, 48,
107, 49, 54,
115, 18, 79,
53, 49, 35,
120, 27, 16,
124, 29, 26,
88, -23, 41,
100, 29, 75,
65, -2, 56,
101, 34, 61,
118, 28, 49,
156, 54, 71,
94, -38, 92,
116, 1, 76,
78, 4, 60,
93, 27, 56,
71, 18, 71,
112, 29, 31,
76, 21, 89,
122, -12, 71,
101, 41, 39,
84, 12, 51,
100, 31, 85,
75, 87, 37,
70, 37, 76,
90, -1, 88,
93, 8, 18,
103, 26, 44,
117, 21, 49,
118, 35, 86,
108, 10, 17,
84, 83, 62,
108, 38, 35,
51, -6, 5,
103, 20, 87,
47, 36, 64,
99, 7, 82,
50, -15, 42,
73, 50, 114,
120, 68, 45,
107, 8, 101,
98, -18, 49,
91, 31, 69,
58, 33, 81,
100, 50, 55,
90, -12, 36,
64, 26, 78,
94, 47, 68,
117, 14, 16,
103, 34, 69,
92, -251, 68,
31, 33, 41,
129, 54, 69,
83, 3, 104,
73, 51, 46,
134, 7, 81,
81, -5, 36,
80, 22, -42,
140, 51, 19,
97, -15, 67,
75, 23, 34,
89, 39, 6,
90, -17, 37,
80, -19, 59,
124, 11, 47,
95, 34, 68,
103, -13, 70,
97, 60, 59,
89, 76, 58,
55, 51, 54,
126, 28, 47,
85, 33, 76,
124, 67, 69,
136, -3, 75,
46, 11, 100,
97, 27, 45,
51, 12, 62,
138, 47, 77,
128, 17, 22,
109, 8, 86,
137, 56, 66,
76, -254, 22,
104, 17, 38,
152, 29, 40,
75, -19, 34,
66, 15, 12,
118, 5, 135,
79, 54, 83,
118, -9, 5,
71, 29, 63,
118, 38, 10,
75, 35, 55,
99, -17, 19,
109, -33, 40,
79, 42, 7,
115, -2, 93,
116, 70, 61,
85, 4, 99,
83, -33, 62,
105, 33, 47,
78, 17, 46,
122, 25, 54,
45, -6, 55,
87, 45, 60,
123, 0, 71,
105, 27, 73,
135, 19, 58,
154, 27, 14,
107, -226, 84,
107, 90, 99,
93, 24, 49,
123, -19, 44,
105, 43, 78,
102, 13, 78,
98, 14, 51,
75, 24, 72,
106, 28, 51,
83, 16, 82,
58, 9, 46,
101, -4, 75,
85, 21, 8,
105, 87, 81,
83, 7, 29,
76, 67, 62,
101, 46, 3,
91, 44, 60,
47, 47, 49,
125, 39, 53,
82, 56, 104,
71, -4, 54,
79, 39, 15,
78, 43, 90,
38, 12, 65,
130, 31, 90,
75, 62, 57,
149, 87, 123,
42, -25, 21,
98, 96, 80,
66, -10, 109,
122, 37, 85,
103, 55, 25,
68, 62, 15,
102, 32, 62,
61, -18, 78,
107, 38, 100,
71, 6, 15,
94, 20, 27,
97, 32, 43,
73, 16, 39,
103, -8, 45,
103, 28, 24,
64, -4, 56,
112, 97, 81,
154, 20, 20,
90, 29, 76,
126, -14, 41,
120, -18, 71,
116, 25, 45,
80, 36, 67,
75, 47, 70,
82, 15, 100,
104, 21, -34,
70, 33, 52,
104, 4, 102,
117, 15, 93,
99, 65, 127,
105, 30, 27,
116, 38, 44,
102, 24, 77,
124, 35, 57,
116, 24, 56,
96, 12, 83,
149, 30, 102,
128, 31, 38,
115, 5, 12,
103, 48, 65,
105, 13, 94,
100, 35, 16,
125, 110, 135,
40, 2, 42,
106, -5, 49,
123, 39, 67,
60, 41, 66,
85, -25, 52,
96, 21, 33,
76, 33, 99,
110, 42, 64,
52, 8, 48,
103, 51, 89,
129, 49, 60,
74, 33, 79,
128, 67, 102,
45, 10, 73,
89, 16, 61,
66, 8, 59,
87, 45, 75,
107, 21, 45,
134, 48, 83,
100, 9, 36,
7, 5, 80,
108, 50, 105,
95, -16, 30,
95, 15, 89,
98, 29, 26,
135, 26, 32,
90, 21, 42,
68, 49, 53,
131, 14, 35,
93, 11, 45,
111, 16, 57,
108, 37, 72,
86, 17, 68,
49, 7, 101,
22, -1, 77,
63, 18, 40,
65, 25, 72,
75, 49, 27,
138, 54, 22,
101, 39, 78,
110, -16, 84,
82, 32, 59,
115, 29, 127,
98, 16, 37,
59, -6, 50,
130, 40, 35,
115, -35, 65,
127, 44, 72,
103, 42, 119,
129, 25, 67,
69, 35, 84,
53, 31, 82,
71, 45, 40,
80, 27, 75,
81, 10, 82,
102, 31, 52,
82, 12, 88,
121, 43, 74,
108, 27, 73,
106, -7, -14,
106, 17, 86,
67, 56, 12,
118, 48, 132,
81, -11, 17,
122, 40, 93,
112, 23, 115,
70, 41, 55,
99, -8, 35,
107, -19, 59,
89, 10, 61,
128, 6, 39,
51, -33, 112,
74, 53, 25,
74, 7, 41,
95, 30, 114,
74, 16, 92,
109, 64, 59,
97, 23, 31,
116, 14, 74,
132, -15, 34,
113, 43, 64,
90, 1, 30,
85, 49, 70,
129, 24, 80,
57, 17, 35,
62, 7, 48,
76, 15, 44,
114, 64, 100,
131, 63, 87,
52, -19, 31,
126, 28, 71,
60, 45, 80,
125, 4, 49,
128, 24, 51,
67, 11, 74,
112, 39, 56,
68, 25, 74,
124, 5, 30,
101, 34, 94,
106, 81, 64,
112, 27, 91,
80, -13, 35,
81, 29, 50,
87, 37, 57,
113, 15, 86,
106, 27, 22,
119, 51, 93,
42, -28, 30,
105, -7, 78,
73, -4, -8,
90, 32, 30,
124, 37, 20,
102, -12, 58,
112, 21, 71,
102, 43, 100,
115, -4, 22,
79, 17, 69,
88, 42, 93,
117, 42, 69,
94, 24, 31,
92, -2, 32,
34, 57, 69,
74, 10, 33,
125, 24, 113,
70, -14, 133,
69, -7, 66,
83, 37, 37,
142, 30, 104,
114, 12, 90,
88, 1, 56,
103, 51, 74,
122, -9, 40,
84, 13, 88,
98, 18, 96,
36, 24, 65,
71, -14, 39,
87, 16, 44,
135, 53, 64,
103, 21, 80,
115, 26, 82,
72, 3, 54,
113, 56, 116,
96, 57, 51,
64, -2, 95,
152, 16, 31,
45, 3, 81,
132, 24, 103,
68, -21, -6,
93, 46, 89,
126, 48, 35,
133, 45, 51,
129, 49, 39,
82, 31, 112,
76, -11, 255,
51, -26, -39,
146, 43, 49,
114, 8, 81,
112, 83, 51,
57, -9, 91,
101, 27, 78,
101, 50, 44,
88, 16, 81,
105, 14, 75,
72, -1, 74,
135, 83, 29,
94, 23, 87,
98, 12, 46,
70, -8, 59,
114, -15, 67,
95, 25, 37,
100, 11, 67,
150, 19, 15,
105, -15, 47,
107, 29, 34,
74, -18, 14,
156, 88, 16,
81, 39, 64,
114, 59, 56,
56, -32, 56,
41, 14, 68,
106, 23, 47,
96, 58, 53,
135, 52, 92,
95, 22, 61,
100, 9, 65,
148, 32, 60,
135, 5, 75,
132, 5, 47,
106, -13, 66,
98, 21, 79,
49, -11, 50,
116, 62, 99,
85, 16, 69,
90, 37, 67,
128, 77, 67,
130, 50, 52,
84, 5, 109,
83, 6, 41,
114, 71, 87,
100, 62, 75,
50, 2, 61,
63, 23, 47,
128, 63, 44,
50, -15, 30,
117, 58, 33,
96, 25, 62,
76, 22, 133,
58, 14, 66,
109, 13, 35,
81, 74, 80,
101, 12, 107,
60, 53, 37,
114, -8, 74,
107, 53, 34,
72, 16, 13,
102, 66, 66,
63, 32, 49,
80, 0, 76,
32, -15, 49,
94, 17, 109,
56, -19, 93,
69, 39, 57,
51, 25, 32,
69, 56, 46,
70, -7, 71,
90, 54, 33,
85, 49, 41,
80, 88, 73,
58, 34, 66,
129, 30, 71,
83, 31, 69,
70, 27, 7,
67, 15, 34,
66, -2, 38,
127, 40, 113,
117, 37, 80,
99, 65, 54,
90, 43, 87,
95, -9, 84,
110, 58, 15,
106, 16, 74,
100, 35, 58,
119, 71, 82,
137, 5, -28,
131, 32, 66,
104, 44, 87,
49, 10, 65,
101, 67, 101,
94, 27, 40,
101, 41, 74,
109, 70, 100,
88, 19, 66,
86, 34, 51,
112, 21, 79,
65, -21, 92,
121, 21, 52,
108, 1, 91,
80, 24, 65,
160, 41, 88,
73, -23, 119,
90, 24, 86,
64, 20, 60,
120, 22, 59,
88, -33, 45,
111, 54, 27,
112, 22, 44,
68, -5, 10,
119, 26, 0,
133, 0, 48,
88, 27, 73,
100, 16, 65,
117, 48, 55,
105, 8, 70,
103, 18, 35,
77, -3, 78,
83, 12, 65,
56, 52, 31,
114, 14, 69,
110, -34, 74,
67, 39, 36,
136, 41, 90,
99, 1, 56,
74, 29, 71,
79, 35, 52,
138, 22, 39,
105, 21, 61,
71, -20, 80,
81, 13, 92,
75, 16, 20,
92, 35, 54,
102, 54, 56,
54, 44, 97,
125, 13, 81,
83, 45, 29,
95, 29, 66,
119, 45, 60,
105, 51, 76,
115, 48, 55,
83, 10, 44,
75, 53, 66,
120, 35, 88,
67, 4, 68,
82, 16, 49,
52, 17, 43,
82, 27, 32,
44, 35, 18,
142, 2, 93,
52, 31, 60,
57, 44, 38,
48, 62, 66,
135, 56, 83,
95, 15, 40,
120, 24, 71,
80, 33, 13,
96, 7, 88,
138, 87, 70,
104, 31, 55,
55, 32, 69,
122, -1, 86,
76, 35, 17,
101, -2, 27,
77, 31, 46,
68, 38, 42,
88, 59, -9,
115, 5, 89,
87, 1, 70,
126, 15, 43,
88, -37, -5,
104, 7, 15,
142, 24, 23,
84, -13, 39,
103, 72, 38,
83, 6, 104,
107, 34, 84,
108, 25, 66,
68, 4, 58,
119, 0, 38,
65, 5, 9,
98, 61, 37,
84, 2, 51,
115, 86, 78,
94, -35, 54,
106, -9, 97,
106, 80, 114,
96, 34, 67,
125, 0, 47,
86, 3, 82,
99, 15, 74,
122, 50, 67,
46, -2, 44,
143, 44, 53,
77, 11, 95,
106, 30, 41,
28, 55, 32,
118, 1, 94,
96, 42, 48,
118, -12, 13,
104, 15, 94,
94, 34, 126,
74, 62, 46,
79, 31, 85,
88, 33, 43,
108, -5, 31,
144, 54, 58,
111, 52, 76,
104, 44, 29,
76, 40, -16,
140, 27, 105,
91, 36, 137,
116, -35, 54,
59, 4, 26,
88, 51, 52,
113, 52, 99,
82, 21, 76,
145, -17, 46,
103, 68, 104,
73, 4, 61,
64, 41, 3,
82, 30, 75,
145, 37, 90,
95, 72, 37,
49, 54, 46,
147, 57, 58,
139, 63, 50,
103, 25, 75,
119, 15, 8,
55, 26, 80,
77, -2, 55,
96, 7, 46,
69, -40, 73,
63, 53, 44,
108, 8, 139,
140, 44, 113,
96, -20, 93,
78, 43, 56,
136, 85, 88,
75, 29, 79,
81, 35, 65,
96, 36, 75,
75, 14, 22,
95, 7, 59,
102, 0, 39,
80, 66, 43,
118, 49, 87,
44, -17, 49,
80, -38, 39,
86, -3, 66,
82, 28, 105,
96, -1, 41,
99, 23, 69,
100, 36, 55,
54, 60, 33,
111, 19, 15,
87, 26, 48,
130, 66, 82,
110, 66, 74,
96, -34, 50,
99, 17, 47,
120, 0, 60,
90, 42, 79,
115, 45, 53,
97, 46, 55,
84, 15, 25,
63, 17, 62,
89, 13, 59,
75, 40, 6,
93, 34, 29,
115, 2, 48,
128, -9, 114,
109, -23, 0,
78, 37, 62,
125, 16, 68,
98, 48, 56,
68, 21, 61,
94, 51, 44,
105, 29, 20,
133, -9, 66,
63, -1, 34,
91, 11, 79,
96, 30, 53,
108, 65, 39,
120, 61, 54,
97, 61, 79,
75, 46, 49,
69, 6, 87,
106, 20, 39,
124, 54, 72,
96, 35, 117,
97, 26, 20,
94, 38, 46,
106, 63, 5,
132, 56, 76,
134, 18, 36,
86, 10, 48,
131, 24, 80,
93, 19, 42,
89, 14, 40,
100, 33, 76,
74, 28, 38,
102, 27, 55,
103, 25, 40,
74, -27, 51,
79, 6, 46,
107, 5, 50,
65, 4, 59,
125, 47, 96,
103, 21, 34,
93, 24, 62,
93, 41, 85,
155, -1, 101,
123, 20, 43,
62, 2, 56,
86, 35, 87,
80, 30, 67,
52, 52, 70,
66, 10, 65,
106, 115, 72,
127, 67, 19,
61, 251, 60,
80, 68, 93,
138, 15, 71,
127, 21, 65,
152, 84, 3,
69, 17, 53,
91, 27, 55,
102, 43, 47,
110, 62, 100,
54, 45, 22,
100, 30, 100,
136, 29, 77,
122, 72, 123,
104, 11, 95,
72, -19, 67,
94, 28, 94,
114, 57, 66,
68, 23, 39,
102, 47, -2,
140, 32, 95,
139, -5, 110,
111, 19, 71,
124, 72, 56,
107, 56, 53,
97, 2, 77,
83, 28, 80,
85, 3, 44,
88, -12, 23,
133, 59, 67,
81, 16, 108,
113, 30, 55,
108, -11, 56,
123, -13, 103,
47, 40, 75,
55, 6, 64,
85, 56, 59,
86, 50, 59,
85, -37, 88,
86, 13, 5,
122, 33, 75,
92, 39, 48,
91, 36, 20,
124, 49, 47,
130, 64, 21,
47, 80, 71,
57, 59, 61,
96, 53, 34,
102, -10, 90,
101, 24, 47,
60, -18, 57,
91, 67, 65,
99, 19, 12,
103, 7, 34,
107, -8, -1,
45, -19, 62,
84, 52, 55,
77, -11, 11,
99, 97, 60,
72, 50, 70,
128, 110, 97,
110, 42, 63,
80, -13, 78,
79, 72, 37,
113, 26, 110,
40, -28, 116,
115, 26, 63,
79, 11, 53,
76, 27, 60,
35, 10, 54,
95, 25, 23,
66, 34, 40,
100, 10, 2,
103, 24, 95,
57, 21, 0,
92, 44, 61,
105, -1, 34,
101, 43, 96,
107, -12, 73,
97, -1, 30,
92, 77, 46,
111, 22, 26,
109, 47, 90,
87, 60, 47,
49, 4, 41,
106, 44, 78,
79, 8, 78,
90, 16, 68,
115, 15, 126,
154, 16, 10,
105, 41, 85,
91, 58, 54,
67, 0, 89,
118, 16, 61,
89, 20, 43,
90, 25, 53,
109, 39, 83,
101, 14, 73,
102, 16, 59,
100, -10, 102,
104, 27, 26,
92, 38, 14,
97, 1, 48,
125, 48, 73,
93, 1, -12,
91, 20, 51,
93, 49, 45,
122, 23, 89,
74, 51, 76,
116, 4, 25,
111, 1, 72,
92, 22, 68,
94, 50, 29,
103, 30, 64,
62, -27, 69,
100, 31, 99,
96, 37, 77,
89, 30, 59,
113, 28, 89,
95, 52, 92,
99, 48, 28,
107, 57, 54,
93, 76, 62,
110, 8, 63,
112, 34, 72,
73, -46, 61,
125, 55, 85,
36, 19, 30,
104, 62, 91,
85, 75, 90,
94, 63, 58,
136, 51, 81,
82, -36, 47,
74, 51, 73,
132, 15, 91,
120, 25, 85,
64, 26, 30,
86, 15, 21,
123, 53, 70,
74, 20, 31,
105, 95, 124,
114, 32, 51,
96, -2, 35,
93, 44, 72,
122, -3, 69,
112, -41, 77,
146, 8, 37,
139, 66, 59,
139, 33, 41,
137, 19, 70,
113, 76, 95,
122, 20, 61,
44, -22, 42,
82, 37, 42,
112, 9, 57,
81, 61, 33,
123, -13, 60,
90, 11, 95,
99, 34, 85,
112, -36, 25,
111, 27, 101,
121, 25, 36,
101, 34, 67,
77, 4, 103,
113, 39, 44,
111, 37, 51,
133, 52, 92,
135, 41, 78,
101, -13, 32,
53, 45, 29,
91, 19, 17,
117, -5, 23,
93, 10, 61,
128, 23, 98,
86, -16, 111,
97, -6, 90,
92, 37, 47,
73, 63, 71,
70, -1, 64,
107, 34, 30,
41, -19, 82,
90, 72, 51,
82, 74, 82,
107, 42, 60,
92, 13, 99,
124, -1, 32,
92, -7, 56,
87, 22, 43,
31, 35, 77,
76, 0, 62,
75, 3, 61,
90, 28, 98,
175, 29, 85,
112, 58, 88,
88, 43, 48,
86, 30, 90,
87, 31, 26,
102, -33, 61,
89, 25, 56,
81, 42, 25,
56, 53, 47,
72, 42, 49,
112, 38, 93,
111, 61, 35,
100, 45, 87,
130, 10, 93,
94, -1, 36,
103, 27, 60,
125, 38, 36,
91, 29, 85,
51, 21, 49,
87, 38, 104,
130, 32, 84,
102, 25, 51,
130, -23, 103,
100, 38, 70,
98, 52, 97,
110, 21, 35,
111, 75, 57,
81, -16, 83,
125, 42, 75,
118, 43, 81,
81, 23, 46,
99, 63, 61,
95, 36, 17,
74, 42, 89,
96, 53, 38,
42, 23, 81,
84, 25, 89,
88, 22, 80,
132, 24, 86,
29, 43, 48,
125, -9, 88,
111, 54, 99,
119, 16, 67,
118, -15, 57,
105, 25, 45,
123, 27, 53,
89, 22, 129,
62, 26, 66,
80, 23, 79,
112, 45, 62,
115, 53, 25,
134, 48, 94,
114, 29, 55,
53, 32, 38,
106, 48, 55,
111, 40, 104,
93, 37, 32,
99, 33, 19,
103, 12, 90,
124, 27, 75,
79, 22, 51,
69, 47, 55,
94, 63, 61,
128, 23, 42,
83, 53, 36,
71, 28, 61,
126, 26, 86,
72, 43, 157,
122, 28, 56,
139, 40, 101,
89, 20, 45,
84, 11, 41,
99, 8, 31,
136, 42, 50,
90, 32, 96,
116, 18, 54,
72, 12, 71,
100, 20, 75,
77, 2, 42,
100, 46, 103,
69, 41, 68,
63, 12, 59,
112, 20, 40,
76, 34, 45,
137, 14, 40,
87, 38, 76,
83, 2, 62,
119, 14, 73,
118, 85, 69,
101, -12, 72,
85, 21, 67,
36, 79, 74,
95, 32, 35,
98, 28, 44,
91, 48, 85,
91, 39, 46,
83, 9, 65,
89, 58, 65,
107, 28, 105,
76, 11, 32,
106, 1, 65,
106, 41, 59,
149, 3, 85,
97, 11, 22,
42, 30, 10,
82, 30, 61,
112, 64, 108,
102, -24, 68,
70, -20, 49,
97, 40, 105,
52, 22, 84,
87, -4, 40,
148, 28, 105,
122, -17, 83,
17, 10, 45,
77, 17, 118,
115, 43, 13,
100, 46, 109,
81, 9, 27,
78, 7, 83,
92, 22, 9,
66, 77, 95,
106, 2, 71,
139, 21, 31,
90, -17, 38,
60, 33, 50,
122, 44, 92,
102, 38, 86,
63, 28, 109,
98, -43, 55,
81, 21, 43,
112, 72, 79,
109, 40, 50,
90, 48, 43,
112, 47, 79,
108, 31, 7,
74, 7, 28,
62, 31, 53,
99, -57, 78,
86, 8, 32,
145, 27, 93,
120, 52, 45,
123, 37, 70,
107, 29, 6,
150, 32, 7,
75, 28, 24,
89, -2, 21,
99, 66, 51,
109, 62, 54,
154, 50, 71,
119, 66, 93,
147, 45, 108,
134, 84, 81,
80, 0, 45,
137, 6, 111,
89, -30, 95,
66, 32, 22,
32, -15, 58,
92, 40, 83,
134, 12, 31,
89, 4, 56,
108, 19, 64,
114, 41, 29,
78, -15, 30,
119, 25, 60,
91, -5, 92,
123, 52, 58,
89, 0, 33,
87, 23, 65,
87, 57, 71,
149, -39, 41,
81, -14, 72,
126, 37, 64,
84, 8, 77,
137, 26, 87,
98, 31, 16,
88, -19, 71,
76, 17, 23,
128, 32, 67,
108, 34, 16,
78, 47, 71,
118, 26, 55,
85, -11, 94,
92, 26, 40,
71, -14, 6,
103, 70, 126,
137, 12, 27,
61, -7, 18,
101, 14, 30,
140, 46, 95,
118, 15, 121,
124, 23, 31,
60, -48, 62,
71, -42, 40,
53, 57, 77,
83, 13, 28,
86, -13, 33,
145, 59, 59,
67, 22, 55,
77, 48, 57,
146, 37, 58,
54, -8, 43,
109, 68, 33,
154, 15, 64,
114, 22, 91,
85, 28, 66,
85, 38, 14,
85, 2, 93,
85, 48, 74,
68, -15, 51,
129, 46, 34,
101, -11, 91,
106, 13, 55,
101, 66, 90,
97, 30, 101,
66, 56, 39,
96, 17, 62,
89, 31, 59,
103, 22, 43,
83, 36, 77,
52, 20, 33,
121, 26, 84,
63, -18, 9,
143, 29, 60,
126, 22, 97,
88, -5, 72,
94, 81, 102,
84, 18, 51,
129, 51, 109,
134, 23, 49,
93, 35, 83,
86, 16, 46,
107, 47, 90,
63, 6, 54,
72, 19, 66,
66, -40, 26,
129, 28, 46,
63, -2, 110,
88, -5, 53,
90, 27, -12,
31, 80, 80,
74, -11, 90,
80, 12, 67,
86, 15, 55,
77, 15, 22,
143, 15, 45,
133, 34, 111,
58, 21, 59,
131, 33, 89,
51, 33, 59,
72, 8, 45,
85, 30, 67,
65, -14, 19,
127, 69, 121,
69, 13, 94,
70, 42, 18,
80, 40, -1,
104, 14, 26,
89, -23, 36,
90, 14, 27,
84, 66, 99,
90, 73, 103,
65, -16, -7,
116, 49, 112,
120, 36, 87,
79, -4, 40,
81, 42, 59,
84, -44, 77,
105, 13, 54,
107, 13, 55,
166, 22, 45,
143, 42, 58,
45, -21, 34,
123, 22, 101,
137, 24, 67,
113, 51, 49,
52, 21, 36,
126, 39, 26,
152, 22, 30,
59, 38, 53,
124, 59, 65,
109, 37, 60,
93, 0, 64,
124, 36, 2,
103, 22, 63,
103, 24, 39,
86, 23, 62,
105, 5, 54,
70, 2, 38,
127, 17, 41,
114, 40, 98,
60, 37, 92,
130, 11, 23,
106, 10, 82,
75, 0, 72,
104, 33, 88,
114, 69, 92,
81, 31, 35,
126, -36, 20,
78, 55, 63,
62, 26, 69,
72, 55, 64,
66, 8, 76,
112, 69, 136,
104, 40, 23,
84, 24, 104,
116, 10, 50,
91, 9, 70,
90, -54, 48,
112, 60, 78,
139, 48, 46,
84, -4, 28,
74, 49, 48,
66, -15, 44,
117, 36, 79,
97, 13, 61,
103, 21, 72,
96, -1, 42,
83, 6, 57,
91, 24, 74,
115, 44, 43,
120, 18, 43,
107, 6, 13,
125, 57, 111,
67, 88, 61,
75, 39, 34,
110, 34, 39,
132, 24, 15,
90, 22, 90,
68, 27, 36,
94, 49, 152,
78, -22, 61,
120, -3, 30,
71, 7, 38,
91, 52, 1,
147, 41, 41,
122, 13, 70,
84, 30, 40,
121, 2, 48,
64, -8, 44,
134, 38, 102,
76, -8, 30,
117, 7, 66,
126, 92, 96,
81, 13, 41,
95, -4, 61,
70, -36, 47,
114, 25, 46,
121, 45, 24,
113, 34, 84,
85, 19, 48,
114, 25, 75,
113, 31, 47,
115, 36, 86,
32, -48, 31,
102, 114, 78,
80, 2, 23,
124, 5, 75,
86, 24, 68,
84, 19, 69,
74, 25, 87,
120, 60, 56,
117, 24, 85,
59, 3, -50,
109, 50, 57,
107, -1, 89,
99, 2, 80,
109, 28, 60,
114, 57, 71,
100, 27, 52,
97, 11, 75,
41, 69, 97,
108, 56, 108,
87, -7, 62,
105, 79, 87,
88, 5, 54,
46, 22, 1,
89, 15, 91,
122, 2, 82,
50, -11, 84,
49, 16, 84,
72, 19, 73,
114, 38, 43,
67, -4, 107,
68, -8, 18,
86, 3, 70,
66, -12, 41,
86, 55, 88,
80, 64, 24,
40, 14, 50,
133, 27, 18,
57, 9, 83,
130, -27, -3,
78, 5, 50,
75, 18, 38,
97, 27, 59,
72, 96, 135,
109, 26, 62,
122, 37, 110,
49, 35, 3,
103, 24, 100,
140, 28, 81,
74, 32, 66,
109, 30, 69,
77, 0, 25,
109, 2, 45,
92, 20, 115,
114, 49, 58,
121, 35, 68,
79, 88, 58,
74, 36, 66,
102, 21, 139,
78, 21, 127,
74, 27, 16,
129, 34, 96,
77, 47, 115,
93, 32, 73,
109, 39, 24,
116, 11, 61,
125, -1, 42,
132, 42, 24,
125, 23, -3,
149, 51, 75,
126, 43, 80,
134, 28, -11,
138, 68, 110,
135, 33, 88,
85, 79, 60,
121, 33, 80,
65, 0, 48,
76, -5, 54,
81, 29, 52,
113, -25, 61,
54, 35, 61,
81, -1, 56,
114, 13, 63,
81, 39, 65,
94, 6, 30,
68, 7, 56,
93, 6, 70,
167, 3, 105,
83, 63, 74,
101, 53, 40,
135, 63, 105,
88, 32, -16,
117, 26, 29,
120, 44, 81,
121, 2, 67,
84, -40, 56,
97, 6, 69,
76, -2, 71,
73, 21, -1,
98, 1, 28,
109, 29, 69,
118, 38, 54,
120, 53, 27,
147, 38, 30,
85, 27, 39,
120, 30, -37,
96, 45, 34,
69, 40, 93,
81, 15, 37,
103, 23, 60,
81, 3, 69,
68, -3, 61,
101, 20, 83,
130, 59, 57,
165, 37, 39,
79, -31, 91,
130, 50, 65,
96, 24, 42,
121, 40, 29,
132, 6, 106,
92, 41, 99,
104, -34, 70,
97, 13, 107,
79, 19, 78,
99, 8, 30,
124, 32, 19,
14, -16, 24,
126, 21, 80,
93, 9, 41,
122, 39, 12,
77, 54, 40,
112, 20, 70,
100, -10, -2,
119, 56, 128,
128, 26, 41,
84, 58, 50,
40, 43, 60,
94, 24, 52,
116, 4, 29,
61, 13, 65,
32, 32, 58,
44, 42, 65,
136, 24, 34,
122, 46, 38,
95, 11, 41,
60, 2, 67,
73, 14, 53,
45, 1, 91,
112, 25, 37,
126, 36, 53,
82, 34, 10,
65, -9, 16,
142, 21, 19,
103, 10, 95,
92, 40, 57,
60, 20, 57,
88, 13, 106,
98, -9, 64,
87, 34, 41,
104, -15, 29,
96, 47, 62,
109, 58, 95,
51, 43, 65,
94, -26, 26,
98, 32, 76,
51, 27, 78,
138, 65, 51,
134, 19, 81,
64, -8, 18,
36, 46, 73,
111, 23, 104,
119, 18, 52,
90, -1, 58,
129, 22, 40,
137, 30, 84,
75, 36, 99,
95, 32, 72,
67, 23, 72,
130, 50, 84,
104, -3, 3,
105, -18, 67,
72, 29, 81,
126, 17, 65,
91, 42, 100,
88, 32, 59,
148, 45, 52,
94, 13, 62,
111, 21, 12,
99, 28, 28,
86, 35, 46,
149, 29, 101,
110, 22, 88,
113, 23, 26,
90, 4, 52,
104, 8, 46,
129, 40, 35,
117, 14, 56,
101, -22, 18,
63, 27, 88,
68, 52, 19,
99, -1, 69,
149, 48, 77,
72, 36, 49,
70, 37, 60,
106, 48, 65,
109, 47, 82,
74, 29, 59,
124, -11, 66,
114, 34, 28,
72, 26, 57,
84, 26, 28,
117, 54, 47,
80, -10, 21,
108, 2, 71,
101, 17, 92,
74, 26, 34,
92, 7, 70,
94, 18, 24,
102, 48, 45,
68, 56, 83,
125, 11, 97,
119, 18, 28,
92, 7, 72,
81, 15, 54,
93, 38, 60,
53, 12, 63,
120, 33, 73,
111, -28, 44,
75, -14, 25,
87, 49, 64,
87, -6, 48,
95, 68, 136,
81, 24, 91,
129, 17, 57,
66, 25, 107,
85, 35, 34,
83, 21, 48,
134, 53, 62,
86, 40, 35,
93, 28, 94,
86, 57, 39,
81, 25, 54,
79, 35, 76,
93, 72, 29,
0, 17, 61,
100, 42, 47,
74, 33, 58,
121, 24, 93,
123, 58, 77,
108, 102, 67,
111, 24, 30,
108, 25, 79,
107, 38, 79,
74, 35, 56,
113, 21, 28,
124, 17, 48,
128, 51, 85,
92, 40, 54,
122, 17, 90,
55, 42, 89,
125, 16, 44,
92, -7, 37,
82, 23, 22,
78, 22, 56,
76, 7, 40,
114, 41, 45,
75, 50, 118,
90, 41, 77,
58, 36, 70,
106, 18, 16,
113, 66, 76,
87, 44, 48,
67, 36, 48,
53, 23, 49,
73, 49, 75,
98, 26, 13,
149, 44, 94,
62, 63, 49,
139, 22, 27,
88, 27, 68,
73, -220, 78,
125, 35, 75,
140, 39, 48,
114, 13, 26,
108, 4, 74,
48, 14, 37,
126, 31, 86,
69, -22, 10,
104, 37, 93,
115, -12, 37,
87, 36, 84,
71, 4, 72,
74, 45, 54,
83, -24, 12,
88, 17, 28,
71, 27, 47,
107, 40, 80,
85, 12, 67,
63, -2, 30,
129, 67, 151,
136, -5, 116,
22, -13, 22,
115, -13, 71,
73, 18, 29,
81, 66, 28,
99, 12, 77,
117, 10, 6,
97, 34, 96,
92, 53, 90,
83, 19, 62,
124, -13, 107,
120, 3, 25,
98, 18, 117,
81, 24, 88,
125, 9, 78,
90, -4, 19,
31, 31, 24,
84, 63, 63,
95, 14, 15,
96, 32, 104,
86, 50, 74,
62, 21, 54,
78, 41, 77,
76, 37, 26,
117, 30, 33,
95, 15, 17,
122, 64, 91,
105, 28, 81,
103, 34, 105,
30, -8, 71,
54, -8, 81,
139, 20, 78,
32, 10, -10,
87, 29, 90,
126, 32, 61,
150, 29, 33,
130, 46, 51,
103, 50, 17,
110, 67, 109,
122, -9, 63,
92, 30, 44,
136, 47, 98,
97, 15, 75,
70, 67, 61,
76, 5, 91,
92, -19, 4,
99, 51, 34,
127, 24, 75,
57, -15, 59,
124, 1, 77,
73, 5, 14,
123, 5, 52,
120, 74, 51,
100, -8, 106,
71, -4, 68,
110, 35, 43,
121, 14, 20,
99, 25, 65,
87, 24, 99,
100, 33, 31,
92, 30, 74,
130, 45, 25,
120, 40, 61,
143, 30, 57,
131, 46, 69,
104, 18, 102,
91, 50, 56,
94, 0, 39,
107, 11, 52,
91, 25, 19,
110, 88, 108,
64, 21, 81,
91, 2, 42,
120, 20, 87,
75, 36, 86,
85, 31, 78,
119, 38, 129,
110, 34, 76,
126, -12, 61,
90, 15, 30,
100, 38, 83,
93, 50, 110,
88, 5, 62,
111, 59, 85,
136, 11, 9,
111, 60, 77,
103, 59, 67,
135, 45, 100,
116, 50, 48,
82, 36, 7,
110, -8, 46,
74, -34, 35,
141, 13, 82,
123, 37, 84,
117, 36, 31,
84, 25, 82,
127, 31, 108,
109, 3, 68,
122, 25, 63,
81, 6, 54,
96, -36, 58,
