100, 39, 67,
73, 3, 39,
81, 25, 83,
66, 43, 69,
60, 24, 55,
93, 29, 27,
101, 1, 71,
77, 7, 45,
90, 55, 85,
58, 45, 40,
112, 16, 83,
75, 41, 57,
118, -5, 94,
99, 38, 40,
98, 54, 101,
107, 27, 24,
148, 62, 23,
76, 40, 29,
115, 9, 54,
74, -21, 28,
121, 33, 66,
81, 111, 39,
140, 24, 24,
88, 43, 57,
102, -15, 82,
95, 38, 56,
130, 59, 73,
157, -11, 41,
113, 27, 82,
95, 15, 20,
63, 45, 50,
75, 19, 86,
107, 10, 74,
103, 19, 72,
70, 13, 70,
82, 5, 41,
105, 0, 24,
104, 33, 107,
93, -19, 49,
101, 70, 59,
102, 46, 51,
115, 2, 88,
121, 44, 41,
94, 12, 63,
107, 29, 78,
83, -2, 120,
77, 12, 21,
137, 38, 77,
93, 29, 9,
61, 44, 51,
67, 54, 55,
75, 62, 33,
54, 4, 55,
102, 14, 86,
94, 21, 47,
108, 34, 31,
75, 39, 46,
125, -7, 43,
108, 15, 105,
103, 1, 76,
121, 62, 33,
85, -6, 95,
77, 46, -2,
106, 87, 65,
79, 51, 65,
110, 4, 69,
97, 37, 91,
77, 53, 61,
120, 65, 35,
76, 42, 36,
123, 39, 71,
134, 50, 61,
107, 39, 65,
75, 65, 63,
120, 14, 53,
133, 43, 32,
111, 60, 84,
86, 23, 26,
114, 27, 83,
117, 65, 74,
121, -1, 88,
98, -15, 45,
124, 52, 70,
91, -22, 40,
69, 96, 49,
89, -10, 58,
134, 56, 63,
84, 59, 28,
130, -5, 68,
77, 26, 55,
67, 24, 71,
77, 57, 72,
116, 34, 31,
80, 54, 55,
135, 118, 173,
100, 17, 72,
128, 52, 63,
73, 9, -1,
116, 36, 93,
137, 32, 53,
137, 7, 80,
39, -18, 99,
50, 6, 83,
71, -50, 7,
77, 60, 75,
83, 36, 14,
149, 61, 45,
56, 3, 57,
101, 52, 82,
67, -31, 62,
63, 39, 19,
75, 12, 71,
89, 46, 9,
89, 96, 112,
127, 12, 52,
74, -24, 47,
116, -8, 27,
113, 15, 75,
147, 33, 52,
101, 53, 73,
67, 35, 13,
95, 36, 63,
83, 9, 26,
101, 83, 33,
101, 20, 9,
94, 19, 117,
135, 42, 97,
90, 40, 60,
114, 36, 45,
115, 4, 7,
162, 24, 45,
89, 17, 44,
88, 6, 36,
105, 41, 56,
87, 39, 65,
50, 28, 58,
94, 38, 26,
116, 16, 31,
85, 51, 55,
76, 13, 50,
79, 32, 42,
104, 60, 42,
75, 5, 43,
86, 50, 86,
137, 37, 139,
90, 22, 35,
77, 22, 46,
129, 46, 101,
118, 49, 59,
80, 9, 62,
109, 36, 56,
83, 4, 41,
67, 43, 28,
116, 39, 76,
124, 1, 66,
13, 38, 47,
120, 20, 90,
118, 23, 68,
96, 68, 75,
109, 14, 77,
127, 36, 78,
126, 3, 35,
102, 42, 80,
116, 30, 37,
84, 46, 95,
121, -22, 52,
67, 74, 16,
139, 58, 80,
72, 70, 101,
75, 251, 50,
118, 55, 76,
100, 9, 68,
118, 7, 109,
113, 56, 116,
91, 40, 17,
98, 41, 39,
95, 13, 87,
67, -12, 45,
64, 3, 40,
120, 38, 60,
128, -10, 22,
113, 1, 79,
89, -42, 105,
133, 105, 40,
86, 1, 77,
134, 46, 36,
102, 23, 64,
97, 25, 56,
60, 9, 61,
94, 61, 76,
55, 8, 88,
108, 50, 96,
137, 22, 66,
76, 12, 68,
128, 23, 87,
82, 33, 36,
104, 7, 82,
83, 22, 100,
105, 16, 71,
66, -2, 0,
96, 10, 104,
115, -31, 44,
72, 2, 76,
75, 21, 60,
126, 49, 53,
73, 42, 79,
115, 72, 78,
113, 86, 16,
53, -3, 59,
61, 47, 93,
121, 52, 88,
102, 2, 115,
102, 35, 56,
61, -16, 47,
140, 83, 97,
80, 44, 93,
79, 12, 82,
134, 21, 61,
122, 28, 70,
100, 53, 75,
107, 65, 90,
96, -7, -2,
64, 8, 88,
111, 41, 65,
63, 48, 44,
86, 15, 66,
59, -6, 58,
138, 17, 79,
118, 45, 27,
126, 40, 52,
105, 3, 37,
84, 66, 50,
91, 30, 80,
62, 14, 85,
144, 35, 84,
115, 76, 89,
124, 70, 45,
87, 50, 85,
149, -11, 77,
118, 0, 89,
110, 96, 22,
119, -4, 106,
105, 25, 57,
60, -4, 36,
83, -1, 56,
129, 6, 90,
48, 4, 25,
108, 24, 64,
122, 11, 61,
104, 41, 78,
109, 34, 81,
64, 22, 43,
117, 41, -5,
160, 14, 46,
102, -7, 38,
119, 40, 90,
109, 13, 52,
96, 40, 45,
62, 50, 48,
114, -2, 79,
97, 36, 69,
61, 1, 10,
80, 62, 48,
85, 5, 23,
94, -14, 27,
99, 49, 106,
24, 5, 50,
163, 60, 106,
117, 3, 122,
92, 16, 65,
87, 52, 98,
61, 18, 9,
77, -19, 53,
137, 11, -11,
79, 3, 57,
80, 46, 65,
108, 22, 106,
94, -28, 36,
103, -26, 78,
90, 55, 47,
78, -15, 2,
139, 86, 77,
46, 13, 28,
101, 11, 90,
89, 28, 40,
128, 54, 54,
81, 29, 60,
84, 79, 50,
82, -16, 32,
100, 26, 66,
111, 71, 82,
110, 56, 37,
109, -10, 60,
109, 4, 44,
98, 17, 11,
132, 62, 29,
103, -29, 24,
101, 67, 105,
129, 41, 82,
150, 37, 106,
68, 26, 54,
76, 51, 95,
14, -9, 68,
60, 28, 13,
59, 9, 39,
66, 51, 41,
109, 21, 63,
74, 46, 108,
98, 26, 72,
70, 7, 63,
57, 54, 62,
111, 76, 34,
76, 1, 64,
75, 58, 112,
91, 14, 48,
149, 50, 43,
80, 247, 90,
82, 4, 27,
70, 16, 51,
88, 50, 58,
104, 3, 68,
117, 33, 22,
81, 22, 61,
112, 13, 58,
134, 32, 29,
120, 31, 37,
111, 40, 99,
42, 58, 93,
82, 39, 67,
113, -24, 73,
95, 68, 67,
92, 19, 45,
80, -8, 2,
97, 13, 90,
116, 21, 34,
141, 1, 60,
100, 13, 63,
120, 53, 61,
143, 42, 29,
50, -7, 73,
139, 12, -4,
86, 53, 50,
107, 32, 60,
135, 64, 101,
36, 32, 63,
124, 110, 61,
85, 18, 37,
127, 26, 57,
104, -6, 130,
107, 39, 42,
83, 33, 57,
169, 55, 90,
104, -14, 22,
100, -15, 67,
69, 53, 27,
132, 36, 58,
71, 18, 55,
104, 17, 67,
104, -15, 49,
86, 41, 73,
124, 40, 35,
96, 39, 79,
94, 21, 64,
107, 17, 81,
141, 27, 32,
110, 34, 45,
105, 54, 78,
87, -10, 67,
121, 28, 45,
92, 54, 75,
101, 32, 60,
93, 12, 44,
90, 34, 104,
109, 40, 27,
96, 32, 87,
85, 26, 70,
63, 15, 117,
88, 19, 104,
69, 35, 55,
112, 56, -9,
99, 32, 97,
82, 45, 73,
113, 52, 60,
89, 17, 83,
92, 43, 78,
107, 58, 60,
96, 39, 22,
65, -37, 48,
82, 69, 112,
116, -4, 68,
127, 6, 103,
93, 9, 55,
138, 23, 90,
62, 57, 36,
129, 17, 99,
80, 23, 45,
117, -11, 40,
71, -10, 15,
92, 2, 72,
145, 24, -3,
98, 63, 68,
59, -255, 53,
83, 11, 38,
64, 32, 108,
121, 57, 39,
85, -1, 67,
82, 34, 35,
119, 34, 80,
33, -12, 67,
98, 12, 95,
105, 58, 133,
94, 25, 90,
100, -15, 66,
133, 26, 51,
63, -5, 123,
79, 30, 59,
85, 14, 89,
86, 52, 73,
65, 62, 112,
105, 46, 26,
78, 7, 48,
42, 34, 45,
83, -10, 29,
94, 29, 55,
85, 20, 37,
66, 43, 42,
110, 43, 108,
119, -23, 101,
95, 49, 20,
58, 7, 41,
118, -3, 42,
43, 21, 43,
73, 41, 96,
107, 52, 58,
84, 13, 27,
97, 35, 77,
138, 37, 73,
98, 27, 84,
122, 39, 75,
124, 67, 86,
80, 5, 78,
121, 72, 19,
53, -17, 38,
105, 22, 67,
82, 5, 75,
77, 54, 40,
77, -4, 50,
129, 37, 43,
69, 5, 81,
86, 25, 49,
132, 47, 85,
132, 36, 35,
71, 18, 66,
82, -10, 42,
103, 25, -5,
69, -8, 94,
88, 44, 72,
103, -10, 85,
91, 50, 77,
99, -17, 53,
91, 50, 26,
115, 27, 71,
72, 24, 29,
129, 33, 135,
128, 84, 85,
59, 53, 36,
120, -1, 109,
98, 44, 35,
147, 23, 79,
62, -1, 55,
93, 8, 92,
33, 39, 68,
70, 15, 48,
148, 35, 64,
100, 83, 70,
101, 19, -10,
84, 6, 84,
148, 115, 97,
127, 38, 67,
59, 49, 68,
105, 29, 56,
63, 43, 77,
124, 58, 22,
130, 102, 96,
54, 29, 120,
110, 36, 121,
91, 24, 95,
142, 73, 77,
99, 55, 89,
89, -12, 50,
100, 23, 111,
61, 24, 52,
93, -19, 81,
122, 25, 70,
110, 1, 26,
73, -1, 93,
72, -4, 95,
131, 18, 68,
100, 16, 102,
34, 57, 53,
79, 12, 101,
73, 25, 61,
119, 27, 63,
55, 46, 93,
116, 64, 67,
54, 51, 46,
112, 38, 74,
87, -25, 24,
93, 35, 76,
122, 37, 30,
36, 0, 60,
134, 47, 76,
94, -24, 40,
101, 45, 90,
109, 29, 76,
96, 28, 27,
76, 53, 48,
131, 17, 29,
106, 9, 44,
101, 16, 52,
100, 19, 49,
100, -1, 87,
94, 30, 42,
137, 63, 78,
112, 17, 95,
118, 57, 107,
104, 37, 26,
88, 8, 62,
88, 49, 50,
128, 45, 53,
137, -4, 88,
66, 27, 85,
121, 64, 93,
70, 25, 24,
85, 29, 28,
78, 38, 101,
72, 13, 70,
116, 66, 52,
112, -40, 58,
132, 38, 56,
79, 9, 51,
55, 36, 61,
99, 39, 29,
143, 94, 99,
118, 68, 46,
145, 27, 35,
128, 61, 125,
123, 51, 54,
105, 31, 75,
101, 34, 78,
113, 12, 74,
96, 28, 61,
80, 46, 108,
84, 63, 81,
70, 23, 51,
9, 18, 63,
109, 48, 86,
113, 23, 120,
141, 73, 58,
128, 62, 78,
116, 25, 16,
98, 51, 49,
137, 28, 72,
53, 56, 26,
116, 63, 111,
92, 36, 78,
102, 19, 44,
128, 14, 132,
80, 20, 53,
116, 25, 57,
123, 40, 21,
121, -13, 94,
78, 37, 70,
52, 21, 16,
74, 14, 3,
48, 192, 74,
80, -1, 60,
106, 54, 24,
143, 63, 80,
61, 50, 3,
129, 22, 66,
109, 17, 90,
119, 13, 76,
122, 3, 44,
85, 35, 87,
85, 46, 73,
79, 17, 60,
98, 44, 114,
127, 11, 59,
99, 33, 27,
76, 34, 48,
67, 56, 74,
88, 4, 75,
118, -17, 39,
103, 32, 34,
105, 41, 57,
120, 27, 101,
112, 13, 81,
90, 13, 84,
59, -16, 114,
85, 15, 67,
105, 3, 86,
144, 41, 63,
136, 12, 23,
121, 54, 119,
111, 57, 62,
96, 2, 93,
95, 25, 78,
73, 28, 38,
100, 66, 31,
80, -22, 13,
57, 11, 35,
100, 36, 134,
121, 28, 88,
113, 54, -2,
129, 13, 100,
62, 13, 57,
100, 24, 32,
88, 26, 23,
69, 32, 93,
114, 56, 122,
94, -9, 101,
139, 54, 6,
113, 35, 104,
118, -3, 48,
133, 36, 64,
130, 14, 129,
15, 43, 89,
117, 6, 84,
86, 1, 20,
138, 65, 19,
94, 44, 70,
64, -2, 49,
87, 35, 85,
143, 28, 139,
73, 12, 59,
111, 44, 85,
65, 44, 94,
143, 73, 130,
71, 62, 20,
100, 5, 53,
43, -9, 43,
100, 19, 104,
85, 8, 91,
106, 19, 29,
98, 7, 64,
60, 15, 98,
69, 3, 24,
132, 44, 103,
69, 5, 29,
88, 4, 88,
64, 64, 5,
131, 23, 82,
98, 52, 25,
140, 43, 65,
96, 73, 81,
73, -7, 77,
110, 26, 51,
33, 32, 31,
80, 48, -9,
121, 45, 115,
100, 58, 63,
64, 22, 63,
65, 20, 42,
100, 3, 59,
99, 32, 33,
82, -1, 11,
62, 48, 51,
127, 43, 68,
100, 24, 111,
97, 2, 53,
119, 4, 108,
121, -11, 24,
107, 70, 65,
96, 61, 64,
61, -7, 13,
76, 67, 60,
98, 60, 106,
83, 51, 83,
61, -7, 49,
83, 45, 96,
121, 0, 53,
54, 14, 11,
121, 16, 45,
115, 42, 30,
126, 19, 111,
99, 36, 52,
121, 39, 110,
116, 53, 69,
72, 32, 53,
82, 13, 78,
65, 42, 30,
109, 8, 55,
112, 16, 46,
93, -4, 57,
100, 47, 47,
79, 70, 70,
87, 38, 94,
102, 56, 87,
118, 15, 79,
67, 51, 64,
94, 31, 49,
91, 33, 65,
132, 28, 97,
85, 35, 74,
109, -26, 104,
132, 74, 93,
100, 43, 88,
75, 38, 102,
71, 48, 57,
87, -11, 84,
86, 13, 62,
81, 21, 58,
81, 31, 91,
76, 14, 98,
42, -3, 76,
85, 47, 55,
115, 20, 19,
117, 70, 51,
51, -6, 51,
80, 44, 27,
127, 44, 58,
78, 31, 50,
111, 19, 48,
93, 38, 84,
148, 42, 31,
87, 41, 68,
103, 64, 1,
44, -16, 56,
120, 44, 79,
103, 16, 57,
93, 17, 64,
108, 12, 143,
99, -13, 86,
95, 61, 88,
90, 40, 66,
87, 64, 10,
104, 53, 65,
84, -21, 66,
55, 9, 57,
116, 22, 95,
123, -8, 142,
64, 25, 37,
111, 31, 112,
85, -36, 69,
75, 54, 23,
122, 58, 19,
86, 67, 59,
87, -14, 91,
96, 93, 97,
56, -6, 30,
11, -27, 70,
117, 54, 88,
91, -7, 38,
70, 43, 86,
163, 23, 41,
107, 27, 74,
46, 20, 2,
73, 3, 71,
99, 62, 31,
88, 0, 27,
111, 43, 76,
69, 42, 61,
49, 29, 39,
98, 20, 42,
89, 5, 125,
140, 8, 12,
144, 43, 58,
131, 12, 81,
66, -6, 24,
115, 44, 54,
118, 52, 62,
117, -30, 70,
88, 32, 88,
42, -33, 22,
96, 20, 51,
89, -7, 97,
96, 23, 11,
133, 68, 36,
101, -9, 75,
65, 0, 68,
136, 6, 67,
101, 41, 47,
105, 7, 17,
67, 15, 84,
105, 62, 69,
99, 27, 22,
138, 89, 98,
52, -9, 17,
106, 31, 43,
127, 58, 81,
114, 46, 84,
58, -25, 32,
158, 82, 75,
88, 58, 34,
71, 43, 103,
94, 16, 52,
92, 48, 86,
77, 32, 61,
134, 10, 76,
117, 65, 27,
71, 40, 38,
148, 18, 3,
124, 20, 76,
103, 49, 111,
138, -3, 56,
71, 21, 53,
83, 32, 15,
85, 23, 52,
112, 6, 86,
100, 45, 46,
98, -8, 75,
69, 23, 30,
97, 7, 49,
86, 40, 66,
103, 67, 75,
98, 2, 28,
88, 12, 64,
60, -2, 70,
84, 8, 57,
73, 55, 58,
114, 32, 87,
98, 21, 87,
64, 22, 49,
96, 5, 63,
78, 49, 112,
130, 34, 75,
68, 43, 9,
96, 65, 79,
111, 42, 64,
122, 42, 62,
76, 31, 96,
59, 38, -13,
128, 41, 57,
88, 36, 72,
92, 65, 81,
92, 12, 22,
49, 41, 81,
77, 16, 106,
54, 4, -17,
114, 62, 84,
78, 33, 53,
73, 18, 60,
100, -11, 72,
88, 16, 86,
126, 69, 0,
76, -9, 64,
145, 45, 49,
136, 93, 112,
85, -15, 39,
137, 49, 77,
93, 80, 54,
127, -6, 17,
99, 22, 22,
101, 53, 96,
106, 34, 73,
95, 41, 81,
74, 2, 85,
96, 37, 66,
79, 61, 84,
80, 33, 84,
66, 29, 74,
106, 27, 84,
92, 24, 59,
92, 41, 73,
73, -232, 44,
122, 26, 101,
90, -3, 19,
88, 27, 68,
104, 70, 79,
49, 0, 70,
93, 47, 64,
111, -26, 52,
115, 30, 23,
98, 55, 54,
97, 20, 82,
97, 47, 72,
38, 15, 10,
40, -21, 38,
106, 42, 99,
51, 19, 53,
102, 10, 62,
66, -16, 65,
56, 21, 51,
89, 34, 42,
125, 30, 41,
98, 26, 100,
99, 33, 54,
94, 21, 63,
96, 32, 75,
117, 30, 34,
100, 14, 59,
119, 25, 22,
103, 31, 45,
85, 6, 88,
81, 25, 57,
141, 37, 98,
119, -13, 57,
100, 2, 0,
89, 50, 102,
108, 51, 51,
80, 44, 96,
103, 67, 79,
108, 39, 48,
112, 79, 104,
87, -4, 40,
111, 13, 71,
50, -6, 72,
112, 40, 64,
121, 34, 90,
79, 70, 68,
83, -7, 47,
98, 37, 97,
128, 14, 95,
72, 24, 13,
98, 13, 79,
94, 31, 123,
145, 46, 94,
100, 53, 36,
69, 15, 40,
116, 51, 45,
84, 0, 52,
69, 10, 38,
80, -4, 72,
75, 32, 99,
103, 27, 96,
132, 12, 110,
100, 38, 88,
98, 44, 29,
94, 32, 109,
95, 21, 65,
95, 18, 116,
97, 62, 111,
117, 52, 70,
73, 96, 61,
113, 37, 55,
81, 25, 73,
96, 39, 89,
94, 18, 22,
60, 5, 28,
62, 36, 44,
101, 50, 75,
115, 20, 65,
92, 25, 86,
110, 52, 48,
109, 44, 49,
92, 33, 58,
70, 4, 91,
87, 8, 50,
130, 93, 72,
106, 9, 79,
144, -3, 74,
98, 62, 66,
86, 16, -6,
132, 64, 17,
88, 36, 103,
114, 11, 79,
82, 23, 32,
128, 0, 65,
139, 48, 21,
63, 26, 86,
107, 37, 43,
67, 67, 32,
102, 90, -2,
93, -6, 82,
93, 40, 84,
170, 41, 123,
92, 14, 82,
76, 8, 104,
114, 37, 14,
123, -20, 53,
83, 51, 72,
69, 10, 89,
63, 22, 52,
75, 35, 38,
67, 11, 74,
115, 54, 88,
81, 20, 100,
57, 12, 118,
103, -34, 126,
58, 66, 70,
78, 32, 45,
82, 79, 39,
134, 11, 84,
101, -37, 65,
99, 61, 52,
96, 3, 68,
114, -5, 38,
101, 47, 66,
120, 74, 114,
115, 23, 67,
103, 14, 106,
74, 36, 54,
108, 10, 78,
156, 43, 46,
150, 5, 87,
95, 42, 96,
102, 77, 94,
90, 35, 62,
26, 7, 70,
105, 30, 41,
126, 37, 72,
45, 22, 87,
89, 45, 122,
89, 7, 18,
117, 54, 89,
71, 85, 44,
100, 36, 112,
87, 9, 3,
105, 21, 90,
124, 1, 94,
107, 51, 59,
102, 220, 74,
106, 34, 87,
67, 14, 70,
99, 1, 42,
98, 27, 103,
125, -18, 112,
105, 53, 44,
110, 20, 63,
95, 62, 68,
119, 2, 81,
98, 46, 51,
114, 28, 116,
125, -6, 41,
69, 23, 56,
110, 31, 33,
21, -38, -4,
118, 1, 46,
101, 81, 81,
94, 38, 62,
69, 17, 82,
91, 70, 86,
111, 52, 52,
81, 3, 50,
125, 22, 58,
80, 22, 80,
105, -13, 74,
133, 63, 43,
74, 22, 88,
59, 27, 60,
71, 48, 39,
103, 24, 80,
81, -10, 36,
141, 85, 136,
59, -16, 61,
107, 71, 67,
98, 33, 54,
79, 2, 55,
79, -6, 59,
131, 57, 55,
51, 42, 46,
87, 34, 75,
119, 61, 95,
59, 56, 64,
129, 51, 71,
132, 33, 43,
79, 8, 25,
103, 17, 63,
133, 31, 20,
90, 22, 76,
164, 48, 67,
110, 80, 68,
73, 15, 41,
95, -23, -5,
100, 53, 66,
61, -7, 79,
91, 48, 103,
128, 66, 121,
99, 9, 78,
81, 20, 70,
111, 13, 32,
116, 33, 86,
121, 9, 60,
115, 9, 80,
38, 2, 105,
112, 39, 79,
85, 23, 47,
116, 53, 89,
97, 28, 88,
133, 2, 71,
117, 78, 9,
111, -9, 68,
111, 59, 92,
124, 24, 44,
74, -11, 34,
119, 24, 119,
127, 30, 18,
77, 53, 72,
65, 18, 80,
99, 64, 75,
89, 61, 49,
102, 59, 9,
78, 65, 52,
98, 10, 48,
67, -1, 50,
60, 15, 59,
80, 64, 92,
85, 17, 79,
95, 75, 79,
57, -25, 28,
105, 27, 87,
135, 45, 72,
88, 10, 83,
74, 43, 91,
101, -29, 76,
102, 21, 74,
122, -45, 2,
107, 29, 40,
67, 36, 93,
142, 30, 48,
76, 14, 42,
79, 13, 106,
162, 59, 28,
47, -14, 16,
116, 34, 113,
90, 70, 92,
105, 22, 60,
148, 67, 107,
41, 16, 5,
94, 19, 74,
89, 22, 87,
97, 55, 88,
94, -33, 10,
89, 39, 93,
77, 39, 57,
102, -2, 86,
25, 11, 115,
91, 20, 64,
122, 42, 77,
94, 41, 67,
107, 31, 74,
91, 61, 66,
96, 24, 79,
128, 25, 93,
69, 4, 76,
90, 44, 49,
48, -11, 51,
128, 41, 16,
127, 69, 95,
140, 33, 44,
96, -18, 101,
97, 63, 9,
114, -19, 1,
119, 9, 28,
77, 14, 100,
94, 44, 96,
118, 39, 95,
83, 47, 12,
110, 21, 40,
81, 35, 36,
108, 5, 91,
101, 61, 69,
125, 4, 93,
78, 89, 83,
87, -30, 59,
144, 48, 75,
120, 14, 71,
83, 19, 25,
116, 51, 51,
63, 14, 60,
81, -25, 30,
112, 23, 54,
61, -11, 65,
29, 8, 88,
128, 59, 59,
84, 21, 31,
60, 35, 67,
99, 51, 26,
78, 18, 20,
109, 5, 8,
112, 49, 4,
130, 37, 112,
99, 28, 51,
88, 28, 66,
117, -6, 28,
52, -4, 50,
125, 18, 104,
113, 17, 62,
133, -11, 26,
129, -14, 59,
122, -15, 57,
143, 31, 36,
119, 24, 23,
146, 43, 68,
101, 35, 111,
43, 58, 10,
97, 1, 70,
114, -2, 104,
147, 23, 77,
121, 19, 97,
103, 42, 111,
114, 58, 31,
123, -11, 33,
97, 66, 54,
72, 37, 47,
74, 74, 85,
78, -25, 48,
109, 5, 99,
34, -37, 2,
114, 21, 29,
86, 40, 76,
48, 58, 0,
77, 22, 99,
130, 33, 57,
107, 23, 66,
83, 16, 111,
130, 39, 30,
108, 71, 75,
71, 55, 83,
72, 37, 100,
108, 17, 60,
96, 44, 64,
137, 13, 29,
106, 18, 85,
81, 17, 30,
109, 38, 68,
77, 26, 48,
51, 25, 80,
124, 43, 87,
128, 25, 40,
97, 32, 78,
74, -7, 27,
115, 56, 81,
135, 58, 70,
121, -21, 48,
81, 19, 119,
83, 42, 112,
55, 10, 111,
113, -38, 22,
42, 32, 102,
177, 65, 100,
107, 12, 59,
59, 54, 96,
97, 49, 108,
116, 118, 76,
113, 4, 37,
83, 5, 31,
133, 65, 74,
118, 33, 8,
135, 39, 34,
101, 29, 64,
86, 12, 32,
56, 38, 70,
99, -238, 44,
73, 19, 88,
113, 24, 58,
96, 53, 99,
104, 2, 71,
99, 36, 45,
83, 28, 70,
77, 13, 74,
124, 54, 111,
80, 29, 64,
83, 47, 73,
98, 54, 80,
97, 11, 66,
87, 27, 26,
122, 67, 27,
103, 64, 91,
138, 41, 40,
114, 126, 79,
83, -17, 31,
75, 4, 50,
92, 13, 57,
85, 27, 23,
119, 41, 66,
72, 23, -16,
85, 49, 101,
90, 43, 91,
91, 27, 29,
81, -8, 72,
93, -1, 132,
71, 10, -25,
116, 68, 31,
93, 0, 78,
39, -9, 44,
86, 45, 61,
64, -2, 40,
109, 19, 100,
104, 18, 76,
78, 52, 52,
90, 57, 107,
132, 5, 69,
145, 41, 50,
84, 44, 25,
108, 34, 45,
97, 35, 108,
103, 51, 13,
69, -5, 56,
160, 58, 99,
99, 22, 47,
111, 25, 91,
94, 14, 32,
145, 56, 105,
87, 20, 79,
85, 63, 45,
123, 12, 102,
65, 31, 68,
61, 4, 64,
105, -29, 95,
119, 44, 36,
94, 36, 44,
109, 54, 48,
112, 24, 78,
55, 38, 57,
66, 96, 44,
91, 56, 47,
85, 9, 37,
127, 61, 50,
98, 4, 83,
73, 10, 74,
108, 4, 78,
65, 14, 72,
121, 30, 70,
128, 40, 96,
93, 58, 24,
120, 5, 84,
96, 44, 97,
105, 41, 96,
108, 12, 42,
23, -13, 39,
89, 18, 90,
93, -3, 85,
85, 25, 26,
92, 55, 17,
155, 41, 52,
62, 13, 6,
116, 46, 122,
69, 16, 28,
93, 45, 31,
103, 23, 83,
115, 48, 105,
115, 35, 127,
99, -5, 90,
120, 79, 45,
81, -44, 49,
99, 20, 48,
107, 11, 53,
115, 23, 15,
98, 10, 75,
95, 36, 102,
137, 45, 47,
95, 33, 55,
118, 41, 73,
80, 5, 42,
109, 50, 56,
69, -30, 28,
109, 62, 71,
76, 70, 95,
90, 9, 77,
60, 23, 26,
143, 39, 8,
127, 30, 57,
103, 65, 28,
98, -10, 44,
76, 17, 38,
92, 12, 57,
107, 24, 76,
77, 80, 77,
100, 0, 61,
87, -17, 62,
124, 40, 57,
128, 41, 39,
92, -8, 58,
93, 0, 96,
66, -1, 13,
112, 41, 49,
84, 67, 60,
102, 62, 70,
118, 57, 65,
93, 53, 60,
89, 37, 73,
113, -2, 58,
103, 67, 74,
129, -1, 80,
92, 10, 52,
127, -27, 23,
63, 15, 58,
91, 36, 35,
123, 81, 58,
132, 12, 38,
74, 16, 105,
153, 18, 40,
102, 38, 79,
110, 26, 62,
124, 55, 51,
134, 23, 44,
97, 1, 103,
94, 18, 56,
128, 12, 92,
85, 21, 59,
88, 28, 41,
142, 5, 60,
74, 30, 57,
89, 2, 111,
52, 3, 97,
84, -17, 41,
124, 23, 99,
137, 24, 71,
69, -5, 54,
151, 61, 29,
118, 77, 55,
111, 24, 57,
74, 62, 81,
79, 24, 92,
65, 55, 85,
54, -10, 73,
111, 79, 48,
77, 8, 107,
101, 33, 41,
106, 49, 97,
103, 73, 95,
72, 6, 25,
81, 80, 69,
122, 10, 33,
122, -3, 45,
111, 98, 86,
87, 71, 83,
47, -19, 28,
142, 38, 55,
92, 31, 38,
124, 31, 29,
99, 61, 63,
63, 33, 7,
74, 24, 120,
132, -13, 50,
116, 12, 66,
114, 33, 50,
98, 13, 61,
107, 58, 54,
100, 17, 85,
105, 49, 54,
110, 73, 78,
90, 35, 91,
114, 31, 89,
159, -14, 50,
147, 63, 81,
93, 39, 68,
98, 32, 55,
146, 50, 44,
96, 43, 30,
88, 55, 57,
86, -24, 63,
160, 72, 74,
100, 26, 50,
110, 30, 62,
107, 25, 22,
67, 16, 72,
80, 18, 75,
106, 36, 51,
119, 22, 62,
111, 33, 87,
114, 11, 22,
111, 34, 54,
84, -22, 42,
132, -4, 35,
84, 15, 40,
185, 53, 20,
109, 33, 74,
110, -12, 100,
53, 43, 96,
94, 11, 63,
85, 15, 79,
110, 53, 75,
101, -22, 79,
125, 32, 72,
105, 40, 79,
69, 33, 247,
75, 23, 56,
112, -8, 57,
107, 75, 41,
139, -6, 57,
95, 74, 56,
37, 37, 72,
126, 60, 84,
113, 17, 62,
88, 37, 47,
116, 31, 74,
87, 20, 69,
94, 9, 68,
136, 17, 80,
91, 16, 73,
87, 37, 78,
119, 43, 71,
52, 22, 59,
102, -4, 19,
139, 23, 29,
96, 23, 81,
48, 11, 52,
136, 17, 90,
111, 41, 57,
106, 70, 71,
126, 27, 113,
76, 11, 130,
120, 31, 118,
90, 54, 46,
74, 4, 40,
23, 64, 94,
54, 6, 84,
71, 20, 48,
94, 57, 37,
76, 20, 61,
112, 49, 136,
65, 67, 75,
102, 23, 37,
106, -3, 55,
80, 7, 87,
111, 83, 55,
153, 35, 77,
42, 26, 41,
57, -10, 96,
110, 50, 38,
62, 62, 32,
75, 58, 33,
68, 18, 33,
110, 25, 70,
68, 32, 62,
118, 32, 92,
104, 34, 49,
122, 63, 42,
111, 58, 93,
89, 33, 75,
103, 38, 99,
82, 24, 56,
116, 22, 80,
103, -19, 80,
147, -14, 121,
89, 25, 48,
75, -2, 78,
139, 19, 110,
102, 43, 68,
55, -4, 36,
61, 86, 83,
91, -224, 30,
3, 38, 32,
116, 21, 30,
123, 19, 76,
76, 50, 32,
101, -9, 40,
72, 42, 68,
87, 33, 64,
86, 42, 81,
72, 16, 32,
96, 55, 77,
72, 17, 34,
81, 31, 43,
104, -4, 29,
96, 54, 62,
96, 55, 54,
94, 30, 97,
98, 22, 49,
131, 22, 41,
94, 70, 74,
101, 5, 66,
106, 26, 11,
69, 47, 36,
71, 45, 47,
113, 21, 42,
85, 40, 62,
89, 33, 84,
94, 27, 29,
96, 3, 83,
106, 38, 41,
116, 34, 91,
90, -36, 56,
83, 35, 14,
66, 59, 33,
91, 61, 71,
90, -34, 93,
67, 52, 28,
102, 22, 47,
117, 19, 52,
91, 33, 47,
118, -14, 26,
93, -4, 42,
99, -34, 79,
99, -7, 87,
48, -2, 45,
107, 47, 81,
81, 52, 50,
77, 25, 45,
52, 33, -9,
87, -2, 74,
134, -6, 52,
124, 46, 69,
68, 9, 47,
88, 67, 28,
71, 6, 20,
75, 36, 54,
108, 34, 41,
148, 27, 51,
37, 41, 114,
121, 74, 105,
93, 27, 50,
117, -11, 136,
136, 34, 42,
112, 26, 51,
68, -32, 72,
114, 22, 69,
95, 24, 77,
85, 43, 53,
49, 8, 77,
132, 25, 48,
145, 21, 137,
117, -10, 28,
114, 3, 73,
31, 78, 67,
100, 11, 67,
95, 43, 79,
118, 57, 53,
100, -7, 52,
99, 3, 48,
72, 60, 69,
91, 57, 84,
73, 20, 69,
87, 42, 26,
66, -2, 89,
77, 87, 85,
120, 9, 68,
60, 22, 54,
104, 5, 29,
69, 67, 114,
139, 40, 54,
140, 48, 64,
123, 44, 35,
118, 70, 58,
129, 54, 63,
99, 33, 71,
95, 30, 50,
37, 7, 63,
99, 24, 64,
103, 27, 80,
88, 34, 71,
60, 27, 79,
128, 50, 100,
130, 46, 9,
58, 22, 82,
143, 74, 41,
126, 44, 65,
76, -14, 40,
70, 38, 50,
110, -7, 30,
110, 10, 80,
56, 10, 53,
146, 63, 40,
121, -17, 62,
100, 58, 73,
73, -2, 53,
158, 71, 32,
109, 33, 87,
99, 59, 60,
70, -11, 98,
139, 62, 37,
51, 27, 36,
122, 66, 31,
59, 19, 78,
89, 71, 69,
99, -19, 53,
98, 37, 72,
127, 94, 102,
112, 48, 73,
79, 37, 78,
86, -17, 83,
101, -17, 103,
136, 19, 50,
62, 30, 63,
58, -8, 60,
132, 67, 40,
91, 22, 98,
126, -7, 13,
123, 25, 32,
29, -17, 34,
69, 7, 52,
112, 59, 68,
28, 32, 56,
129, 31, 71,
110, 12, 102,
126, 38, 51,
72, -10, 68,
126, 12, 91,
90, 60, 41,
87, 32, 44,
46, 22, 19,
129, 51, 58,
143, -16, 78,
114, 45, 24,
101, 68, 79,
61, 19, 50,
58, 20, 56,
152, 45, 24,
89, 1, 143,
102, 51, 57,
113, 37, 51,
99, 8, 16,
92, -31, 90,
93, 53, 48,
149, 18, 47,
97, 51, 121,
85, 65, 64,
54, 53, 82,
119, 47, 97,
74, 17, 14,
98, 16, 45,
63, 44, 74,
78, 30, 93,
73, 27, 106,
94, 70, 116,
84, 28, 66,
101, 44, 5,
104, 71, 75,
71, 35, 90,
108, 16, 36,
108, 30, 90,
100, 24, 65,
78, 66, 68,
116, 56, 113,
78, 10, 101,
81, 22, 19,
117, 30, 50,
100, 35, 69,
118, -23, 83,
99, 38, 61,
132, 17, 1,
87, 35, 37,
140, 26, 58,
86, 9, 85,
92, -9, 71,
95, 25, 68,
136, 19, 83,
92, 96, 77,
79, 42, 62,
82, 8, 91,
86, 54, 104,
64, 9, 23,
123, 6, 62,
129, 33, 113,
76, 13, 40,
115, 51, 23,
79, 69, 80,
81, -11, 59,
119, 9, 27,
103, 55, 57,
125, 4, 12,
116, -2, 73,
130, 20, 109,
47, 8, 64,
70, 31, 96,
107, 30, 74,
44, 49, 83,
58, -15, 62,
114, -15, 58,
99, 42, 87,
129, 48, 67,
74, 18, 35,
95, 7, 33,
66, 15, 58,
124, 89, 111,
106, 51, 63,
80, 29, 78,
48, 42, 61,
143, 36, 82,
145, 15, 76,
129, 22, 119,
87, 28, 82,
116, 29, 80,
65, 30, 22,
122, 58, 90,
96, 5, 46,
96, -26, 40,
100, 22, 18,
119, 31, 92,
62, 3, 47,
91, 50, 65,
115, 30, 97,
96, 19, 104,
93, 11, 59,
73, 59, 81,
128, 41, 69,
77, 19, 0,
93, 19, 3,
87, 15, 88,
119, 99, 88,
95, 40, 78,
47, 14, 66,
80, 19, 52,
145, 84, 90,
95, 87, 43,
70, -7, 86,
79, -8, 91,
130, 21, 25,
109, 41, 79,
121, 36, 45,
119, 65, 42,
138, 6, 28,
71, 39, 62,
64, 35, 29,
79, 7, 84,
110, 35, 97,
132, 79, 70,
99, 19, 46,
93, 37, 71,
154, 31, 76,
57, 49, 70,
87, 32, 17,
91, 14, 5,
94, 20, 45,
80, -17, 63,
128, 40, 98,
101, 48, 80,
99, 24, 64,
102, 52, 36,
109, -1, 127,
109, 28, 79,
94, 22, 78,
96, -1, 46,
69, -7, 80,
75, 70, 17,
131, 12, 71,
88, -11, 29,
94, 38, 74,
86, 26, 89,
68, 15, 45,
100, 68, 80,
71, 18, 58,
109, 13, 20,
119, 25, 72,
53, 54, 59,
110, 82, 70,
121, 32, 95,
76, 22, 95,
79, -7, 71,
93, 73, 75,
73, 45, 17,
92, 29, 40,
107, 19, 94,
76, 26, 108,
117, 49, 53,
101, 48, 1,
98, 24, 30,
118, 2, 46,
146, 64, 81,
83, 26, 79,
118, 37, 86,
108, 46, 28,
115, 94, 73,
124, -2, 37,
76, 2, 64,
84, 25, 67,
96, -14, 13,
132, -5, 6,
107, 10, 51,
89, -6, 85,
101, 69, 106,
73, 30, 53,
137, 26, 76,
100, 18, 66,
149, 54, 91,
96, 15, 36,
78, 1, 68,
67, 29, 48,
103, 23, 85,
75, 34, 57,
100, 49, 108,
123, -13, 26,
105, 30, 45,
143, 23, 102,
89, 23, 19,
120, 62, 111,
98, 29, 117,
109, 8, 90,
86, 26, 68,
115, 25, 138,
115, 49, 70,
33, -5, 65,
95, 14, 75,
51, 30, 65,
118, 35, 32,
96, 10, 91,
132, -1, 33,
115, -7, 108,
100, -27, 27,
80, 33, 16,
143, 10, 68,
66, 44, 117,
99, 36, 70,
89, -4, 86,
23, 12, 6,
93, -12, 34,
62, 21, 19,
100, 12, 32,
108, 58, 86,
105, 68, -3,
97, 29, 89,
36, -24, 23,
113, 71, 106,
104, 22, 60,
130, 38, 66,
114, 14, 65,
122, 78, 20,
122, -8, 27,
95, 27, 66,
100, 31, 49,
105, 35, 104,
88, 16, 94,
140, 49, 49,
65, 20, 52,
96, 28, 68,
62, 62, 48,
66, -27, 49,
130, 36, 56,
69, 31, 51,
101, 21, 61,
89, 17, 38,
102, 36, 100,
98, 59, 46,
78, 25, 35,
132, 17, 85,
95, 61, 79,
108, 36, 73,
86, 34, -16,
76, 23, 46,
80, 33, 66,
109, 34, 69,
57, 23, 113,
119, 45, 47,
67, 24, 40,
69, 18, 35,
93, -24, 70,
91, 12, 79,
115, 36, 68,
112, 45, 16,
73, 41, 52,
154, 11, 25,
104, 26, 61,
111, 36, 61,
99, 53, 53,
92, 35, 68,
104, 38, 46,
88, 50, 83,
100, 247, 11,
93, 18, 81,
54, 45, 65,
116, 41, 66,
92, 28, 90,
67, -29, 69,
116, 38, 64,
104, 70, 74,
70, 79, 68,
127, -5, 52,
124, 11, 14,
131, 31, 80,
103, 41, 66,
78, 53, 63,
103, 40, 49,
119, 31, 13,
62, 40, 88,
97, 61, 71,
91, 34, 23,
106, 5, 59,
118, -2, 30,
98, 2, 108,
48, 4, 14,
130, 74, 123,
121, -14, 22,
89, 29, 112,
62, 64, 90,
140, 5, 102,
43, 32, 53,
70, 29, 13,
97, 59, 63,
31, 25, 54,
85, 27, 84,
55, 7, 66,
68, 17, 55,
138, 8, 65,
99, 25, 90,
109, 27, 55,
108, 11, 25,
104, 5, 52,
91, 74, 101,
88, 63, 11,
85, -16, 45,
106, 39, 62,
109, -35, 99,
65, -15, 16,
66, 21, 44,
138, 55, 68,
141, 57, 61,
86, 54, 53,
111, -13, 12,
88, 13, 9,
66, -12, 100,
88, 72, 89,
88, -14, 39,
84, 28, 60,
104, 62, 71,
91, 34, 59,
142, 45, 58,
101, 44, 91,
66, 17, 71,
92, -32, 47,
110, -25, 99,
100, 32, 39,
58, 19, 75,
121, 39, 88,
112, 35, 92,
90, 44, 70,
107, 53, 74,
103, 8, 81,
109, 14, 48,
78, 34, 45,
99, -7, 39,
82, 2, 23,
101, 36, 42,
90, 30, 55,
124, 63, 69,
90, 4, 93,
90, 12, 85,
75, 19, 58,
109, 12, 77,
82, 17, 64,
93, 64, 31,
87, 11, 58,
125, 16, 51,
136, 45, 64,
74, 13, 41,
44, -28, 66,
131, 70, 60,
101, 8, 118,
60, 45, 3,
114, -9, 28,
103, 3, 57,
93, 55, 56,
105, 64, 84,
87, 19, 106,
80, -11, 101,
139, 70, 72,
129, 34, 35,
115, 23, 61,
122, 35, 93,
80, -21, 17,
86, 11, 50,
79, -10, 27,
82, 25, 50,
96, 33, 61,
121, 24, 73,
107, 31, 45,
68, 68, 136,
87, 71, 25,
124, -7, 49,
116, 34, 53,
96, 2, 44,
38, -29, 57,
101, 45, 70,
118, 20, 46,
116, 12, 32,
93, -23, 46,
111, 58, 117,
132, 64, 19,
66, -11, 43,
98, 28, 69,
103, 41, 108,
73, -4, 47,
87, 8, 61,
95, 32, 82,
98, 47, 99,
128, 10, 102,
125, 22, 54,
111, -19, 91,
72, 28, 43,
105, 49, 85,
124, 24, 72,
178, 42, 50,
79, -9, 61,
54, 26, 15,
85, -29, 42,
73, 10, 56,
117, 36, 64,
54, 6, 84,
104, -6, 95,
57, 39, 43,
78, 59, 48,
98, 31, 90,
107, 55, 67,
75, 39, 51,
116, 70, 38,
74, 61, 88,
87, 26, 37,
99, 68, 29,
71, 30, 84,
92, -44, 3,
83, 9, 52,
100, 44, 123,
123, 63, 58,
87, -5, 50,
129, 7, 58,
132, -35, 39,
94, -34, 23,
109, 2, 23,
75, 65, 97,
118, 30, 29,
154, 8, 90,
76, 39, 87,
83, 11, 40,
84, -12, 76,
97, 21, 97,
113, 4, 39,
86, -5, 114,
90, -5, 51,
73, 20, 42,
129, 27, 79,
108, 14, 23,
91, 35, 49,
58, 51, 48,
69, -9, 67,
101, 25, 56,
63, -11, 3,
80, 17, 97,
67, 31, 10,
111, 56, 70,
80, -26, 78,
115, 53, 89,
88, -2, 64,
85, 46, 1,
85, -6, 72,
128, -21, 12,
106, 32, 29,
45, -12, 29,
105, -34, 50,
135, 33, 31,
122, 26, 50,
68, 14, 93,
103, 37, 47,
141, 23, 34,
104, 6, 91,
128, 64, 23,
107, 19, 100,
112, 40, 83,
67, 36, 35,
91, 38, 49,
78, 27, 36,
95, 51, 13,
118, 49, 60,
142, 47, 51,
106, 18, 16,
112, 42, 71,
86, -13, 56,
144, 58, 60,
121, 35, 63,
83, 44, 35,
140, 22, 77,
109, 61, 46,
81, 52, 43,
107, 35, 66,
86, 103, 95,
124, 6, 49,
88, 34, 86,
58, 71, 22,
108, 21, 46,
118, 70, 48,
96, 25, 42,
136, -14, 78,
91, -29, 28,
85, 26, 59,
110, 18, 11,
126, 27, 122,
95, -3, 98,
87, 6, 25,
123, 30, 51,
45, 19, 84,
68, -13, 39,
119, 23, 60,
139, 49, 65,
114, 8, 51,
71, 53, 35,
105, 44, 29,
99, -20, 35,
167, 39, 56,
100, 33, 62,
126, -7, 45,
95, 36, 48,
129, 14, 78,
125, 1, 61,
137, 13, 14,
77, 38, 69,
86, 22, 49,
81, 80, 67,
76, 39, 13,
27, 18, 72,
88, 43, 59,
70, 38, 78,
121, 29, 47,
80, 10, 1,
95, 29, 63,
101, 31, 38,
80, 11, 34,
108, 46, 57,
147, 37, 36,
64, 39, 75,
55, -4, 29,
98, 20, 46,
115, 10, 90,
90, 56, 27,
54, 5, 1,
118, 73, 99,
73, 10, 4,
120, 19, 98,
123, 18, -38,
107, 13, 13,
98, 61, 51,
102, -35, 18,
111, 4, 94,
101, 16, 61,
91, 17, 100,
57, 52, 58,
110, 23, 84,
58, -14, 58,
94, 28, 75,
110, 19, 79,
102, -11, 76,
51, 18, 71,
88, -23, 75,
88, 36, 61,
33, 11, 60,
95, 17, 63,
106, 60, 76,
36, -12, 33,
97, 27, 92,
127, 67, 49,
99, 63, 57,
66, 58, 62,
72, 2, 83,
95, 37, 45,
92, 33, 67,
97, 56, 33,
84, 35, 32,
66, 4, 66,
114, 48, 86,
70, 51, 22,
71, 12, 64,
82, 26, 73,
129, 17, 83,
85, 17, 40,
96, 50, 64,
122, 46, 29,
112, 66, 86,
95, 46, 100,
146, 27, 85,
107, 41, 76,
160, 66, 35,
142, 39, 93,
75, 29, 113,
120, 22, 73,
89, 47, 22,
76, 16, 43,
122, 82, 73,
84, 15, 60,
70, -16, 70,
95, 28, 54,
37, 8, 46,
68, 30, 78,
116, 29, 34,
88, -13, 81,
65, 14, 27,
82, -4, 26,
100, 10, 49,
139, 14, 68,
104, 6, 23,
94, -4, 49,
78, 43, 64,
129, 43, 64,
55, 8, 50,
138, 4, 95,
109, 72, 80,
69, 36, 118,
78, 26, 35,
65, 23, 39,
100, 55, 55,
92, 24, 22,
82, 57, 64,
126, 25, 51,
97, 47, 31,
77, 45, 59,
130, 10, 94,
112, 40, 72,
118, 19, 47,
106, 0, 92,
96, 16, 73,
66, 41, 47,
94, -9, 64,
94, 27, 57,
84, 14, 53,
87, -5, 87,
110, 48, 96,
90, -16, 79,
104, 66, 41,
132, -33, 43,
136, 15, 100,
61, 49, 109,
120, 53, 46,
108, 45, 144,
75, 8, 79,
86, -37, 68,
117, 53, 43,
111, 33, 103,
136, 13, 17,
98, 36, 63,
130, -5, 36,
89, 15, 92,
119, 57, 7,
111, 37, 45,
144, 6, 82,
87, -12, 66,
89, 10, 30,
97, 27, 6,
134, 34, 20,
122, 33, 96,
108, 4, -1,
97, 15, 74,
114, 20, 51,
136, 44, 48,
24, 26, 109,
61, 27, 42,
68, 24, 11,
128, -3, 101,
64, -12, 16,
101, 55, 15,
114, 18, 87,
114, 56, 47,
85, 21, 38,
89, 26, 66,
112, 12, 61,
60, 28, 64,
50, 51, 78,
132, 39, 99,
109, 36, 31,
131, 74, 92,
40, -12, 32,
99, 53, 66,
116, -14, 48,
74, -3, 33,
92, -7, 59,
99, 50, 87,
106, 44, 82,
151, 54, 60,
116, 24, 55,
54, -11, 41,
76, 13, 30,
62, 50, 20,
114, 38, 42,
100, 74, 67,
91, 25, 87,
87, -15, 75,
35, 50, 52,
113, -1, 82,
123, 26, 92,
101, 13, 48,
79, 51, 99,
64, 39, 84,
52, 42, 71,
109, 41, 55,
115, 87, 57,
112, 23, 79,
88, 35, 47,
86, 57, 101,
123, 48, 82,
79, 2, 44,
105, 18, 62,
97, 41, 45,
164, 14, 114,
53, 4, 64,
98, 32, 99,
103, 16, 56,
116, 40, 82,
128, 9, 55,
129, 29, 92,
120, 57, 35,
110, 50, 42,
125, 27, 93,
83, 64, 130,
102, 2, 43,
150, 30, 92,
81, 19, -8,
127, 27, 40,
118, 29, 55,
109, 40, 23,
103, 59, 82,
91, 60, 90,
137, 67, 65,
102, 23, 52,
118, 62, 7,
93, 27, 104,
134, 22, 80,
86, 42, 80,
97, 4, 49,
100, 48, 86,
100, 44, 74,
150, 29, 97,
102, -5, 94,
80, -17, 45,
144, 56, 108,
92, 27, 68,
124, -13, 28,
97, 19, 72,
100, -7, 44,
59, 7, 93,
108, 14, 98,
79, 55, 40,
88, 19, 23,
129, -21, 50,
145, 79, -7,
134, 30, 70,
84, 47, 72,
73, 23, 20,
130, 48, 67,
89, 21, 42,
116, 11, 75,
72, 54, 36,
90, 84, 82,
87, 56, 23,
92, 49, 77,
82, 15, 82,
194, 64, 90,
121, 16, 75,
86, 58, 84,
92, -21, 74,
118, 0, 78,
92, 4, 46,
102, 3, 27,
81, 24, 60,
64, 49, 65,
68, -3, 24,
111, 28, 48,
53, 34, 62,
56, 41, 107,
92, 51, 48,
121, 14, 60,
113, 47, 70,
102, 47, 87,
42, 50, 15,
81, 12, 35,
59, 17, 83,
163, 66, 89,
131, 16, 73,
152, 44, 55,
107, 24, 25,
130, 60, 107,
82, 7, 33,
133, 23, 68,
45, 53, 98,
91, 31, 76,
75, 13, 83,
86, 20, 88,
96, 16, 12,
88, 14, 58,
100, 6, 15,
93, 37, 67,
103, 12, 94,
111, 46, 93,
103, 32, 81,
30, 7, 50,
115, 23, 86,
112, 11, 40,
111, 15, 19,
128, 63, 97,
22, 19, 43,
75, 26, 57,
64, -3, 54,
93, 47, 46,
117, 34, 130,
97, 23, 16,
97, 57, 94,
98, 54, 20,
85, 40, 26,
30, 18, 24,
119, 55, 57,
95, 45, 50,
163, 69, 88,
142, 46, 63,
117, 36, 43,
122, 40, 76,
89, -8, 45,
23, 37, 81,
105, 51, 91,
100, -18, 5,
125, 50, 63,
74, -34, 50,
98, 36, 18,
113, -13, 46,
81, 24, 28,
60, 42, 5,
166, 32, 6,
174, 71, 94,
62, -52, 10,
114, 26, 45,
91, 64, 52,
66, 63, 42,
126, 3, 73,
73, 20, 129,
70, -38, 43,
74, 17, 103,
109, -37, 25,
93, -41, 93,
88, -38, 72,
120, -2, 95,
86, -14, 45,
101, 61, 87,
96, 1, 140,
91, 8, 88,
77, 22, 39,
77, 31, 57,
100, 54, 126,
63, -2, 19,
62, 12, 33,
73, -1, 26,
91, 38, 61,
135, 15, 114,
79, 29, 86,
101, -6, 72,
45, -247, 43,
95, 29, 47,
47, 17, 38,
78, -6, 39,
61, -25, 56,
115, 26, 42,
81, 48, 5,
92, 2, 43,
133, 32, 78,
57, 42, 110,
72, -18, 96,
95, 15, 76,
88, 24, 31,
113, 27, 26,
49, 66, 62,
101, 11, 36,
86, -29, 72,
117, -15, 122,
99, 14, 69,
106, 8, 30,
96, 21, 47,
147, 24, 69,
135, 33, 73,
139, 44, 98,
80, 25, 55,
101, 28, 43,
45, 27, 35,
72, 12, 59,
92, 32, 78,
122, 32, 85,
55, 43, 32,
110, 60, 87,
96, 17, 48,
105, 26, 53,
94, -43, 43,
85, 47, 88,
90, 34, 69,
76, 16, 56,
97, 38, 35,
75, 26, 73,
111, 36, 68,
92, 29, 65,
83, 46, -19,
73, 74, 22,
120, 37, 89,
131, 54, 68,
19, -3, 57,
66, 27, 79,
88, -9, 21,
114, 17, 115,
88, -22, 52,
92, 27, 60,
71, 89, 56,
155, -27, 66,
63, 2, 52,
105, 48, 82,
90, 6, 21,
148, 39, 54,
133, -23, 63,
148, 39, 60,
121, 7, 86,
107, 33, 67,
73, 75, 49,
131, 13, 22,
153, 91, 43,
160, 52, 56,
33, -9, 45,
97, 19, 32,
111, -25, 34,
122, -9, 66,
96, 75, 104,
112, 22, 56,
118, 5, 72,
121, -17, 52,
109, 55, 66,
111, 52, 69,
102, -4, 57,
72, -23, 14,
156, 56, 90,
80, -29, 85,
72, 48, 54,
94, 74, 69,
62, 21, 90,
107, 24, 91,
114, 27, 31,
85, 33, 49,
116, 108, 91,
112, 13, 53,
83, 45, 79,
115, 35, 62,
102, 20, 41,
86, 41, 87,
68, 40, 71,
80, 20, 50,
78, 33, 144,
80, 17, 37,
93, 6, 74,
97, 54, 30,
152, 49, 89,
111, 39, 61,
134, -7, 50,
82, 65, 82,
85, 52, 26,
80, 18, 91,
115, -3, 46,
98, 48, 94,
141, 39, 79,
116, 67, 66,
103, -21, 98,
107, 21, 61,
81, 41, 68,
112, -29, 67,
71, 75, 94,
110, 45, 70,
71, 43, 2,
72, 24, 89,
76, 36, 61,
121, -19, 44,
102, 34, 47,
93, 47, 77,
173, 15, 36,
106, 18, 44,
141, 50, 49,
107, 18, 63,
104, 20, 28,
83, 70, 68,
31, 69, 1,
76, 41, 56,
58, -29, 78,
91, -23, 72,
153, 56, 99,
133, -5, 48,
84, -8, 3,
125, 54, 79,
36, 65, 64,
116, -2, 16,
89, 38, 40,
75, 32, 56,
103, 29, 60,
95, 61, 77,
36, 7, 47,
99, 15, 49,
63, -24, 93,
79, -18, 50,
95, 45, 89,
77, 17, 27,
89, 31, 84,
125, 44, 49,
97, 20, 75,
75, 52, 68,
126, 46, 117,
38, 0, 15,
95, 45, 69,
86, 70, 88,
105, 21, 70,
71, 49, 34,
95, 18, 116,
134, -17, 21,
77, 15, 92,
101, 15, 68,
97, 54, 47,
149, 2, 62,
77, 47, 40,
112, 27, 70,
137, -5, 59,
141, 43, 84,
117, 40, 57,
88, 6, 25,
96, -6, 85,
99, -27, 50,
94, 72, 41,
113, 33, 47,
76, 3, 79,
98, 62, 66,
70, -4, 11,
73, 46, 63,
87, 29, 89,
99, 31, 73,
100, 8, 30,
97, 92, 72,
127, 60, 40,
113, -28, 47,
116, 29, 73,
61, 5, 75,
78, -10, 72,
102, 38, 100,
111, -3, 43,
53, 58, 43,
83, -27, 3,
104, 50, 98,
119, 19, 13,
80, -62, 100,
82, 36, 41,
85, -9, 35,
69, 59, 79,
101, -7, 61,
112, 32, 42,
96, 42, 58,
81, -4, 37,
109, 36, 98,
77, 93, 45,
101, 37, 84,
101, 40, 54,
109, 31, 87,
121, -11, 43,
67, 27, 83,
116, 4, 67,
86, 58, 84,
72, 40, 60,
85, -20, 20,
83, 0, 53,
100, 15, 69,
97, 61, 55,
73, 36, 84,
99, 47, 61,
61, 3, 76,
108, 67, 55,
98, 15, 65,
56, 42, 52,
94, 18, -12,
97, 45, 61,
92, 5, 76,
165, -3, 30,
70, 11, 60,
113, 34, 32,
107, 43, 36,
131, 13, 54,
87, 28, 95,
97, 24, 47,
101, 45, 55,
86, 18, 50,
86, 24, 44,
106, 58, 92,
55, 32, 61,
136, 19, 37,
108, -17, 29,
90, -3, 57,
77, 43, 57,
57, -8, 67,
140, 53, 93,
114, -22, 74,
69, 35, 65,
93, 19, 77,
71, -14, 38,
118, 55, 104,
75, 30, 119,
90, 32, 76,
83, 21, 54,
85, 19, 59,
100, 53, 71,
108, 65, 59,
81, 56, 96,
132, 43, 102,
93, 16, 102,
61, -2, 36,
103, 39, 63,
107, 32, 52,
104, 40, 45,
102, 51, 86,
118, -26, 60,
112, 6, 67,
106, 31, 76,
98, 41, 106,
85, 54, 63,
107, 86, 86,
57, 15, 35,
121, -17, 20,
43, -11, 83,
111, 15, 36,
75, 28, 69,
105, 55, 106,
116, 71, 84,
94, 48, 30,
131, 4, 34,
109, 90, 80,
45, 18, 23,
129, 37, 81,
95, 54, 48,
64, 12, 45,
134, -3, 70,
81, 67, -5,
95, 29, 102,
59, 7, 61,
76, 29, 100,
78, 7, 111,
36, 4, 58,
82, 0, 44,
115, 44, 93,
112, 36, 6,
92, 9, 92,
118, 22, 71,
68, -32, 80,
75, 47, 56,
134, -5, 69,
96, 71, 70,
123, 7, 80,
79, 12, 37,
107, 38, 79,
144, 46, 102,
66, -55, 59,
109, 10, 59,
79, 13, 67,
94, 31, 70,
77, 26, 51,
113, 31, 44,
113, 33, 90,
112, 48, 47,
69, 60, 93,
89, 44, 40,
87, 63, 74,
93, 52, 81,
79, 23, 72,
98, 90, 55,
152, 15, 19,
67, 23, 47,
82, 74, 70,
112, 35, 36,
78, 25, 71,
90, 24, 29,
99, 14, 71,
135, 60, 57,
86, 36, 82,
122, -15, 108,
80, 25, 74,
100, 38, 73,
107, 14, 1,
82, 14, 43,
109, 46, 91,
111, 41, 78,
124, 16, 83,
121, 23, 80,
64, 17, 111,
56, -36, 79,
87, 9, 28,
65, 49, 62,
141, 4, 77,
51, 79, 115,
100, 20, 70,
76, 11, 72,
71, -25, 24,
91, 60, 44,
107, 10, 65,
98, 40, 48,
91, 59, 79,
125, 28, 35,
129, 13, 65,
127, 33, 19,
99, -5, -8,
71, -242, 42,
88, 56, 47,
135, 25, 49,
74, 44, 82,
99, 17, 75,
110, 28, 87,
127, 43, 66,
65, 30, 56,
72, 19, 94,
96, 26, 84,
89, 7, 102,
93, 63, 109,
74, 2, 14,
113, -28, 60,
92, 42, -33,
75, 71, 31,
69, -1, 81,
123, 45, 54,
133, 21, 75,
101, 6, 91,
91, -1, 48,
95, -1, 50,
68, 13, 102,
119, 42, 101,
101, 2, 27,
87, 23, 36,
99, 17, 30,
80, 17, 86,
120, 48, 90,
79, 63, 76,
77, 54, 57,
76, 36, 49,
112, 26, 79,
107, 24, 34,
70, -14, 68,
141, 33, 26,
78, 74, 102,
95, 6, -11,
120, 60, 36,
69, 47, 48,
82, 18, 61,
124, 32, 88,
102, 24, 24,
157, 38, 78,
109, 18, 80,
75, -32, 12,
114, 8, 85,
100, 22, 42,
86, 24, 55,
82, 26, 46,
92, 43, 105,
119, 43, 93,
92, -57, 37,
51, -22, 75,
103, -24, 79,
117, 48, 25,
106, 35, 109,
117, 27, 59,
100, 22, 50,
101, 46, 63,
119, 44, 53,
136, -36, 45,
49, -1, 37,
97, 3, 115,
146, 10, 30,
101, 48, 36,
113, 63, 67,
150, 32, 61,
84, 10, 55,
118, -28, 43,
164, 74, 71,
75, 15, 53,
92, 51, 97,
103, 4, 29,
78, 50, 83,
90, 56, 52,
93, -35, 63,
130, 31, 32,
120, 52, 49,
48, 29, 15,
135, 60, 104,
105, 19, 34,
38, -2, 54,
121, 43, 87,
78, 57, 41,
126, 5, 36,
82, 60, 57,
103, 30, 54,
117, 38, 78,
11, 25, 61,
104, 39, 35,
116, 14, 8,
126, 39, 47,
113, 49, 94,
81, 37, 120,
124, -3, 75,
98, 70, 104,
76, 3, 53,
77, 5, 47,
96, 45, 22,
80, 59, 88,
138, 63, 61,
76, 35, 90,
86, 9, 64,
101, -7, 92,
59, 42, 58,
84, 20, 72,
81, -14, 31,
115, -10, 57,
81, 58, 35,
172, 31, 22,
126, 71, 94,
93, 36, 45,
80, 34, 1,
115, 21, 20,
123, 47, 37,
117, 23, 59,
109, 25, 28,
79, 19, 69,
90, 41, 87,
108, 29, 43,
70, 88, 50,
98, 17, 57,
77, 12, 87,
56, 55, 58,
77, -12, 41,
118, 36, 80,
70, 47, 39,
105, 54, 61,
103, 47, 60,
82, 21, 32,
98, 5, 53,
90, 27, 60,
105, 17, 65,
75, 27, 18,
77, 39, 62,
93, 27, 34,
99, 55, 97,
94, 80, 101,
78, 58, 44,
88, 43, 70,
72, -14, -5,
109, 24, 21,
117, 5, 84,
89, 31, 30,
123, 2, 81,
62, -20, 112,
66, 65, 69,
78, 20, -20,
128, 80, 122,
75, 52, 84,
76, 26, -2,
105, 54, 70,
159, 30, 30,
102, -5, 39,
99, 72, 92,
96, 32, 57,
108, -3, 96,
114, -2, 75,
55, 37, 60,
83, -4, 65,
125, 19, 47,
110, 50, 56,
71, -17, 51,
155, 8, 42,
106, 12, 61,
124, 29, 105,
113, 49, 21,
120, 50, 39,
95, 39, 33,
72, 6, 60,
117, 40, 54,
82, 11, 123,
111, 50, 85,
69, 30, 38,
128, 5, 77,
97, 59, 83,
75, 60, 84,
112, 25, 87,
91, 31, 39,
82, 23, 82,
109, -22, 44,
128, 9, 30,
86, -2, 59,
87, 39, 64,
125, 64, 80,
95, 34, 36,
89, 64, 38,
39, 54, 13,
128, 60, 79,
136, 8, 70,
110, 34, 52,
91, 17, 48,
75, 1, 78,
60, 8, 84,
80, 33, 66,
122, 52, 60,
121, 32, 50,
111, 53, 97,
81, 44, 32,
58, -25, 79,
69, 14, 93,
84, -9, 20,
40, 55, 52,
98, 63, 72,
95, 8, 36,
79, 19, 122,
139, 20, 50,
136, 0, 65,
51, 82, 73,
101, 47, 21,
141, 51, 64,
101, 59, 74,
76, -1, 75,
73, 45, 91,
91, 40, 11,
111, 42, 88,
146, 71, 51,
95, 6, 41,
113, 28, 104,
132, 55, 86,
75, 20, 36,
98, 52, 89,
83, -11, 53,
84, 4, 44,
116, 51, 20,
146, 26, 60,
79, 85, 72,
82, 24, 34,
118, 44, 85,
67, 46, 77,
53, 72, 46,
112, 40, 142,
62, -19, 85,
95, -28, 72,
86, 13, 54,
102, 59, 70,
85, -10, -26,
108, 38, 113,
138, -15, 137,
130, 35, 30,
124, 64, 88,
76, 21, 59,
98, 54, 91,
81, 17, 77,
112, 38, 93,
89, 1, 81,
83, 0, 58,
119, 82, 74,
160, 78, 80,
107, 61, 91,
96, 29, 49,
106, 62, 59,
52, 41, 49,
113, 20, 117,
120, 13, 55,
88, 44, 98,
115, -30, 40,
127, 7, 23,
130, 26, 58,
93, 44, 44,
78, 51, 43,
142, 11, 110,
87, 17, 41,
119, 66, 56,
106, 49, 94,
134, 45, 39,
110, 48, 53,
117, 36, 62,
100, 40, 59,
79, 70, 57,
96, 24, 67,
133, 16, 55,
106, 40, 19,
128, 72, 87,
137, 13, 24,
63, 12, 46,
74, 79, 62,
62, 32, 99,
151, 7, 15,
109, 50, 96,
128, -12, 89,
66, 30, 38,
122, 50, 100,
53, 7, 88,
91, 16, 98,
88, 64, 74,
119, 42, 35,
120, 15, 24,
102, -6, 36,
113, 33, 6,
101, 32, 100,
90, 5, 26,
74, -1, 37,
120, 17, 68,
113, 43, 95,
137, 51, 94,
100, 66, 79,
88, 42, 105,
105, 45, 66,
101, 34, 25,
103, 35, 91,
14, 1, 23,
91, 109, 90,
104, 38, 62,
120, 53, 72,
107, 11, 21,
99, 45, 53,
101, 20, 37,
20, -7, 13,
111, 68, 77,
108, 22, 52,
108, 27, 71,
115, 26, 60,
114, 46, 80,
99, 34, 27,
68, 32, -15,
104, 66, 41,
77, 2, 56,
133, 18, 74,
157, 16, 118,
68, 18, 69,
124, 86, 62,
68, 6, 78,
92, 62, 39,
69, 40, 39,
123, 56, 114,
59, 19, 24,
120, 29, 128,
128, -40, 52,
95, 45, 68,
86, 55, 87,
91, 20, 99,
90, 17, 23,
61, 49, 38,
84, 31, 61,
105, 27, 6,
93, 10, 18,
170, 29, 89,
85, 35, 95,
112, 10, 88,
103, 16, 82,
59, 9, 50,
75, 38, 75,
86, 21, 67,
111, 29, 74,
117, 26, 106,
94, 20, 92,
94, 48, 29,
80, 44, 31,
104, 1, 33,
132, 42, 77,
63, 46, 39,
82, 41, 30,
92, 13, 23,
79, -30, 71,
68, -13, 52,
94, 45, 40,
112, 30, 56,
66, 3, 93,
86, 12, 46,
105, 19, 82,
85, 41, 73,
77, 13, 27,
83, 15, 54,
59, 38, 29,
95, 13, 106,
81, 9, 43,
141, 16, 86,
88, 54, 86,
93, 25, 43,
94, 35, 89,
80, 3, 35,
104, -21, 45,
97, 39, 76,
60, 47, 60,
100, 43, 74,
143, 54, 37,
62, 49, 68,
109, 16, 78,
98, -7, 108,
69, 1, 45,
105, 18, 113,
84, 14, 26,
85, 21, 46,
111, 47, 50,
94, 49, 105,
78, 13, 41,
105, 1, 79,
87, 53, 75,
156, 46, 99,
45, -12, 70,
90, 47, 94,
108, 52, 95,
100, 11, 70,
92, 37, 59,
66, 42, 68,
111, 44, 72,
53, 27, 57,
85, 13, 30,
119, 62, 63,
79, 63, 62,
94, 29, 55,
123, 19, 58,
132, 10, 41,
130, 50, 83,
82, 30, 30,
91, 27, 99,
136, 36, 34,
136, 9, 100,
89, -12, 74,
48, -10, 47,
117, 73, 57,
91, 65, 57,
120, 20, 11,
35, -21, 7,
112, 80, 94,
79, 65, 82,
129, 102, 133,
68, 1, 56,
63, -4, 67,
107, -2, 58,
104, 38, 87,
144, 15, 100,
83, 52, 48,
134, -14, 52,
156, 48, 111,
105, 56, 75,
81, 17, -4,
78, -12, 120,
94, 21, 47,
100, 24, 57,
79, 36, 80,
121, 16, 81,
142, 4, 130,
113, 48, 112,
130, 7, 83,
130, 19, 65,
70, 37, 36,
90, 39, 16,
127, 49, 55,
133, 44, 49,
95, 67, 89,
73, 60, -44,
158, 48, 51,
89, 25, 11,
100, 82, 72,
131, 9, 67,
91, 44, 100,
83, 40, 42,
85, 31, 33,
123, 29, 63,
87, 3, 62,
83, 34, 76,
91, 31, -9,
143, 28, 26,
80, 46, 65,
132, 33, 74,
44, 28, 79,
146, 32, 59,
112, -9, 73,
94, 17, 46,
99, 72, 76,
65, 9, 29,
122, -213, 66,
91, 6, 49,
142, 46, 84,
89, 2, 48,
71, -37, 21,
65, 29, 38,
89, -10, 66,
105, 2, 32,
149, 68, 86,
109, 19, 87,
113, 37, 38,
87, 54, 40,
129, 33, 117,
84, 47, 90,
80, 4, 71,
110, 12, 71,
118, 24, 46,
124, 33, 105,
106, 17, 94,
111, 32, 100,
97, 80, 86,
110, 15, 89,
106, 26, 62,
120, 55, 73,
141, 58, 86,
132, 56, 87,
118, 60, 42,
118, 0, 27,
76, 6, 63,
142, 78, 61,
81, 21, 72,
94, 253, 59,
81, 27, 71,
60, -33, 76,
93, 23, 36,
135, 44, 105,
140, 75, 17,
115, -5, 5,
92, 61, 84,
75, 11, 58,
102, 23, 43,
66, 18, 119,
90, -8, -2,
108, 34, 91,
74, 34, -6,
105, -42, 46,
99, 9, 84,
105, -2, 61,
110, 22, 14,
61, -13, 48,
81, 71, 89,
75, -20, 41,
100, 10, 70,
94, 17, -31,
102, 56, 58,
53, 45, 56,
108, 50, 38,
133, 58, 117,
123, 18, 57,
29, 51, 81,
139, 24, 43,
69, 96, 95,
81, -3, 55,
91, 23, 46,
77, -1, 67,
68, 44, 102,
95, -3, 109,
83, 41, 83,
83, 19, 32,
123, 46, 92,
112, 19, 86,
59, 23, 56,
131, 43, 91,
95, 3, 78,
107, 28, 79,
71, 21, 26,
75, 2, -44,
92, 13, 98,
93, 79, 77,
112, 31, 89,
151, 31, 48,
95, -5, 42,
97, -35, 21,
97, 73, 65,
109, 7, 93,
117, 29, 70,
65, 3, 49,
94, 46, 53,
86, 58, 69,
98, -7, 57,
118, 0, 63,
83, -7, 72,
101, 17, 85,
127, 61, 89,
101, 24, 34,
67, 78, 84,
114, 38, 95,
80, 29, 78,
133, 88, 71,
146, 22, 71,
69, -59, 82,
93, 27, 41,
123, 15, 81,
143, 39, 66,
112, 59, 45,
62, -1, 36,
116, 45, 78,
106, 40, 87,
90, 15, 26,
55, 17, 30,
90, 0, 4,
128, 56, 58,
41, 18, 112,
75, 50, 61,
63, -6, -17,
81, 19, 13,
82, 57, 106,
95, 37, 47,
84, -26, 51,
75, 30, 47,
110, 33, 78,
65, 9, 52,
112, 13, 113,
128, 32, 10,
129, 33, 45,
149, 47, 64,
116, 64, 95,
120, 22, 64,
108, -12, 47,
130, 32, 145,
121, -15, 48,
122, 6, 79,
129, 17, 72,
44, 28, 53,
120, 78, 74,
62, 0, 90,
72, -19, 43,
58, 18, 47,
95, 30, 63,
158, 10, 62,
104, 19, 62,
109, 15, 84,
100, -5, 100,
81, 7, 69,
136, 19, 63,
140, 24, 58,
80, 9, 29,
90, 53, 50,
92, 32, 33,
58, 29, 111,
80, 59, 50,
113, 41, 58,
81, 59, 21,
154, 21, 66,
117, 56, 31,
80, -6, 84,
51, 26, 71,
83, 48, 85,
93, 70, 55,
60, 40, 52,
130, 23, 55,
159, 73, 66,
91, 53, 108,
126, 53, 76,
109, 32, 75,
104, 49, 68,
86, -31, 84,
82, -32, 70,
105, 43, 65,
76, 15, 18,
101, 34, 80,
125, 58, 94,
91, 48, 85,
44, 42, 71,
125, 40, 61,
87, 42, 101,
114, 14, 84,
141, 20, 33,
117, 33, 64,
95, 17, 51,
109, 32, 92,
29, 39, 25,
120, 22, 62,
71, 23, 48,
87, 20, 46,
103, 11, 71,
106, 34, 42,
81, -46, 72,
146, -19, 112,
139, 62, 30,
56, 38, 21,
111, 46, 7,
60, 11, 34,
126, -8, 67,
110, 21, 83,
85, 16, 45,
78, 56, 26,
32, -21, 10,
87, -17, 23,
112, 52, 58,
110, 64, 6,
76, 3, 33,
88, 22, 89,
107, 21, 74,
32, 27, 43,
56, 35, 72,
106, 35, 69,
76, 40, 22,
97, 50, 75,
90, 28, 48,
107, 29, 32,
104, 14, 35,
84, 61, 106,
92, 37, 70,
101, 51, 91,
97, 30, 49,
71, -9, 80,
155, 49, 60,
108, 39, 96,
94, 26, 94,
144, 26, 58,
92, -34, 17,
35, 2, 66,
110, 20, 11,
54, 46, 41,
41, 29, 48,
112, 54, 111,
76, 37, 81,
95, 57, 101,
89, 46, 59,
106, -12, 77,
134, 101, 63,
83, 254, 73,
113, 26, 19,
129, 12, 43,
146, 30, 74,
100, 26, 36,
101, -1, 64,
117, -13, 82,
129, -1, 50,
117, -34, 28,
58, 70, 136,
68, 4, 79,
49, 32, 15,
125, 2, 54,
85, 8, 72,
101, 59, 132,
111, -10, 73,
86, 45, 132,
87, 36, 13,
149, 98, 129,
65, 19, 28,
119, 20, 79,
54, 45, 28,
83, 7, 44,
76, 45, 15,
42, -5, 9,
94, 20, 54,
60, 10, 34,
63, 44, 55,
116, 88, 95,
94, 35, 50,
97, 0, 94,
99, 0, 47,
119, 4, 55,
71, 28, 115,
123, 7, 34,
88, 10, 56,
128, 12, 118,
95, 32, 76,
139, 69, 85,
112, -14, 62,
37, -28, 95,
35, 43, 91,
82, 52, 71,
109, 51, 42,
93, 93, 72,
58, 2, -3,
142, 74, 72,
113, 27, 121,
65, -24, 29,
103, -33, 62,
90, 69, 24,
114, 49, 36,
92, 23, 34,
121, -14, 47,
100, 44, 45,
88, 19, 107,
108, -5, 89,
79, 15, 64,
98, 7, 46,
81, 29, 69,
94, -17, 31,
106, 12, 6,
115, 72, 72,
128, 17, 25,
101, -15, 58,
82, 77, 106,
76, -26, 46,
25, -11, 76,
68, 9, 54,
129, 50, 47,
98, 15, 56,
39, 43, 89,
94, 28, 71,
136, 14, 66,
97, 55, 7,
146, 22, 97,
105, 45, 85,
105, 3, 38,
119, 19, 117,
92, 23, 80,
93, 47, 100,
104, 48, 37,
104, 76, 60,
134, 49, 104,
41, 50, 77,
107, 55, 98,
68, 38, 74,
117, 7, 22,
50, -1, 58,
95, 40, 87,
87, 48, 70,
104, 34, 51,
105, 23, 50,
99, 33, 85,
63, -17, 60,
130, 74, 49,
102, 20, 53,
145, 27, 77,
78, 42, 17,
120, 30, 86,
77, -6, 111,
123, 10, 42,
121, 71, 59,
116, 72, 52,
82, 45, -25,
100, 60, 23,
106, 24, 102,
85, 24, 68,
120, 2, 74,
108, -4, 63,
113, 33, 20,
74, 3, 71,
123, 51, 85,
116, 0, 84,
130, 42, 30,
73, 32, 97,
114, 20, 54,
113, 24, 57,
69, 16, 33,
87, 18, 72,
80, 70, 58,
136, 31, 83,
126, -2, 28,
96, 18, 114,
45, -18, 80,
85, 41, 47,
107, 72, 78,
115, 34, 70,
96, 4, 74,
83, 38, 76,
91, 56, 81,
111, 7, 69,
83, 27, 88,
61, 3, 42,
113, 39, 75,
88, 27, 60,
82, 56, 82,
116, 50, 45,
116, -6, 11,
82, 3, 39,
169, 49, 75,
108, 43, 40,
47, 46, -7,
91, 13, 50,
64, 7, 59,
51, 13, 49,
100, 51, 22,
48, 23, 94,
87, 47, 4,
85, 19, 49,
102, 27, 51,
92, -15, 70,
105, 10, 70,
114, -7, 49,
112, 13, 78,
105, 64, 105,
83, 51, 79,
67, 1, 73,
92, -1, 40,
104, 60, 64,
128, 10, 54,
138, 75, 70,
72, 13, 33,
114, -7, 23,
92, 21, 102,
61, -5, 38,
87, 8, 78,
109, 24, 96,
99, 40, 68,
94, 26, 51,
53, -5, 79,
94, 27, 28,
94, 37, 35,
97, 72, 76,
141, 37, 42,
80, 42, 46,
154, 67, 87,
88, 23, 6,
107, 39, 51,
112, 86, 45,
64, 43, 87,
85, 96, 88,
126, 30, 66,
65, 50, -33,
136, 36, 79,
96, 55, 83,
82, 46, 57,
60, 50, 69,
94, 40, 84,
88, 9, 90,
102, 84, 39,
65, 19, 24,
93, 52, 107,
87, -24, 70,
98, 7, 96,
111, 47, 26,
121, 55, 68,
69, 26, 50,
102, 70, 45,
124, 92, 82,
120, 16, 43,
65, 42, 18,
41, 3, 46,
97, 19, 125,
104, 39, 62,
90, 62, 110,
130, 10, 79,
78, 20, 30,
71, 6, 64,
97, 42, 57,
98, 1, 29,
109, 6, 118,
102, 37, 57,
110, 27, 6,
118, 73, 71,
95, 69, 81,
95, 14, 103,
97, 62, 102,
137, 43, 90,
86, 37, 102,
91, 31, 93,
84, 58, 0,
102, 0, 78,
82, 27, 26,
75, 32, 87,
155, 42, 65,
91, 39, 103,
167, 53, 76,
87, 22, 21,
97, 55, 44,
118, 37, 31,
115, 41, 117,
59, 248, 46,
105, 21, 50,
93, 29, 72,
96, -1, 24,
67, 45, 70,
86, 18, 87,
92, 1, 54,
116, 18, 52,
145, 18, 90,
119, 29, 47,
108, -16, 35,
125, 7, 33,
51, 32, 59,
71, 39, 76,
95, 20, 123,
132, 62, 128,
106, 43, 87,
146, -4, 51,
71, 11, 83,
134, 33, 95,
86, 28, 34,
53, 55, 42,
117, 31, 29,
103, -1, 104,
126, 87, 59,
112, 58, 76,
113, 46, 39,
102, 2, 32,
111, 33, 74,
71, -1, 138,
94, -27, 58,
75, -236, 97,
129, 12, 93,
97, 9, 63,
50, 54, 74,
156, 27, 23,
122, 41, 81,
61, 2, 98,
91, 39, 94,
121, 27, 94,
144, 10, 63,
69, 36, 53,
90, 42, 72,
90, 49, 37,
75, 9, 59,
82, 13, 98,
78, 7, 55,
144, 66, 53,
65, 28, 63,
27, 59, 21,
110, 23, 59,
80, 29, 110,
91, 10, 71,
124, 46, 105,
59, 39, 23,
96, -1, 50,
138, 39, 28,
99, 32, 56,
76, 29, 52,
131, 33, 104,
125, 55, 70,
156, 14, 29,
105, 24, 82,
92, -18, 34,
136, -36, 54,
140, 47, 77,
72, 52, 39,
98, 21, 61,
110, 43, 36,
72, 28, 59,
121, 29, 94,
87, -9, 77,
76, 20, 44,
108, 51, 112,
63, 40, 14,
110, 76, 19,
142, 29, 66,
75, 25, 76,
80, 40, 92,
70, -7, 76,
83, 50, 90,
73, 26, 66,
98, 33, 74,
102, 12, 43,
89, 13, 101,
88, 42, 45,
99, 18, 94,
106, 28, 39,
74, -3, 63,
88, 17, 36,
83, 49, 63,
100, -5, -4,
80, -26, 54,
93, 42, 47,
89, 6, 27,
89, -1, 109,
85, 23, 63,
87, 15, 48,
99, 13, 88,
76, 51, 40,
84, 33, -8,
80, 10, 51,
124, 7, 80,
59, 29, 57,
123, 23, 53,
95, 25, 13,
90, 71, 40,
106, 46, 49,
126, 48, 78,
76, -4, 22,
145, 13, 49,
64, 5, 77,
108, 34, 70,
120, -20, 68,
110, -12, 55,
108, -14, 80,
84, 48, 21,
73, 20, 50,
154, 28, 83,
32, 58, 78,
68, 17, 75,
98, 61, 0,
115, 7, 94,
68, 28, 50,
145, 17, 27,
130, 36, 117,
135, 58, 146,
33, -25, 58,
65, 36, 75,
131, 68, 86,
83, 33, 66,
134, 21, 35,
71, 8, 13,
86, 25, 92,
113, 44, 65,
113, 45, 103,
116, 76, 46,
126, -8, 43,
133, 59, 61,
98, 2, 84,
65, 29, 52,
116, 25, 34,
128, 49, 97,
31, -6, 36,
115, 65, 30,
106, 33, 105,
124, -15, 44,
115, -5, 85,
78, 44, 72,
126, 3, 67,
47, 23, 64,
109, 43, 87,
96, 99, 49,
101, 17, 95,
85, 48, 88,
75, 37, 54,
137, 56, 66,
130, 40, 71,
60, -11, 48,
103, 19, 68,
134, 8, 21,
107, 6, 58,
134, -9, 52,
112, 36, 14,
82, 11, 14,
75, -36, 52,
76, 43, 9,
134, 41, 67,
50, -15, 75,
119, 7, 63,
122, 30, 121,
151, 43, 84,
130, -17, 60,
141, 7, 60,
97, -6, 39,
102, -19, 79,
92, 21, 12,
86, 16, 50,
27, 38, 47,
136, 47, 41,
83, 21, 38,
77, 63, 42,
29, 38, 26,
86, 8, -12,
91, 60, 64,
147, 5, 89,
73, 8, 13,
67, 67, 39,
112, 35, 81,
67, 39, 75,
134, -43, 70,
113, 25, 49,
60, 30, 52,
103, 44, 72,
131, 30, 44,
94, -37, 26,
88, 34, 79,
122, 45, 27,
143, 29, 49,
99, -22, 1,
100, 57, 88,
107, 15, 57,
79, -6, 49,
94, 33, 41,
125, 77, 67,
31, 43, 37,
86, 20, 64,
86, 9, 94,
119, 14, 91,
66, 18, 99,
113, 57, 53,
98, 78, 86,
94, 31, 39,
122, 33, 42,
54, 10, 78,
63, -25, 48,
106, 48, 91,
83, 61, 73,
106, 28, 22,
101, 49, 87,
112, 8, 69,
95, 24, 46,
92, -18, 66,
72, 11, 75,
105, 11, 74,
61, 26, 103,
95, 1, 83,
55, 54, 67,
97, 50, 21,
111, 3, 60,
112, 10, 93,
99, 9, 59,
106, -221, 51,
106, 22, 96,
99, 28, 116,
92, 70, 98,
92, 51, 55,
106, 44, 49,
68, 19, 76,
104, 34, 83,
71, 42, 49,
130, 45, 87,
116, 58, 85,
106, 5, 83,
100, 14, 53,
110, 23, 30,
100, 20, 58,
99, 31, 114,
73, 45, 5,
111, 27, 31,
56, -11, 81,
118, 57, 36,
52, 14, 14,
104, 3, 62,
125, 31, 43,
70, -1, 53,
109, 20, 71,
137, 35, 32,
151, 63, 30,
94, 52, 49,
102, 14, 87,
113, 5, 46,
115, -2, 70,
101, 26, 52,
107, 30, 32,
81, -17, -9,
66, 46, 59,
91, 27, 77,
109, -5, 37,
69, -8, 55,
76, 25, 46,
86, 31, 60,
126, 63, 51,
91, 23, 85,
124, 46, 75,
108, 40, 70,
43, 25, 102,
69, -3, 54,
124, 19, 52,
102, 62, 51,
56, -6, 18,
75, 20, 56,
53, 58, 40,
117, 14, 95,
108, 59, 45,
91, 13, 44,
96, 3, 58,
87, 72, 21,
119, 5, 28,
101, 15, 13,
110, 30, 117,
129, 40, 59,
152, -4, 36,
65, 10, 39,
113, 66, 55,
121, 15, 75,
71, 15, 52,
83, -4, 14,
106, 37, 128,
101, 28, 57,
146, 75, 85,
89, 9, 65,
110, 10, 19,
81, 34, 61,
95, 32, 79,
46, -17, 73,
136, 54, 69,
116, 20, 77,
122, 54, 100,
124, 20, 45,
71, 45, 70,
150, 17, 51,
106, 35, 92,
120, 4, 100,
111, 51, 90,
131, 44, 80,
116, 13, 96,
117, 45, 115,
72, -10, 15,
79, 35, 51,
117, 58, 44,
137, 36, 49,
147, 33, 35,
72, -13, 61,
120, 57, 94,
131, 49, 61,
121, 35, 59,
80, 28, 31,
92, 18, 95,
74, 49, 70,
124, 7, 12,
77, 39, 42,
84, 44, 64,
87, 53, 73,
134, 45, 75,
65, 12, 81,
111, 43, 63,
64, 51, 67,
139, 18, 44,
93, 55, 99,
88, -6, 65,
93, 27, 89,
129, 49, 51,
82, 6, 26,
99, -9, 51,
69, 27, 87,
96, 15, 97,
103, 0, 31,
126, 4, 82,
67, 8, 97,
105, 89, 58,
94, 26, 89,
121, 22, 37,
113, 31, 40,
88, 20, 75,
96, 5, 39,
101, 49, 24,
120, 1, 28,
101, 51, 80,
40, 13, 8,
96, 59, 111,
53, -7, 38,
86, 49, 19,
97, 17, 51,
95, 34, 41,
98, -12, 102,
91, -9, 55,
115, 41, 84,
95, 48, 65,
95, 84, 111,
119, 39, 33,
111, -19, 90,
105, 60, 98,
131, 36, 44,
118, 13, 74,
116, 12, 80,
156, 35, 90,
137, -10, 88,
93, -3, 44,
28, 42, 61,
97, 64, 93,
63, 13, 13,
86, 9, 39,
70, 42, 78,
73, 55, 40,
72, 2, 57,
88, 29, -27,
108, 38, 35,
92, 79, 13,
128, 73, 37,
91, 38, 53,
84, -15, 24,
79, 61, 75,
62, 5, 74,
102, 43, 22,
113, 26, 79,
106, 14, 64,
88, 2, 55,
112, 1, 67,
92, 36, 46,
78, 73, 49,
84, 18, 44,
58, 25, 64,
142, 20, 70,
103, 20, 87,
106, 2, 112,
74, 14, 32,
107, 39, 91,
99, 26, 78,
80, 5, 60,
133, 54, 69,
130, 48, -19,
100, -7, 52,
36, -29, 5,
136, 54, 57,
104, 101, 122,
117, 100, 74,
91, 22, 11,
135, 22, 65,
115, 25, 23,
114, 28, 72,
58, 47, 63,
76, 50, 87,
109, 72, 43,
73, 11, 81,
84, 34, 73,
90, 32, 41,
78, 38, 57,
89, 0, -4,
106, 43, 61,
106, -9, 87,
134, -2, 91,
119, 29, 23,
140, -11, 90,
95, 45, 113,
86, 28, 28,
124, 25, 47,
151, 27, 133,
78, 25, 73,
134, 57, 65,
68, 35, 34,
101, 67, 120,
131, 16, 81,
75, 52, 74,
126, 22, 12,
85, 70, 44,
46, 7, -14,
88, 54, 42,
80, 25, 74,
46, 0, 61,
130, -10, 23,
124, -11, 74,
106, 52, 74,
111, -63, 35,
127, 14, 80,
101, 52, 104,
52, 25, 3,
39, 26, 59,
50, 46, 93,
105, 18, 47,
102, 63, 87,
88, 30, 65,
137, 0, 94,
77, 9, 115,
79, 0, 11,
104, 51, 103,
78, -19, 105,
136, 53, 91,
123, 28, 56,
114, -38, 88,
98, 57, 80,
82, 24, 81,
123, -15, 93,
54, 23, 85,
81, 29, 48,
112, 33, 44,
85, 41, 10,
127, -5, 47,
114, 49, 68,
103, 8, 76,
124, 52, 77,
105, 22, 45,
79, 42, 73,
104, 30, 47,
86, 1, 65,
110, 24, 57,
99, 44, 93,
94, 43, 40,
128, -9, 72,
103, 47, 43,
113, 20, 48,
64, 43, 73,
115, 19, 38,
53, 49, -5,
61, 29, 46,
49, 31, 63,
81, 71, 64,
13, 55, 69,
89, 55, 77,
109, 30, 52,
137, 17, 18,
59, 40, 41,
82, 57, 70,
116, 6, 34,
129, 53, 68,
92, 9, 51,
46, 49, 35,
62, 23, 44,
72, 35, 147,
66, 5, 102,
120, 11, 51,
93, -16, 83,
109, 15, 56,
111, 53, 10,
123, 45, 103,
91, 34, 67,
124, 4, 59,
76, 37, 29,
142, 29, 85,
122, 18, 56,
124, 18, 84,
136, 32, 21,
89, 15, 84,
120, 55, 84,
119, 17, 46,
82, 46, 38,
108, 41, 90,
157, 74, 85,
86, 42, 69,
62, 42, 104,
68, 59, 62,
114, 16, 55,
104, 10, 64,
108, 21, 29,
102, 38, 91,
127, 42, 119,
136, 24, 86,
123, 48, 38,
92, 37, 69,
121, 8, 19,
89, 23, 88,
138, 39, 71,
95, 16, 11,
89, 62, 58,
108, 29, 35,
105, 11, 29,
115, 67, 77,
97, 2, 27,
106, 48, 128,
137, -11, -4,
109, 4, 96,
77, 32, 99,
58, 42, 110,
74, 60, 46,
118, 32, 51,
97, 4, 50,
119, 31, 25,
112, 76, 55,
114, -17, 26,
80, 46, 39,
120, 49, 74,
136, 54, 116,
74, 7, 89,
130, 12, 40,
97, 57, 75,
122, 15, 41,
110, 28, 88,
95, 36, 68,
96, 71, 146,
126, 34, 45,
127, 22, 94,
81, 39, 87,
174, 39, 62,
72, 39, 43,
126, 55, 51,
88, 13, 44,
96, -2, 52,
92, 28, 45,
149, -37, 59,
53, 21, 30,
31, 53, 71,
116, 40, 67,
89, 33, 37,
93, 12, 119,
67, 63, 94,
88, 40, 92,
70, 48, 69,
79, 28, 38,
69, -5, 37,
105, 34, 86,
68, 55, 76,
121, 38, 45,
141, 78, 36,
141, 104, 105,
107, 56, 56,
70, 2, 33,
65, 10, 78,
67, -44, 72,
71, 34, 72,
78, 45, 62,
93, 24, 55,
100, 32, 81,
72, 29, 52,
115, 21, 69,
116, 51, 48,
52, 33, 15,
85, 6, 74,
37, 19, 38,
142, 31, 108,
92, 48, 116,
93, 32, -9,
104, 41, 38,
105, 7, 48,
66, 32, 75,
109, 43, 92,
88, 56, 76,
73, 26, 62,
117, 32, 40,
66, -36, 28,
141, 39, 30,
86, 32, 130,
32, 14, 63,
86, 36, 89,
139, 43, 65,
101, 28, 57,
128, 51, 21,
82, -4, 75,
83, 49, 34,
117, 47, 56,
58, 5, -1,
134, 4, 32,
79, 29, 88,
137, 38, 122,
104, -38, -5,
149, 36, 48,
93, 24, 111,
127, 21, 100,
89, 22, 72,
125, 21, 88,
111, 35, 71,
83, 45, 95,
75, 16, 50,
63, 7, 53,
68, 34, 82,
111, 25, 39,
66, 60, 62,
94, -12, 73,
74, 12, 121,
88, -19, 82,
132, 49, 47,
64, 9, 48,
86, 52, 72,
103, 13, 60,
110, 42, 33,
118, 59, 97,
108, 16, 46,
80, 27, 5,
106, 32, 66,
82, 19, 26,
96, 2, 19,
79, 48, 91,
131, 15, 48,
108, -3, 22,
95, 14, 66,
93, 83, 91,
127, 12, 79,
100, 37, 84,
124, 39, 55,
121, 64, 100,
71, -13, 26,
125, 12, 40,
158, 103, 90,
80, 20, 75,
98, 51, 81,
91, 47, 58,
112, 31, 108,
117, 35, 19,
84, 14, 73,
144, 20, 28,
107, 8, 76,
139, 40, 113,
99, 26, 30,
108, 9, 19,
86, 2, 94,
110, 60, 61,
151, 20, 59,
136, 40, 94,
95, 15, 44,
116, 65, 43,
64, -7, 22,
103, 90, 80,
129, 34, 117,
111, 26, 82,
100, 38, 40,
89, 10, 48,
107, 46, -11,
89, 243, 27,
86, 25, 67,
101, 19, 41,
79, 2, 46,
144, 55, 102,
47, -3, 72,
137, 70, 23,
68, 5, 13,
116, 12, 59,
118, 16, 106,
87, 41, 14,
75, 32, 16,
73, 45, 40,
147, 0, 48,
82, -8, 23,
111, 21, 23,
93, 37, 52,
78, 48, 22,
86, 28, 68,
109, 61, 90,
130, 23, 60,
110, 77, 85,
65, 31, 84,
114, 66, 80,
86, 14, 38,
58, 21, 95,
113, 28, 83,
61, 12, 61,
97, 11, 66,
108, 86, 47,
117, 23, 68,
61, 8, 73,
65, -31, 0,
119, 12, 76,
63, -28, 56,
136, 49, 101,
117, 77, 67,
82, 2, -21,
98, 27, 57,
72, 56, 86,
126, 38, 72,
112, 61, 99,
101, 9, 90,
109, 92, 86,
132, 14, 73,
101, 17, 85,
132, 43, 97,
173, 93, 61,
93, 35, 77,
87, 3, 12,
106, -3, 17,
103, 25, 46,
56, 32, 31,
79, 16, 25,
133, 22, 40,
78, 46, 42,
75, 46, 75,
78, 59, 83,
106, 85, 67,
141, 37, 78,
72, 6, 51,
101, 36, 14,
143, 27, 88,
98, 45, 84,
62, 80, 41,
111, -26, 69,
89, 29, 78,
99, 100, 73,
105, -11, 31,
125, 71, 29,
114, 20, 40,
98, 8, 38,
102, 39, 67,
58, 36, 59,
102, -13, -4,
147, 11, 53,
76, 10, 36,
59, 16, 63,
73, 42, 77,
88, 36, 115,
140, 25, 8,
121, 50, 83,
101, 27, 3,
100, 27, 51,
147, 22, 21,
105, 8, 106,
76, 33, 68,
69, 2, 71,
137, 11, 92,
85, 52, 47,
106, 35, 46,
100, 33, 91,
115, 39, 0,
124, 9, 102,
85, -6, 62,
87, 5, 79,
137, 20, 105,
65, 33, 72,
125, 44, 90,
110, 37, 36,
118, 55, 65,
59, -14, 79,
140, 60, 73,
57, 22, 83,
111, -19, 82,
67, 49, 52,
95, 11, 44,
33, 74, 39,
42, 31, 24,
72, 13, 45,
110, 33, 32,
104, 78, 55,
148, 62, 48,
94, 57, 42,
52, -6, 59,
110, 17, 53,
99, 75, 57,
116, 9, 89,
82, 51, 100,
110, 25, 78,
89, 30, 78,
114, 15, 44,
101, 10, 3,
106, 39, 110,
99, -1, 36,
75, 51, 40,
48, 63, 45,
142, 96, 102,
88, -2, 73,
138, 56, 42,
102, 19, 13,
110, 40, 48,
114, 48, 60,
70, -12, 103,
98, 8, 52,
53, 55, 11,
134, 26, 95,
60, 59, 99,
66, -34, 89,
76, 8, 77,
103, 35, 50,
94, 67, 107,
160, 44, 81,
52, 43, 73,
108, 46, 68,
97, 7, 76,
97, 7, 132,
107, 40, 43,
136, 71, 74,
86, 43, 106,
104, 32, 59,
61, 48, 53,
111, 67, 66,
108, 18, 37,
86, -23, 73,
128, -27, 46,
162, 27, 11,
122, 16, 78,
102, 74, 87,
79, 25, 24,
95, -4, 101,
78, 0, 78,
60, 4, 27,
94, -4, 41,
125, 16, 125,
87, 43, 97,
73, 86, 91,
102, 23, 80,
92, 29, 58,
103, 31, 18,
79, 49, 98,
97, 42, 96,
97, 31, 25,
100, 53, 76,
116, 53, 47,
83, 81, 40,
120, 55, 67,
118, -8, 21,
118, 11, 83,
70, -4, 53,
125, 66, 78,
77, -16, 59,
106, 39, 73,
87, 59, 80,
100, 54, 66,
110, 28, 37,
92, 6, 33,
55, 27, 85,
117, 20, 27,
86, -8, 39,
127, 42, 34,
134, 62, 63,
120, 27, 123,
110, 17, 43,
55, 29, 62,
41, 18, 60,
95, 51, 53,
142, 55, 81,
153, -4, 55,
86, 44, 46,
115, 44, 64,
96, -21, 36,
112, 16, 106,
87, 27, 2,
103, 27, 110,
129, 51, 25,
123, 31, 36,
91, 38, 58,
142, 29, 66,
77, 7, 89,
133, 48, 31,
135, 12, 63,
101, -15, 58,
123, 2, 65,
66, -6, 73,
115, -35, 31,
84, 40, 12,
114, 1, 34,
117, -11, 73,
83, 42, 86,
76, 57, 61,
115, -4, 29,
111, 4, 91,
106, 28, 100,
96, 30, 103,
104, 56, 16,
137, 56, 61,
72, 3, 30,
90, 2, 48,
143, 10, 40,
60, 61, 67,
118, 13, 1,
63, 3, 39,
115, 27, 118,
131, 106, 62,
103, 12, 67,
109, 15, 87,
110, 35, 61,
87, 47, 92,
64, 10, 95,
79, 65, 30,
84, 48, 46,
92, 36, 90,
95, 72, 42,
101, 11, 49,
105, 22, 52,
60, 70, 97,
122, 24, 79,
99, 25, 59,
127, -18, 82,
131, 7, 61,
102, 57, 41,
120, 44, 60,
127, 5, 48,
138, 25, 87,
127, -5, 7,
65, -12, 55,
74, 43, 55,
142, 50, 38,
106, 53, 71,
130, 45, 118,
99, -10, 38,
110, 67, 54,
74, 37, 81,
114, 17, 87,
88, -7, 31,
82, 28, 52,
98, 60, 114,
103, 20, 57,
67, -49, 94,
93, 75, 91,
164, 45, 93,
114, 76, 62,
83, -5, 39,
98, 24, 59,
64, 25, 93,
48, 14, 56,
99, 63, 59,
118, 39, 94,
86, -24, 80,
92, 39, 81,
77, 6, 75,
90, 35, 24,
117, 26, 37,
152, 27, 62,
91, 28, 92,
101, -13, 76,
88, 15, 72,
174, 11, 56,
127, 27, 57,
95, 46, 86,
98, 55, 60,
83, 24, -3,
80, 73, 65,
81, 35, 91,
122, 63, 90,
76, 9, 67,
75, 29, 30,
111, 1, 86,
63, 37, 36,
108, -18, 55,
125, 32, 32,
107, 27, 96,
121, 52, 27,
108, 56, 46,
88, 6, 74,
140, 55, 115,
90, 29, 49,
96, 50, 83,
111, 30, 76,
109, 8, 74,
75, 62, 68,
91, 62, 30,
116, 83, 80,
85, 62, 88,
99, 53, 117,
88, 47, 67,
74, 65, 44,
94, 53, 81,
89, -21, 25,
138, 55, 84,
108, 86, 32,
92, 32, 36,
99, 9, 81,
91, 28, 35,
87, 17, 95,
59, -18, 72,
66, 72, 59,
97, 2, 60,
106, 49, 52,
129, 45, 84,
106, 13, 112,
86, 4, 70,
73, 15, 76,
116, 42, 54,
91, 15, -1,
50, 20, 84,
78, 15, 63,
83, 51, 42,
100, 25, 95,
60, 56, 76,
123, 56, 39,
112, -8, 81,
105, -1, 41,
94, 41, 91,
132, 31, 58,
69, 48, 60,
135, 66, 58,
95, -250, 50,
78, 61, 130,
117, 8, 90,
96, 83, 57,
67, -30, 36,
89, 9, 53,
117, 67, 63,
61, 32, 41,
54, 14, 81,
86, 28, 92,
53, 16, 64,
105, 62, 33,
74, 17, 36,
88, 21, 20,
128, 46, 28,
98, 66, 77,
76, 16, 109,
83, -6, 61,
159, 39, 89,
72, 26, 64,
116, 24, 59,
122, 55, 61,
93, 14, 70,
96, 10, 75,
71, -9, 59,
105, 11, 71,
61, 25, 22,
105, 61, 95,
91, 47, 85,
79, 6, 98,
111, 20, 82,
141, 43, 32,
104, -21, 35,
69, 53, 45,
88, 30, 53,
81, 3, 52,
114, 62, 69,
55, 50, 58,
102, 18, 25,
110, 26, 12,
155, 9, 83,
42, 65, 37,
109, -15, 65,
138, 27, 30,
72, 48, 13,
101, 49, 77,
93, 4, 89,
106, 46, 38,
124, 26, 73,
77, 12, 62,
157, 58, 86,
82, 25, 86,
95, -17, -1,
112, 9, 30,
109, 51, 51,
76, -9, -18,
64, 54, 60,
87, 5, 66,
123, 17, 25,
78, 29, 70,
111, 82, 81,
78, 39, 71,
124, 2, 92,
111, 32, 106,
107, 41, 151,
61, 13, 38,
132, 41, 74,
83, 13, 95,
77, 13, 94,
139, 46, 119,
72, 59, 130,
85, -2, 35,
104, 12, 96,
111, 32, 92,
61, 49, 58,
119, -7, 65,
138, 18, 65,
102, 49, 84,
70, -16, 39,
61, 70, 82,
71, 27, 23,
110, 62, 57,
116, 25, 28,
96, -7, 11,
102, -1, 50,
82, 6, 30,
97, 74, 96,
87, 27, 79,
81, 27, 131,
114, 41, 0,
135, 16, 37,
77, 59, 96,
122, 19, 89,
152, 46, 33,
86, 33, 23,
49, -5, 12,
137, 68, 85,
97, 27, 35,
123, 41, 42,
118, 23, 89,
109, 50, 94,
56, -12, 17,
93, 76, 70,
71, 56, 79,
71, -14, 85,
144, 62, 64,
76, 35, 58,
115, 42, 65,
159, 8, 104,
108, 19, 79,
88, 40, 84,
148, 9, 92,
100, 41, 60,
105, 1, 45,
120, 41, 96,
103, -10, 71,
86, 70, 57,
69, 32, 50,
93, 24, 83,
86, 52, 87,
99, 21, 103,
95, 36, 35,
98, 41, 84,
136, 28, 43,
65, 47, 30,
70, 27, 86,
119, 16, 136,
71, 57, 38,
81, 14, 52,
119, 21, 89,
118, 54, 120,
57, 31, 58,
120, 79, 94,
103, 11, 39,
91, 65, 3,
91, 13, 77,
94, -10, 69,
113, -21, 84,
94, 76, 49,
77, 3, 38,
39, 14, 63,
103, 66, 73,
85, 53, 57,
110, 26, 89,
84, 20, 74,
84, -27, 92,
125, 15, 65,
99, 29, 68,
123, 53, 74,
74, 24, 67,
42, 42, 46,
110, 15, 77,
115, -7, 69,
136, -19, 86,
57, 23, 69,
84, 64, 109,
106, 33, 64,
129, 38, 105,
130, 32, 10,
116, 1, 25,
