130, 40, 57,
72, 24, 39,
65, 35, 47,
107, -33, 44,
113, 30, 54,
110, -7, 81,
142, -4, 60,
85, 41, 58,
93, 34, 150,
119, 54, 73,
77, -5, 58,
121, 87, 87,
130, 65, 88,
59, 34, 44,
110, 33, 38,
33, -12, 36,
152, -9, 49,
129, 14, 19,
91, 11, 58,
129, -27, 45,
130, -9, 36,
104, 70, 56,
125, -43, 47,
127, 62, 8,
117, 49, 91,
98, 20, 40,
41, 6, 42,
112, 22, 44,
91, 87, 86,
98, 15, 52,
126, 8, 109,
113, 26, 33,
127, 52, 77,
88, 32, 46,
29, 11, 43,
125, 52, 88,
109, 9, 11,
85, 5, 35,
109, -3, 60,
145, 35, 68,
114, 42, 38,
117, 52, 93,
145, 31, 77,
107, -10, 41,
129, 57, 71,
126, -5, 45,
102, 41, 74,
113, 25, 37,
61, 6, 93,
104, 45, 105,
144, 56, 95,
159, 68, 64,
77, -13, 63,
70, 60, 84,
112, 25, 92,
141, 42, 65,
97, -7, 92,
106, 52, 83,
83, 9, 55,
141, 40, 122,
95, 34, 80,
97, 29, 51,
125, -8, 89,
47, 38, 57,
128, 10, 51,
114, -12, 47,
78, 46, 118,
69, 14, 82,
105, 9, 99,
121, 47, 68,
82, 18, 89,
105, 29, 118,
128, 32, 74,
113, 19, 84,
165, 50, 65,
106, 31, 50,
88, 47, 58,
82, 11, 8,
87, 44, 67,
117, 71, 60,
90, 29, 95,
135, 38, 76,
106, 29, 31,
106, -17, 64,
106, 8, 98,
119, -16, 54,
97, 26, 51,
161, -9, 74,
90, 15, 23,
41, 50, 33,
123, 54, 60,
112, 41, 44,
88, 74, -29,
108, 46, 100,
132, 29, 84,
113, 22, 108,
101, 54, 41,
59, -16, 8,
137, 64, 64,
67, -7, 31,
99, 6, 99,
129, 96, 101,
98, 19, 50,
158, 14, 109,
73, 17, 50,
108, 42, 83,
79, 72, 24,
130, 88, 32,
86, 50, 85,
101, 29, 69,
102, 80, 65,
85, 10, 65,
83, 8, 61,
101, 30, 92,
81, 36, 90,
108, 26, 35,
86, 58, 13,
85, 47, 105,
33, 44, 66,
88, 47, 70,
101, 3, 48,
93, 30, 50,
115, 29, 97,
89, 71, 57,
151, 15, 84,
121, 38, 54,
146, 22, 102,
69, 31, 16,
69, 54, 47,
113, 31, 11,
105, 55, 102,
63, -18, 104,
88, 1, 79,
97, 24, 79,
73, -4, 75,
116, 32, 66,
111, 24, 73,
103, 34, 50,
118, 7, 79,
77, -35, 39,
177, 94, 70,
41, -5, 27,
140, 62, 79,
83, 54, 74,
82, 81, 67,
88, -8, 102,
134, 2, 54,
71, 55, 100,
137, -1, 49,
90, 11, 37,
103, 78, 45,
77, 12, -3,
103, 51, 93,
134, 59, 116,
83, 0, 69,
118, 23, 2,
100, 62, 48,
66, 25, 27,
46, 26, 42,
110, 106, 62,
71, 5, 49,
65, 44, 54,
154, 13, 76,
141, 60, 95,
117, -21, 123,
121, 51, 76,
65, 56, 66,
97, 49, 60,
74, 49, 29,
112, 30, 39,
91, -6, 45,
97, 39, 87,
89, 45, 84,
153, 55, 115,
123, 70, 99,
71, 85, 30,
81, 38, 77,
92, 57, 52,
126, 25, 69,
96, -7, 41,
83, 26, 75,
88, 57, 67,
144, -6, 13,
109, 45, 73,
100, 56, 69,
76, 52, 64,
57, 0, 105,
73, 52, 20,
151, 27, 40,
129, 59, 87,
42, 23, 30,
59, 57, 35,
123, 8, 120,
123, 27, 12,
57, 20, 61,
84, 32, 58,
94, 69, 75,
95, 16, 56,
148, 26, 92,
109, 26, 53,
96, 36, 112,
74, -9, 51,
139, 45, 101,
95, -24, 43,
133, 5, 114,
77, 22, 90,
87, 49, 103,
69, 75, 118,
83, 49, 26,
98, -11, 39,
90, -10, 38,
120, -12, 83,
126, 8, 43,
106, 16, 138,
82, 19, 30,
76, 40, 13,
117, 17, 37,
122, 67, 87,
71, 26, 87,
95, 35, 76,
119, -1, 68,
72, 41, 58,
131, 51, 50,
121, 14, 44,
150, 26, 71,
110, 51, 48,
89, -10, 89,
130, 13, 22,
81, 42, 21,
89, 22, 48,
104, 52, 38,
118, 0, 39,
104, -7, 82,
98, 60, 75,
128, -7, 61,
116, -20, 25,
127, 42, 58,
86, 36, 29,
103, 15, 73,
103, 28, 67,
60, 40, 83,
49, 56, 28,
112, 17, 54,
63, 53, 26,
56, 9, 16,
99, 9, 81,
63, 69, 79,
77, 45, 47,
73, 58, -19,
78, 33, 62,
102, 61, 71,
110, 34, 82,
110, 14, 80,
113, -18, 107,
72, 9, 66,
88, 17, 18,
115, 36, 51,
111, 23, 56,
66, 45, 67,
106, -9, 74,
107, 39, 105,
134, 19, 42,
113, -6, 74,
144, 28, 97,
76, -8, 58,
78, 16, 92,
86, -18, 58,
111, 52, 61,
109, -11, 63,
82, 59, 76,
77, 19, 60,
132, 22, 106,
122, 37, 51,
102, 11, 93,
131, -30, 84,
88, 2, 84,
26, 60, 62,
155, 34, 31,
98, 17, 34,
116, 43, 113,
102, -10, 61,
74, 24, 75,
93, 38, 81,
105, 44, 36,
181, 20, 50,
159, -16, 31,
84, -60, 78,
122, 40, 115,
54, 29, 66,
150, 92, 11,
104, 30, 30,
44, 29, 68,
76, 55, 129,
65, 17, 47,
109, -8, 36,
82, 36, 77,
65, 53, 81,
128, 23, 74,
47, -5, 72,
66, 12, 47,
93, 44, 101,
103, 58, 94,
132, 43, 112,
120, 22, 117,
86, -12, 61,
103, 5, 31,
51, 12, 78,
70, 60, 63,
129, 42, 73,
80, 35, 53,
65, 25, 77,
84, 25, 27,
109, 54, 46,
80, 7, 74,
160, 66, 57,
86, 103, 17,
100, 59, 87,
143, 20, 71,
137, 62, 102,
139, 3, 37,
99, 65, 71,
111, 1, 53,
69, 74, 94,
70, -12, 69,
89, 26, 60,
83, 19, 52,
120, 7, 51,
53, 74, 57,
112, 22, 36,
100, -15, 24,
61, 0, 39,
135, 26, 114,
130, 34, -23,
99, 26, 67,
138, 68, 69,
95, 2, 74,
79, 29, 55,
84, 48, 94,
128, 72, 83,
107, 38, 24,
124, 74, 105,
92, -18, 83,
97, 21, 52,
57, -6, 88,
123, 41, 30,
85, 29, 77,
129, 46, 84,
129, 36, 48,
100, 23, 59,
143, 44, 105,
119, 17, 47,
112, 41, 41,
134, 39, 62,
111, 26, 53,
49, 37, 79,
83, 14, 80,
122, 16, 65,
103, 39, 30,
129, 44, 99,
66, 28, 72,
143, 19, 84,
108, 11, 51,
103, 60, 80,
62, 16, 71,
108, 47, 72,
92, 5, 46,
122, 75, 29,
116, -27, 110,
47, -21, 112,
95, 0, 55,
78, 17, 40,
101, 57, 54,
80, 19, 53,
101, 35, 102,
93, 28, 26,
101, -16, 58,
106, 66, 83,
117, 17, 68,
89, 52, 61,
126, -19, 99,
121, -1, 40,
156, 22, 110,
78, 26, 76,
104, 29, 79,
107, 7, 62,
100, 51, 92,
93, 42, 85,
50, 34, 84,
128, 27, 97,
85, -38, 24,
106, 32, 53,
84, 36, 98,
105, 72, 46,
91, 2, 61,
126, 8, 90,
121, 37, 71,
130, 8, 88,
89, 18, 30,
123, 55, 32,
121, 5, -34,
92, 16, 88,
95, 68, 137,
92, 39, 48,
105, 8, 27,
108, -9, 93,
106, -17, 33,
112, 5, 141,
123, 2, 53,
66, 31, 57,
84, 52, 61,
104, 38, 28,
89, 2, 59,
127, 11, 78,
159, -17, 50,
74, 58, 1,
106, 42, 82,
108, 81, 60,
64, -5, 39,
64, 19, 75,
118, -6, 83,
143, 41, 40,
127, 80, 35,
125, 36, 54,
128, 1, 65,
90, 32, 44,
101, 44, 32,
90, 26, 81,
97, 20, 35,
122, 6, 80,
80, 11, 44,
134, 29, 69,
154, -12, 80,
101, 29, 48,
69, 10, 60,
132, 75, 54,
73, 59, 55,
81, 36, 93,
128, 25, 100,
115, 41, 90,
96, -19, 33,
110, 27, 125,
84, 5, 65,
75, 34, 66,
114, 24, 77,
130, -10, 48,
82, 36, 42,
126, 35, 16,
70, 18, 38,
70, -13, -2,
77, 22, 46,
120, 23, 43,
106, 34, 16,
105, 41, 65,
80, -23, 28,
115, 41, 85,
90, 40, 6,
86, 16, 74,
101, 89, 58,
121, 59, 87,
130, 60, 47,
93, 40, 92,
97, 50, 61,
50, 69, 44,
69, 37, 59,
107, 29, 93,
69, -8, -9,
111, 61, 58,
107, 11, 80,
97, 3, 10,
98, -18, 38,
99, 36, 48,
93, 58, 62,
29, 4, 11,
100, 29, -7,
151, 23, 21,
88, -14, 55,
113, 10, 85,
114, 39, 80,
117, 31, 48,
120, 53, 53,
54, 34, 22,
111, 35, 0,
56, -1, 29,
108, 9, 110,
94, 18, 34,
105, 11, 35,
81, 23, 23,
135, 25, 77,
55, 44, 62,
73, 26, 78,
63, 1, 63,
112, 19, 73,
119, 26, 95,
84, 61, 61,
142, -15, 100,
116, 65, 85,
54, 11, 95,
106, 36, 70,
60, 26, 67,
104, 16, 57,
94, -2, 81,
104, -29, 31,
89, 17, 59,
65, 25, 92,
83, 1, 75,
91, -13, 55,
137, 45, 58,
65, -6, 77,
114, 37, 117,
76, 28, 62,
116, 57, 76,
122, 44, 60,
108, 82, 59,
105, 22, 91,
90, -2, 53,
83, -22, 132,
84, 20, 125,
117, 35, 66,
133, 21, 59,
133, 18, 33,
53, 27, 81,
107, -1, 58,
45, -1, 36,
101, 46, 60,
94, 71, 71,
59, 9, 89,
98, 2, 54,
81, 48, 101,
98, -2, 137,
120, 10, 40,
129, 26, 54,
89, 0, 71,
92, 39, 62,
84, 28, 30,
116, 3, 32,
108, 27, 80,
102, -4, 35,
131, 30, 25,
115, 31, 60,
89, 71, 68,
116, 17, 109,
171, 15, 65,
39, -6, 54,
90, 46, 43,
119, 18, 72,
85, 30, 59,
153, 25, 90,
87, 10, 86,
69, -28, 57,
102, -13, 9,
127, 36, 128,
97, 69, 75,
89, -9, 76,
102, 22, 89,
69, 25, 83,
20, 9, 54,
112, 22, 48,
90, 28, 96,
127, 52, 107,
104, 9, 76,
106, -2, 41,
73, 7, 7,
110, 36, 3,
59, 49, 54,
129, 24, 62,
112, 7, 64,
116, 52, 53,
123, 14, 36,
152, 32, 68,
95, 38, 95,
109, 45, 43,
85, 19, 61,
131, 29, 43,
93, 41, 90,
92, 32, 70,
94, 27, 97,
127, 0, 73,
127, 62, 93,
112, 16, 23,
111, 74, 39,
112, 73, 104,
102, 23, -16,
105, 55, 79,
100, 14, 41,
147, 47, 34,
68, 52, 100,
84, 20, 50,
91, 27, 75,
103, 2, 57,
89, 2, 40,
100, -6, 32,
50, 18, 66,
98, 81, 110,
103, -17, 68,
134, 36, 79,
141, 2, 57,
163, 32, 80,
119, 15, 73,
87, 39, 94,
94, 16, 29,
94, 33, 97,
79, 24, 61,
127, 54, 49,
106, 21, 96,
27, 8, 35,
76, 29, 58,
94, 23, 56,
130, 29, 106,
89, 80, 79,
100, 37, 55,
98, -18, 65,
23, 33, 48,
110, 35, 36,
88, -25, 64,
76, 25, 57,
86, 13, 57,
80, 20, 41,
94, 35, 29,
56, 30, 97,
51, 49, 73,
129, 19, 59,
107, 38, 42,
128, 106, 88,
94, 51, 70,
122, -18, 8,
78, 1, 114,
114, -28, 76,
81, 5, 50,
96, 42, 109,
95, 12, 61,
57, -11, 36,
154, 51, 95,
74, -19, 55,
99, 50, 55,
94, 41, 54,
91, 7, 137,
95, 36, 42,
139, 35, 110,
54, 2, 56,
116, 20, 72,
116, 33, 98,
95, 17, 69,
101, 5, 76,
82, 13, 13,
130, 27, 77,
80, 1, 88,
80, 11, -15,
77, 4, 55,
120, 24, 53,
93, -26, 99,
85, 48, 48,
128, 32, 99,
96, 35, 45,
93, -10, 72,
45, 5, 44,
82, 61, 84,
110, 62, 102,
99, 3, 82,
128, 71, 54,
75, 53, 115,
67, 18, 77,
106, 11, 35,
116, 42, 34,
81, 59, 56,
121, 24, 113,
98, 27, 29,
123, 78, 120,
74, 24, 53,
102, 53, 41,
95, 26, 88,
152, 20, 106,
108, 18, 61,
141, 14, 75,
60, -12, 32,
79, 22, 91,
133, 29, 67,
69, 25, 110,
102, 12, 36,
110, 10, 51,
116, 69, 62,
79, 53, 69,
114, 74, 45,
112, 43, 122,
130, 18, -2,
56, -18, 89,
114, 28, 63,
123, -40, 47,
107, 97, 24,
94, 42, 38,
54, 9, 62,
94, 66, 77,
76, 31, 86,
104, 25, 94,
87, 34, 67,
111, 7, 49,
92, -32, 56,
114, 16, 69,
94, 6, 42,
101, 46, 65,
138, 19, 49,
92, -52, 34,
126, 50, 24,
80, 67, 35,
103, 52, 54,
119, 7, 88,
86, 59, 55,
95, 53, 83,
73, 56, 30,
103, 17, 102,
113, 44, 113,
106, -10, 16,
102, 31, 64,
104, 35, 21,
160, 17, 50,
104, 31, 77,
94, -5, 69,
130, 30, 64,
90, 60, 70,
104, 28, 47,
76, -16, 121,
117, 82, 97,
110, 4, 30,
45, 27, 94,
65, 26, 31,
97, 38, 2,
84, 78, 106,
57, -1, 61,
110, -13, 60,
52, 30, 56,
99, 15, 58,
83, 31, 66,
114, 59, 104,
89, 5, 49,
71, 39, 37,
88, 1, 80,
98, 32, 70,
117, 58, 49,
101, 40, 109,
104, 24, 64,
102, 30, 77,
90, 8, 38,
144, 27, 99,
100, 53, 83,
101, 38, 61,
109, 20, 108,
81, -5, 30,
128, 42, 103,
168, 32, 57,
71, 31, 30,
132, 7, 85,
115, 38, 62,
95, 52, 14,
131, 48, 44,
88, 2, 46,
86, -14, 91,
73, 47, 25,
112, 33, 39,
99, 21, 93,
43, 20, 59,
96, 14, 97,
100, 58, 46,
58, -36, 22,
104, -8, 72,
66, 31, 86,
132, 32, 60,
85, 11, 38,
137, 35, 48,
105, 18, 50,
93, 18, 127,
64, 11, 36,
111, 3, 37,
117, 46, 105,
125, 14, 60,
107, 60, 51,
96, 6, 58,
108, 25, -3,
97, 26, 45,
116, -10, 11,
116, -2, 12,
107, -13, 75,
115, -11, 52,
102, 29, 39,
81, 4, 71,
112, 38, 80,
91, 4, 75,
96, 26, 74,
69, 8, 81,
48, 44, 43,
83, 68, 75,
112, 9, 3,
67, -12, 32,
72, 43, 38,
82, 14, 27,
108, 36, 86,
109, 32, 56,
68, 4, 57,
71, 1, 70,
105, 107, 89,
80, 26, -16,
107, 30, 93,
95, 34, 81,
131, 43, 92,
78, -22, 39,
100, 33, 37,
121, 39, 96,
109, 56, 97,
119, 26, 78,
33, 42, 22,
87, 24, 49,
87, 62, 68,
96, 7, 43,
121, 43, 46,
122, 40, 49,
84, 15, 58,
75, -4, 75,
104, 67, 72,
103, -13, 121,
99, 6, 24,
106, 50, 88,
96, -18, 58,
77, 32, 57,
112, 48, 82,
115, 18, 24,
72, 24, 44,
135, 35, 66,
89, 38, 67,
61, 27, 42,
71, 17, 56,
65, 35, 28,
85, 12, 70,
135, 83, 50,
96, 3, 85,
95, 83, 91,
119, 55, 105,
100, 54, 69,
76, 2, 72,
125, -1, 33,
87, 52, 70,
91, -7, 33,
84, 41, 59,
154, 56, 33,
77, 14, 53,
127, -8, 73,
82, 10, 66,
85, 20, 45,
91, -19, 83,
108, 27, 56,
89, 22, 61,
89, 59, 78,
67, 35, 115,
72, 19, 86,
123, 2, 101,
127, 50, 71,
86, 61, 31,
111, 28, 32,
79, 34, 51,
108, 38, -2,
90, 39, 40,
116, 41, 76,
130, 28, 57,
93, 33, 73,
107, 16, -14,
88, -10, 71,
67, 18, 48,
114, 81, 52,
109, -254, 68,
41, -10, 9,
86, 38, 88,
121, 91, 70,
71, -12, 76,
87, 8, 69,
90, 22, 86,
92, 45, 61,
94, 42, 49,
88, 23, 56,
97, 38, 47,
56, -2, 89,
59, -3, 44,
115, 13, 41,
88, 58, 90,
81, 35, 113,
105, 4, 75,
108, 9, 48,
98, 24, 76,
146, 25, 31,
60, 11, 1,
78, 62, 40,
70, 14, 43,
96, 26, 83,
112, 40, 25,
60, -56, 30,
91, -9, 79,
125, 15, 28,
89, 34, 61,
110, 4, 82,
94, 25, 38,
109, 23, 95,
72, 46, 47,
76, 7, 20,
72, 22, 92,
78, 31, 23,
122, 35, 87,
80, 42, 116,
114, 13, 78,
62, -10, 78,
105, 68, 45,
106, 29, 38,
75, 1, 42,
156, 36, 91,
80, 43, 58,
118, 15, 40,
108, -29, 64,
79, -6, 31,
99, 33, -16,
92, 99, 102,
81, 49, 23,
77, 32, 60,
115, 47, 96,
100, 19, 91,
78, 14, 53,
112, 45, 111,
72, 77, 48,
117, 39, 46,
97, -4, 63,
70, 46, 70,
113, 55, 59,
103, 28, 55,
76, 50, 111,
117, 24, 116,
108, 17, 36,
76, 15, 66,
87, 10, 99,
103, 24, 47,
110, 10, 120,
147, 33, 119,
64, 29, 44,
125, 25, 37,
157, 35, 88,
45, -8, -5,
63, 84, 72,
69, 51, 37,
76, 40, 59,
121, 33, 94,
71, 35, 88,
75, -34, 29,
92, 16, 66,
112, 73, 63,
59, -13, 92,
98, 3, 56,
97, 12, 33,
58, 5, 0,
126, -25, 76,
85, 5, 26,
63, -4, 18,
78, 10, 27,
107, 60, 39,
91, 57, 23,
110, 37, 25,
106, -36, 62,
108, 75, 35,
116, 58, 45,
105, 39, 80,
104, 87, 54,
118, 30, 37,
67, 45, 41,
54, 21, 46,
71, 17, 42,
132, 70, 105,
141, 18, 36,
97, 18, 27,
125, 36, 46,
47, 36, 44,
76, 14, 95,
74, 75, 61,
82, 15, 112,
98, 61, 26,
79, 40, 38,
87, 28, 93,
124, 60, 102,
68, 14, 54,
87, 11, 88,
90, -4, 39,
161, 96, 111,
95, -8, 119,
114, 25, 42,
79, 58, 60,
99, 44, 42,
64, -5, 45,
77, 25, 124,
20, 4, -1,
88, 29, 44,
65, 5, 101,
61, -4, 25,
86, 39, 72,
58, 20, 80,
89, -4, 35,
141, 35, 36,
76, 39, 56,
77, 8, 38,
86, 37, 52,
85, 52, 61,
140, 41, 50,
95, 27, 83,
69, 15, 28,
82, 38, 33,
78, -6, 69,
57, -2, 105,
126, 17, 55,
108, 31, 83,
108, 59, 19,
83, 30, 54,
166, 75, 106,
90, 3, 42,
124, 49, 70,
126, 26, 90,
125, 27, -9,
144, 38, 89,
104, -25, 32,
65, 21, 82,
99, 33, 73,
139, 33, 72,
114, 17, 55,
120, 38, 73,
125, 26, 22,
58, 10, 131,
83, 9, 52,
122, 63, 65,
123, 14, 78,
115, 11, 100,
119, -2, -22,
143, 29, 60,
79, 18, 19,
75, 28, 29,
107, 56, 20,
102, 46, 62,
120, 6, 22,
64, 31, 84,
84, 5, 45,
56, 38, 113,
111, 26, 68,
92, 40, 73,
88, -2, 20,
114, 37, 78,
84, 15, 2,
133, -6, 72,
114, -21, 52,
80, 51, 44,
85, 72, 106,
94, 39, 67,
105, 14, 106,
119, 47, 31,
107, -7, 82,
102, 33, 44,
88, -16, 49,
132, 41, 80,
112, 51, 65,
87, 31, 112,
135, 58, 99,
133, 37, 85,
119, -20, 53,
90, 37, 64,
105, 23, 57,
77, -2, 97,
89, 30, 21,
155, 58, 86,
67, 19, 80,
147, 23, 54,
128, 20, 80,
113, 42, 63,
62, 28, 52,
90, 34, 103,
107, 38, 99,
114, 89, 82,
105, 3, -23,
26, -36, 34,
70, -21, 55,
122, -16, 124,
119, 48, 83,
99, 54, 63,
154, 34, 66,
86, 26, 78,
120, 32, 45,
67, 58, 95,
92, 58, 34,
113, -3, 58,
87, 39, 59,
103, 41, 98,
79, 52, 45,
114, 18, 43,
70, 20, 81,
124, 7, 59,
104, -2, 72,
79, 70, 36,
85, 34, 49,
75, -2, 54,
92, 2, 33,
92, 49, 82,
82, 38, 99,
71, 25, 110,
86, 16, 31,
115, 94, 48,
68, 18, 52,
71, 13, 82,
62, 10, 11,
143, 40, 107,
50, 15, 65,
92, 9, 92,
80, -3, 77,
125, 40, 40,
89, 8, 71,
94, 37, 104,
60, 36, -5,
117, 84, 75,
79, 55, 119,
148, 41, 87,
98, 58, 80,
108, 69, 115,
114, 45, 66,
117, 26, 82,
92, -13, 104,
65, 67, 46,
118, 27, 76,
69, -1, 94,
129, 18, 69,
109, 31, 41,
114, 54, 30,
85, 41, 60,
95, -15, 25,
102, 37, 60,
78, 4, 59,
131, -1, 69,
24, 24, 25,
69, 25, 51,
126, 20, 28,
88, 36, 97,
80, -16, 73,
81, 23, 102,
130, 10, 97,
97, -1, 68,
86, 34, 50,
120, 22, 102,
127, 33, 75,
104, 39, 39,
118, 8, 31,
102, 18, 57,
92, 64, 53,
151, 0, 57,
94, 59, 93,
89, 15, 55,
112, 28, 113,
103, 40, 48,
114, 17, 51,
82, 30, 58,
114, 60, 78,
113, 26, -2,
88, 3, 49,
116, 72, 49,
81, 85, 27,
111, 4, 72,
112, 56, 61,
103, 20, 15,
110, 39, 55,
88, 15, 29,
145, 32, 45,
144, 89, 48,
103, 62, 63,
9, -1, 86,
111, 57, -2,
108, -9, 42,
132, 3, 45,
72, 30, 66,
125, 51, 70,
143, 42, 82,
46, 18, 29,
106, 53, 31,
86, -7, 63,
156, -1, 59,
101, 86, 103,
60, 21, 77,
64, 0, 97,
106, 29, 72,
100, 34, 69,
138, 10, 92,
94, 27, 51,
90, -3, 57,
95, 47, 86,
123, 43, 45,
54, 41, 110,
105, 38, 106,
86, 10, 57,
108, 33, 75,
112, 33, 83,
105, 14, 103,
76, 29, 31,
57, 72, 118,
106, 34, 116,
89, 15, 14,
63, 18, 67,
59, -45, 89,
59, 25, 59,
125, 37, 51,
100, 2, 44,
45, 10, 68,
86, 17, 45,
133, 46, 93,
112, -28, 74,
82, 47, 7,
126, -5, 74,
120, -8, 79,
125, 23, 61,
81, 33, 27,
116, 57, 92,
95, 5, 52,
114, 67, 55,
78, 39, 122,
121, 24, 71,
105, 55, 62,
46, 68, 63,
145, 43, 59,
101, 18, 49,
90, -3, 36,
129, 69, 82,
106, 16, 87,
104, 71, 94,
138, 24, 47,
85, 25, 82,
89, 2, 67,
91, 23, 82,
123, 40, 53,
70, 60, 60,
141, 27, -5,
144, 58, 25,
81, -43, 40,
86, -17, 55,
72, 9, 60,
115, 16, 81,
119, 35, 128,
106, 12, 100,
136, 40, 35,
131, -2, 11,
129, -6, 67,
94, -4, 71,
64, 42, 50,
74, 10, 53,
70, 1, 62,
73, 29, 73,
111, -2, 21,
111, 12, 74,
103, 22, 93,
99, 6, 16,
140, 67, 93,
121, 8, 89,
106, 66, 93,
74, 1, 61,
111, 45, 64,
108, 29, 77,
57, -25, 51,
116, 23, 80,
141, 11, 54,
103, 29, 71,
77, 46, 88,
42, 29, 115,
106, 16, 40,
89, 43, 24,
127, 15, 55,
107, 11, 36,
102, 53, 44,
117, -34, 81,
68, 74, 49,
64, 6, 105,
91, 55, 97,
87, 11, 53,
137, 32, 12,
89, 72, 74,
65, 23, 72,
114, 56, 91,
79, 20, 93,
95, 21, 111,
155, 60, 84,
111, -23, 67,
65, 36, 47,
101, 30, 92,
144, 66, 116,
54, 37, 101,
114, 11, 86,
118, 40, 82,
100, 56, 65,
94, 32, 30,
119, 46, 139,
56, 21, 69,
124, 27, 69,
122, 52, 82,
124, 19, 34,
77, 63, 73,
134, 14, 22,
60, 25, 78,
89, 78, 69,
72, 51, 126,
108, 53, 52,
68, 6, 15,
140, 14, 51,
119, 13, 97,
50, 60, 72,
159, 25, 74,
92, 23, 54,
106, 32, 55,
87, 41, 66,
128, 28, 68,
115, 36, 58,
120, 39, 47,
57, -47, 66,
174, 80, 91,
189, 29, 61,
64, 20, 81,
86, 5, 70,
120, 66, 42,
109, 33, 60,
88, 76, 107,
91, 22, 94,
141, 22, 63,
64, 34, 80,
122, 46, 92,
108, 64, 69,
157, 21, 40,
57, -1, 100,
126, 44, 70,
130, 87, 93,
102, 25, 114,
119, 33, 71,
100, 46, 103,
71, -10, 65,
106, 27, 59,
111, 31, 113,
81, 21, 79,
110, 62, 17,
83, 30, 83,
115, 55, 57,
76, 0, 76,
121, 45, 40,
112, 49, 44,
103, 17, 89,
122, 15, 58,
112, 40, 50,
145, -1, 44,
98, 52, 47,
76, 7, 63,
128, 29, 92,
131, 70, 103,
76, -11, 64,
109, 44, 87,
125, 19, 119,
66, 1, 61,
101, -5, 78,
81, 36, 57,
102, 1, 36,
81, 36, 67,
76, 23, 72,
85, 46, 53,
113, 87, 98,
92, 75, 95,
79, 3, 78,
54, 24, 65,
89, 26, 65,
105, 2, 111,
105, 11, 43,
79, 50, 93,
41, 37, 90,
83, 43, 97,
88, 44, 65,
127, 32, 97,
81, 17, -1,
122, 53, 41,
62, 25, 48,
128, 17, 94,
76, 73, 26,
98, -20, 82,
117, 54, 73,
110, 23, 106,
104, 6, 83,
79, 6, 25,
121, 29, 65,
114, -48, 79,
82, -8, 67,
65, 44, 107,
131, 0, 135,
119, 44, 43,
74, 29, 34,
72, 30, 65,
80, 42, 75,
70, 10, 71,
104, 37, 61,
121, 42, 14,
16, -30, 27,
55, -4, 72,
81, -1, 49,
95, 90, 110,
104, 11, 74,
54, 37, 64,
76, 38, 30,
109, 22, -18,
99, 0, 19,
126, 82, 51,
123, 12, 120,
69, -4, 58,
172, 71, 100,
102, 19, 90,
105, 44, 58,
98, 44, 82,
52, 21, 9,
140, -10, 43,
98, 6, 87,
71, 54, 55,
68, 2, -2,
114, 21, 93,
168, -207, 73,
131, 2, 57,
72, 4, 116,
50, -13, 66,
81, 36, 71,
171, 50, 86,
99, 27, 98,
93, -23, 52,
79, 50, 39,
54, 18, 83,
72, 27, 54,
134, 31, 57,
90, 23, 103,
101, 6, 37,
134, 60, 94,
73, 24, 6,
116, 15, 11,
93, 51, 99,
113, 81, 47,
131, 33, 88,
102, 13, 119,
56, 16, 29,
112, -14, -16,
109, 25, 54,
124, 55, 8,
100, -2, 34,
115, 40, 105,
82, 74, 61,
58, 37, 46,
47, 6, 46,
126, 49, 81,
69, 13, 77,
105, 7, 91,
106, 51, 73,
101, 11, 74,
121, 78, 39,
114, 32, 45,
102, 16, 37,
109, 47, 64,
86, 9, 49,
89, 13, 24,
45, 11, 98,
106, 32, 83,
111, 36, 67,
133, -19, 63,
67, 48, 115,
139, 48, 45,
110, 52, 50,
48, 43, 57,
91, 5, 24,
107, 36, 102,
114, 61, 6,
91, 36, 103,
80, 42, 35,
108, 64, -6,
97, 6, 24,
103, 41, 83,
115, 28, 82,
111, 58, 123,
55, 39, 67,
103, 46, 56,
115, 26, 93,
-7, 49, 20,
54, 51, 73,
149, 79, 104,
108, 26, 31,
142, 30, 43,
145, 11, 29,
178, 53, 44,
102, 81, 127,
83, 30, 38,
117, 36, 66,
83, 39, 25,
77, 23, 49,
81, 81, 61,
52, 9, 16,
120, 21, 60,
125, 48, 70,
107, 83, 20,
83, 27, 16,
97, 20, 56,
88, 16, 39,
58, 48, 48,
37, 11, 87,
126, 45, 59,
91, 18, 70,
111, 45, 35,
86, 58, 35,
113, 37, 66,
53, 22, 43,
91, 0, 69,
159, -5, 129,
92, 2, 30,
159, 52, -13,
68, 14, 46,
108, -31, 41,
94, 31, 151,
131, 21, 96,
76, 43, 45,
103, 37, 46,
120, 12, 53,
60, 11, 83,
110, 79, 47,
112, 14, 56,
111, 20, 131,
98, 7, 66,
99, 8, 44,
98, 31, 90,
110, -7, 16,
138, 0, 64,
81, 31, 68,
115, 24, 74,
118, 54, 63,
81, 11, 33,
105, 54, 95,
75, 28, 16,
109, 30, 96,
60, 38, 107,
90, 50, 84,
108, -2, 82,
83, -223, 82,
64, 51, 24,
99, 25, 66,
98, 32, 58,
103, 11, 76,
154, 37, 53,
102, 27, 52,
81, 31, 75,
64, 49, 107,
120, 3, 9,
95, 43, 38,
105, 55, 100,
113, 34, 63,
123, 35, 26,
80, 52, 102,
119, 59, 92,
84, -20, 18,
132, 51, 54,
116, 23, 47,
54, 32, 63,
108, 60, 71,
76, 34, 68,
78, 7, 34,
121, 32, 42,
120, 35, 52,
104, 36, 18,
98, 65, 134,
38, 40, 105,
78, 31, 82,
99, 1, 66,
84, 34, 50,
60, 10, 44,
103, 30, 24,
87, 32, 70,
126, -7, -1,
96, 59, 51,
137, -14, 56,
95, 41, 58,
39, -8, 90,
96, 11, 29,
119, 44, 46,
87, 49, 45,
108, 18, 80,
135, 77, 96,
89, 58, 40,
92, 7, 109,
124, 2, 24,
51, 18, 86,
108, 35, 39,
110, 56, 59,
131, 69, 21,
102, 17, 60,
120, 24, 20,
79, 29, 39,
121, 50, 34,
91, 32, 37,
109, -3, 61,
131, 63, 82,
118, 33, 39,
78, 37, 68,
122, -6, 17,
77, 48, 65,
100, 6, 77,
84, 12, 68,
131, 50, 78,
140, -15, 12,
124, 46, 44,
105, 5, 55,
99, 29, 62,
91, 56, 78,
132, 26, 19,
63, 15, 71,
81, 11, 112,
128, 22, 114,
77, 45, 68,
120, 71, 22,
70, 6, 61,
126, 40, 80,
105, 48, 63,
81, 13, 27,
95, 42, 89,
109, 21, 31,
75, -12, 90,
52, 43, 57,
79, 41, 32,
103, 68, 108,
136, 63, 32,
57, 22, 37,
152, 46, 74,
117, 25, 37,
44, 48, 79,
103, 28, 16,
83, 40, 41,
88, 41, 77,
112, 41, 74,
106, -9, 53,
102, 10, 105,
114, 81, 83,
122, 37, 43,
92, 62, 101,
105, -25, 45,
118, 34, 77,
97, -33, 75,
63, 7, 61,
80, -7, 42,
79, 20, 31,
115, 3, 75,
98, 31, 74,
100, 6, 39,
114, 2, 104,
84, 41, 68,
71, 14, 61,
129, 38, 102,
42, 30, 29,
54, 23, 49,
105, 29, 20,
111, 45, 84,
89, -8, 75,
78, 30, 88,
74, 53, 31,
93, 10, 85,
105, 51, 102,
132, 20, 38,
52, 26, -6,
63, 53, 21,
93, 79, 5,
79, 10, 112,
138, 19, 81,
99, 31, 43,
93, -42, 60,
111, 27, 76,
137, -11, 48,
118, -10, 68,
91, 24, 22,
118, 65, 77,
114, 45, 68,
82, -21, 60,
74, 29, 81,
64, -14, 33,
77, 59, 70,
125, 58, 96,
59, 9, 41,
98, 56, 78,
83, 50, 50,
93, 43, 109,
149, 75, 40,
103, 32, 45,
88, 41, 63,
137, 24, 19,
68, 38, 83,
103, -22, 77,
83, 33, 86,
91, 26, 47,
111, 14, 104,
95, 12, 22,
77, 50, 47,
104, -7, 68,
84, 79, 105,
88, -4, 71,
93, 8, 41,
86, 11, 26,
107, 27, 51,
88, 15, 64,
103, 29, 109,
125, 28, 105,
100, 32, 32,
140, 21, 60,
107, 22, 74,
68, -3, 71,
148, 62, 75,
80, 14, 35,
106, 13, 46,
91, 20, 109,
72, 33, 20,
76, 23, 45,
99, 38, 84,
38, -11, 79,
90, 22, 13,
117, 68, 106,
125, 67, 41,
110, 49, 75,
70, 33, 4,
102, 19, 51,
77, 30, 62,
101, -6, 21,
111, 32, 99,
118, 51, 95,
116, 31, 39,
93, 85, 61,
116, 8, 50,
84, 58, 57,
86, 6, 43,
85, 29, 34,
157, -2, 18,
54, 38, 70,
132, 39, 127,
102, 54, 112,
88, 53, 82,
96, 57, 36,
142, 67, 122,
76, -11, 90,
122, 29, 106,
106, 48, 109,
109, -2, 61,
118, 15, 104,
83, 39, 15,
168, 10, 31,
70, -1, 33,
106, 24, 42,
116, 50, 79,
68, 5, 40,
94, 24, 81,
102, 26, 59,
99, 43, 51,
116, 19, 61,
102, 1, 60,
112, 42, 38,
71, 66, 30,
72, -4, 65,
116, 16, 112,
149, 10, 50,
90, 34, 78,
73, 15, 60,
72, 56, 35,
141, 51, 83,
37, 9, 82,
139, 22, 58,
130, 52, 54,
96, 26, 78,
77, 73, 104,
95, -12, 44,
147, 43, 99,
99, 31, 52,
108, 48, 26,
79, -12, 19,
112, 27, 95,
114, 15, 42,
70, 21, 58,
80, -15, 101,
89, 40, 37,
99, 21, 34,
103, 59, 87,
109, 37, 31,
138, 55, 95,
112, 42, 54,
104, 36, 67,
104, 54, 88,
118, 52, 27,
99, 24, 49,
147, 38, 68,
129, 15, 68,
105, 48, 76,
136, 10, 122,
152, 46, 74,
69, 32, 107,
94, 6, 92,
70, 5, 77,
109, 32, 118,
87, 20, 58,
121, 36, 35,
89, 22, 29,
96, -30, 35,
84, -11, 35,
71, -1, 50,
150, 36, 137,
120, 31, 82,
128, 54, 75,
85, 43, 72,
105, 18, 63,
118, 38, 64,
90, 13, 132,
80, -7, 83,
76, 57, 85,
79, -29, 37,
110, 16, 26,
77, 47, 66,
102, 21, 119,
122, 21, 48,
74, 34, 52,
60, 73, 0,
91, 15, 32,
65, 33, 76,
83, 56, 44,
99, 40, -20,
84, 27, 52,
75, 47, 38,
78, -5, 54,
119, -1, 15,
85, 1, 11,
108, -22, 71,
118, 57, 50,
50, 25, 60,
80, 82, 71,
119, 17, 79,
99, -22, 51,
87, 0, 58,
86, -3, 70,
81, 28, 75,
119, 21, 70,
26, 2, 35,
102, 25, 66,
62, 19, 33,
94, 24, 35,
115, 48, 84,
116, -15, 47,
85, 1, 63,
120, -4, 42,
64, 31, 56,
83, 42, 45,
100, 40, 68,
100, 42, 55,
46, 58, 42,
79, 50, 66,
95, 58, 33,
96, -11, 43,
91, 14, 57,
65, 58, 35,
90, -8, 39,
135, 60, 107,
102, 15, 90,
124, 29, 52,
95, 27, 111,
81, 37, 73,
73, 18, 71,
95, 17, 106,
99, 28, 66,
91, 35, 111,
123, 71, 87,
83, 27, 37,
120, -4, 26,
82, 24, 73,
87, 42, 76,
118, 59, 74,
65, 37, 64,
134, 52, 76,
64, 22, 90,
60, 38, 62,
101, -10, 21,
100, 43, 68,
73, 10, 71,
111, -9, 44,
60, 50, 43,
104, -12, 98,
118, -9, 40,
125, 90, 55,
60, 16, 107,
91, -27, 47,
107, -6, 125,
101, 22, 43,
102, 55, 71,
126, 40, 95,
105, 51, 38,
100, 42, 83,
63, 15, 70,
47, 12, 34,
75, 19, 80,
131, 51, 52,
96, 62, 15,
146, 36, 31,
97, 11, 59,
126, 23, 56,
101, 47, 85,
108, -9, 88,
72, -29, 76,
83, -36, 24,
87, 29, 65,
147, 47, 78,
72, -25, 44,
78, 27, 93,
109, 16, 8,
99, 68, 77,
83, -29, 56,
104, -2, 77,
115, 25, 41,
90, -6, 77,
102, 56, 40,
107, 103, 60,
110, -9, 99,
75, -37, 71,
113, 12, 55,
50, 40, 3,
137, 23, 105,
75, 57, 57,
81, 32, 88,
101, 41, 50,
124, 19, 90,
82, 85, 90,
119, -31, 58,
104, 35, 89,
135, 28, 70,
75, 14, 42,
80, 81, 60,
72, 31, 57,
90, 82, 83,
69, -40, 64,
119, 65, 108,
78, 29, 110,
103, 38, 91,
65, 35, 253,
92, 23, -4,
161, 37, 75,
79, -39, 66,
60, 79, 34,
107, 34, 99,
92, -29, 85,
62, -28, 61,
97, 26, 71,
110, 14, 34,
89, 11, 102,
142, 45, 63,
91, 4, 52,
104, -6, 97,
91, 70, 80,
55, 24, 96,
36, 19, 97,
113, 49, 48,
74, 9, 51,
63, 30, 22,
109, 61, 47,
114, 60, 71,
104, 42, 54,
125, 34, 72,
77, 49, 66,
108, 45, 83,
104, 26, 49,
62, 29, 92,
94, 19, 73,
83, 22, 111,
97, 9, 14,
123, 35, 5,
124, 22, 1,
82, -3, 48,
100, 19, 83,
99, 19, 98,
129, 16, 81,
83, -22, 49,
92, 7, 86,
73, 255, 119,
82, 46, 72,
103, 44, 18,
102, 7, 44,
128, 18, 54,
105, 11, 141,
109, 12, 26,
107, 51, 41,
125, 31, 42,
130, 50, 95,
111, 45, 81,
59, 10, 53,
52, 23, 59,
102, 27, 36,
85, 14, 87,
126, 33, 72,
77, 16, 34,
112, 35, 52,
37, -12, 51,
108, 10, 88,
54, 71, 19,
122, 75, 83,
82, 55, 48,
71, 23, 14,
129, 85, 72,
73, 1, 1,
98, 79, 82,
142, -1, 99,
89, 10, 43,
98, 38, 27,
100, 29, 59,
95, 23, 9,
101, 75, 90,
138, 60, 101,
62, 41, 61,
83, 79, 66,
95, 35, 67,
140, -13, 84,
91, 37, 55,
74, 83, 66,
55, 44, 135,
87, 13, 78,
100, -4, 48,
117, 39, 114,
68, 3, 67,
102, -7, 69,
133, 34, 49,
131, 18, 100,
122, 20, 24,
103, 54, 95,
121, 18, 70,
34, -6, 35,
117, 44, 66,
68, 28, 94,
68, -14, 14,
87, 57, -1,
141, 33, 44,
142, 59, 101,
103, -225, 87,
129, 53, 52,
63, 26, 69,
91, 52, 162,
85, 24, 40,
62, -15, 5,
122, 65, 84,
104, 25, 48,
97, 38, 27,
96, 46, 56,
72, 38, 106,
86, -5, 136,
84, 32, 33,
99, -1, 50,
69, 28, 73,
126, -1, 34,
146, 50, 87,
82, 24, 64,
63, 42, 52,
85, 70, 61,
135, 46, 76,
39, 0, 37,
87, 12, 81,
126, 41, 101,
88, 35, 58,
90, -24, 64,
54, 40, 65,
79, 52, 14,
108, 35, 62,
126, 56, 50,
143, 81, 54,
118, 62, 95,
63, 4, 52,
119, 42, 40,
100, 10, 74,
90, 16, 50,
77, 20, 73,
130, 31, 130,
152, 16, 120,
64, 3, 90,
122, 17, 72,
114, 32, 59,
114, -21, 73,
86, -6, 62,
62, 27, 29,
79, 54, 90,
94, 45, 65,
99, 76, 102,
109, 49, 48,
75, 39, 62,
67, 10, 41,
88, -10, 74,
81, 18, 72,
118, 42, 44,
72, 44, 113,
146, 51, 96,
55, 1, 42,
24, 40, 59,
115, 6, 34,
91, 16, 56,
144, 15, 112,
106, -43, 11,
98, 41, 67,
96, 52, 58,
108, 27, 69,
86, -4, 37,
80, 54, 41,
85, 42, 118,
57, 23, 25,
57, 20, 62,
84, -4, 115,
103, 53, 88,
67, 6, 52,
58, 17, 110,
34, 4, 18,
135, 10, 109,
104, -24, 16,
59, 37, 51,
114, 35, 92,
108, 32, 83,
104, 92, 51,
98, 52, 73,
85, 38, 55,
84, -8, 60,
113, 57, 98,
112, 12, 39,
67, 39, 87,
100, 59, 80,
108, -5, 50,
104, 59, 49,
101, 6, 61,
58, -10, 102,
99, 20, 95,
132, 9, 36,
122, 32, 111,
81, -40, 30,
107, 75, 53,
69, 7, 49,
119, 52, 82,
87, -3, 100,
107, 46, 42,
101, 12, -20,
83, 23, 18,
162, 47, 74,
124, -27, 36,
64, 16, 72,
91, 14, 32,
120, 7, 64,
90, 4, 63,
84, 35, 83,
120, 43, 83,
82, -15, 48,
86, 32, 80,
193, 37, 44,
116, 32, 28,
114, 30, 3,
90, -245, 88,
106, 65, 95,
86, -7, 93,
88, -3, 44,
78, 4, 95,
93, 10, 80,
115, 43, 78,
59, -10, 42,
89, 29, 45,
135, 17, 80,
102, 56, 27,
95, 4, 58,
155, 13, 78,
84, 39, 51,
91, 16, 45,
113, 22, 29,
153, 35, 54,
122, -6, 39,
76, 64, 60,
115, 19, 33,
79, 41, 73,
76, -15, 50,
144, 49, 119,
96, 4, 59,
82, 43, 44,
93, 25, 35,
110, -42, 87,
106, -1, 62,
103, 49, 56,
131, 46, 77,
132, 3, 33,
144, 47, 87,
79, 15, 61,
106, 3, 36,
86, 45, 18,
139, 6, 85,
129, -28, 72,
117, 41, 67,
57, 8, 105,
109, 12, 13,
49, 20, 11,
90, 69, 61,
91, 37, 40,
113, 55, 69,
101, 15, 9,
113, 28, 80,
100, 42, 23,
107, 22, 85,
86, 67, 63,
110, 39, 40,
113, 53, 18,
66, 17, 49,
96, 8, 85,
76, 80, 67,
125, 44, 56,
88, -16, 103,
104, 7, 44,
81, 27, 68,
59, 30, 44,
53, 18, 90,
113, -10, 59,
124, 32, 91,
77, -16, 38,
106, 38, 27,
159, 50, 94,
65, 9, 69,
101, 45, 93,
130, 76, 32,
68, 25, 60,
87, 54, 108,
140, 31, 60,
59, -4, 83,
85, -41, 91,
147, 23, 105,
115, 52, 85,
147, 26, 51,
69, 35, 32,
103, 16, 21,
69, 24, 102,
116, 32, 49,
103, 7, 92,
80, 30, 73,
76, -11, 27,
92, 18, 32,
88, 0, 69,
100, 24, 54,
58, -16, 71,
113, 51, 26,
87, 75, 61,
118, -19, 56,
123, 15, 46,
87, 41, 62,
53, 55, 50,
43, 24, 58,
75, 94, 86,
99, 30, 67,
132, 9, 23,
43, 21, 24,
17, -37, 43,
80, 65, 27,
108, -30, 94,
133, 51, 68,
123, 69, 64,
76, 11, 43,
93, -3, 45,
121, 40, 83,
90, 14, 51,
52, 33, -4,
62, 20, -226,
127, 14, 73,
72, 13, 79,
54, 2, 2,
115, 51, 92,
112, 13, 53,
106, 69, 84,
39, 53, -11,
87, -8, 98,
120, 35, 81,
110, 13, 94,
90, -5, 83,
102, 44, 84,
76, 11, 52,
109, 45, 52,
69, 40, 76,
102, 46, 74,
115, 38, 105,
136, -14, 51,
85, 25, 77,
75, 27, 96,
86, 31, 74,
101, 13, 64,
88, 26, 60,
159, 8, 54,
136, 24, 101,
102, 34, 55,
93, 17, 46,
92, 53, 89,
61, 40, 24,
88, 30, 105,
104, -3, 70,
105, 57, 102,
80, 46, 135,
106, 39, 91,
85, 45, 52,
129, 47, 92,
111, 72, 19,
89, 50, 46,
83, 65, 33,
76, 31, 115,
79, 72, 82,
76, 6, 41,
113, 36, 85,
101, 6, 89,
89, -8, 60,
131, 41, 53,
118, 42, 12,
66, -30, 31,
100, 74, 79,
111, 27, 35,
64, 24, 11,
111, 31, 70,
72, 30, 20,
107, 10, 79,
74, 29, 52,
86, -20, 90,
110, -10, 64,
98, 37, -245,
133, 30, 33,
67, -5, 87,
131, 30, 36,
139, 63, 63,
128, 27, 70,
91, 37, 21,
103, 31, 70,
74, 61, 75,
82, 45, 67,
155, 68, 99,
87, -12, 88,
106, 0, 4,
83, 16, 55,
68, 37, 42,
68, 37, 38,
70, -3, 79,
58, 36, 30,
72, 19, 50,
74, 2, 19,
118, 13, 10,
114, 20, 73,
145, 41, 97,
169, 19, 48,
63, 5, 43,
111, 45, 99,
109, 55, 75,
89, -20, -5,
136, 20, 98,
142, 27, 19,
113, 54, 75,
106, 17, 50,
85, 29, 87,
87, 4, 15,
152, 74, 67,
94, 13, 56,
127, 13, 100,
89, 5, 62,
135, 17, 97,
34, 14, 58,
110, 90, 52,
83, 48, 77,
61, -17, 22,
90, 81, 60,
78, 40, 104,
153, 2, 99,
101, 27, 45,
49, 12, 77,
89, 24, 52,
173, 73, 121,
89, 51, 59,
68, 35, 74,
83, -7, 54,
78, -21, 51,
87, 14, 93,
90, 14, 58,
104, 24, 89,
116, 33, 21,
104, -11, 101,
89, 23, 59,
102, -29, 26,
124, 43, 68,
132, -19, 39,
54, 37, 64,
102, 39, 71,
94, 28, 40,
120, 64, 82,
114, 61, 76,
65, 46, 45,
76, 43, 130,
91, 55, 18,
121, 20, 67,
82, -17, 150,
118, 69, 56,
119, 11, 46,
61, -13, 76,
83, 68, 131,
46, 33, 38,
92, 48, 19,
68, 34, 68,
38, 25, 108,
60, 14, 65,
105, 22, 114,
99, -26, 17,
82, 51, 94,
122, 56, 51,
81, 37, 68,
59, 73, 76,
119, 67, 69,
117, 28, 75,
124, 20, 108,
111, 65, 88,
94, 27, 53,
62, 47, 26,
101, 108, 98,
97, 9, 69,
74, 37, 21,
103, 38, 59,
87, 40, 60,
82, 11, 95,
104, 52, 53,
96, 55, 54,
91, 3, 29,
64, 2, 97,
68, -8, 32,
64, 11, 28,
105, 34, 65,
96, 19, 78,
51, 16, -10,
90, 26, 72,
142, 0, 92,
85, 6, 64,
95, 23, 65,
55, 31, 63,
125, -20, 8,
100, 40, 66,
101, 63, 74,
108, 40, 123,
132, 20, 39,
120, 43, 106,
75, 11, 58,
104, 42, 73,
137, 58, 66,
110, 1, 26,
111, 31, 43,
92, -4, 30,
126, 23, 68,
94, 14, 14,
94, 49, 67,
91, 35, 63,
62, 33, 33,
85, 39, 89,
113, 52, 97,
88, 31, 116,
90, 3, 44,
100, 35, 23,
126, -3, 88,
92, 40, 0,
133, 5, 81,
108, 20, 110,
116, 45, 68,
88, -1, 129,
105, 39, 53,
123, 1, 50,
105, 38, 31,
112, 18, 81,
130, 62, 78,
70, 15, 79,
51, 5, 84,
77, 1, 22,
90, 72, 92,
118, -12, 84,
114, 17, 82,
142, 8, 85,
133, 18, 69,
86, 52, 67,
85, 12, 98,
72, 22, 77,
83, 11, 60,
109, 35, 52,
127, 43, 118,
81, 43, 43,
90, 43, 33,
53, 31, 14,
108, 29, 37,
77, 33, 108,
105, 24, 126,
78, 39, 48,
79, 18, 83,
121, 18, 48,
76, 67, 99,
39, 25, 40,
104, -16, 80,
141, -4, 77,
87, 39, 77,
50, 3, 65,
63, 6, 38,
116, 25, 39,
132, 47, 53,
155, 14, 28,
54, -27, 74,
80, 41, 90,
132, 58, 73,
97, 27, 71,
140, 2, 43,
98, 23, 29,
124, 43, 21,
100, -12, 46,
92, 64, 57,
125, 55, 12,
74, 8, 49,
74, 27, 84,
135, 24, 83,
76, 7, 71,
86, -28, 85,
85, 19, 57,
111, 40, 118,
79, 62, 71,
91, 41, 18,
105, 44, 97,
123, -4, 39,
89, 8, 55,
107, 35, 61,
98, 9, 85,
146, 53, 66,
73, 14, 78,
76, 45, 47,
117, 18, 68,
133, 15, 91,
101, 18, 52,
93, 19, 76,
147, 40, 16,
87, 29, 56,
108, 45, 113,
137, 26, 40,
55, 45, 61,
74, -60, 25,
116, 77, 33,
95, 84, 86,
181, -4, 51,
107, 12, 48,
84, 1, 80,
87, 15, 38,
110, 1, 31,
76, 40, 70,
90, 17, 65,
139, 42, 66,
108, 39, 74,
110, 10, 66,
142, -20, 44,
116, 51, 51,
117, 26, 63,
124, 35, 46,
50, 21, 84,
102, 49, 100,
132, 68, 59,
127, -15, 30,
127, 72, 47,
62, 17, 91,
96, 35, 127,
100, 63, 27,
111, 41, 102,
72, 55, 104,
91, 54, 81,
137, -2, 90,
100, 53, 97,
85, 0, 59,
134, 10, 72,
48, 39, 77,
79, 33, 89,
112, -4, 50,
87, 16, 38,
75, 40, 85,
79, 42, 71,
84, 18, 31,
71, 26, 40,
91, 4, 111,
94, 33, 60,
55, -6, 5,
84, 53, 119,
80, 7, 87,
87, 3, 43,
84, 49, 16,
101, 6, 16,
78, 18, 58,
71, 54, 35,
61, 10, 63,
110, -6, 56,
117, 45, 100,
107, -23, 64,
100, 17, 26,
81, 6, 46,
116, 21, 102,
119, 11, 16,
129, 14, 68,
78, 40, 113,
127, 15, 93,
84, 39, 25,
115, 54, 50,
109, 43, 90,
106, -9, 41,
83, 4, 56,
85, 25, 64,
51, 12, 46,
77, 29, 69,
116, 6, 31,
171, 28, 49,
88, 39, 70,
128, 26, 65,
123, 10, -3,
82, 69, 88,
92, 25, 90,
49, 35, 74,
145, 37, 81,
84, 87, 55,
114, 31, 95,
95, -10, 28,
124, 38, 46,
81, 16, 119,
114, 60, 89,
119, 31, 66,
67, 50, 49,
102, 57, 90,
59, 24, 83,
54, -32, 69,
128, -10, 38,
110, 49, 90,
99, 45, 33,
53, 44, 34,
103, 57, 64,
110, 53, 33,
48, -20, 41,
141, 29, 82,
148, 29, 29,
141, -13, 52,
152, 12, 59,
64, 14, 81,
101, 86, 98,
82, 19, 22,
106, 40, 48,
84, 7, 113,
99, 66, 85,
119, -14, 49,
100, 4, 88,
123, 30, 22,
87, 55, 51,
126, 51, 15,
112, 54, 95,
107, 17, 20,
139, 68, 116,
123, 14, 42,
93, 34, 61,
111, 10, 69,
126, 75, 18,
110, 41, 84,
79, 61, 66,
117, 37, -43,
122, 15, 95,
102, -26, 114,
83, -16, 25,
102, 22, 80,
91, 30, 98,
89, 70, 74,
85, 47, 82,
60, -22, 41,
123, 32, 85,
93, 7, 53,
127, 8, 69,
109, -4, 79,
81, -6, 88,
79, -7, 41,
116, 41, 88,
55, 12, 83,
129, 59, 104,
92, 39, 69,
119, 53, 111,
109, 52, 93,
127, 23, 109,
114, -13, 99,
97, 41, 73,
70, 80, 0,
103, 36, 110,
112, 33, 70,
80, -22, 40,
136, -12, 83,
98, 31, 74,
92, 63, 82,
106, -10, 22,
124, -4, 106,
109, 21, 15,
83, 41, 81,
139, 27, 62,
91, 34, 81,
147, 46, 72,
105, 18, 69,
114, 32, 33,
44, -6, 65,
64, 52, 61,
97, 76, 82,
123, 7, 43,
23, 26, 102,
111, 15, 3,
79, 48, 106,
85, 13, 40,
130, 21, 52,
110, 28, 23,
85, 41, 50,
95, 238, 49,
113, 39, 89,
79, 8, 28,
114, 58, 88,
92, -16, 41,
110, 25, 36,
99, 39, 73,
84, 12, 71,
154, 23, 52,
121, 16, 106,
64, 52, 44,
123, 62, 33,
78, 57, 55,
120, 49, 57,
90, -51, -18,
104, -7, 74,
85, 60, 43,
100, 40, 75,
106, 64, 73,
110, 27, 81,
124, 35, 125,
142, 26, 63,
66, 1, 86,
134, 33, 27,
162, 8, 79,
76, 9, 18,
102, 58, -36,
99, 50, 53,
91, -33, 60,
150, 51, 42,
82, 14, 84,
125, 25, 44,
115, 35, 56,
78, 34, 88,
99, 18, 42,
85, 54, 89,
109, -5, 70,
104, 22, 70,
118, 51, 58,
127, 58, 120,
61, 16, 89,
97, 59, 63,
111, 64, 63,
91, 43, 15,
96, 16, -20,
138, 26, 5,
104, 39, 73,
112, 70, 13,
106, 53, 80,
120, 10, 27,
92, 5, 42,
130, 29, 108,
89, -21, 107,
63, 26, 37,
114, 29, 7,
134, 13, 79,
56, 46, 60,
132, 28, 46,
110, 26, 86,
90, 34, 85,
100, -3, 51,
78, 32, 70,
86, -24, 34,
87, -2, 35,
68, 32, 12,
102, 58, 122,
95, 54, 88,
130, 13, 30,
112, 30, 63,
102, 28, 98,
74, 52, 53,
87, 1, 49,
87, 44, 105,
153, 66, 71,
67, -22, 27,
67, 16, 66,
53, 17, 57,
124, 76, 125,
157, 19, 72,
68, 60, 78,
63, -18, 55,
67, 14, 50,
103, 56, 37,
129, 49, 41,
106, 4, 51,
16, -17, 85,
138, 16, 101,
116, 30, 34,
67, 52, 85,
101, 38, 70,
91, 43, 64,
107, 42, 53,
115, 58, 108,
109, 34, 60,
108, 55, 47,
63, 8, 45,
134, 34, 135,
98, 14, 57,
91, 17, 53,
79, -2, 43,
88, 34, 59,
110, 35, 67,
63, 7, 83,
95, 30, 89,
105, 46, 72,
134, 23, 50,
120, 24, 32,
112, 52, 49,
92, 9, 14,
66, 35, 70,
104, 25, 24,
102, 14, 45,
103, -1, 83,
69, 65, 52,
84, 66, 88,
64, -21, 76,
102, -35, 52,
112, 51, 87,
100, 29, 51,
77, 72, 61,
131, -8, 92,
75, -3, 37,
66, 29, 47,
77, 27, 85,
71, 7, 77,
77, 79, 132,
28, -7, 68,
105, 79, 59,
119, 43, 95,
132, 29, 57,
122, -24, 80,
110, 25, 76,
159, 51, 65,
95, 14, 30,
82, 27, 76,
89, 50, 40,
63, 72, 52,
129, 12, 70,
132, 23, 96,
45, -38, 14,
91, 16, 78,
111, 32, 33,
78, 34, 68,
96, 56, 37,
144, 21, 34,
77, 43, 76,
107, -8, 47,
70, 56, 80,
122, 96, 101,
71, 13, 35,
100, 59, 72,
114, -5, 44,
73, 41, 58,
99, 41, 104,
77, 32, 73,
77, 62, 62,
76, 59, 69,
108, 73, 97,
120, 27, 19,
110, 61, 65,
77, 40, 18,
103, 45, 58,
103, -13, 21,
59, 33, 53,
84, 18, 61,
99, 43, 42,
93, 38, 51,
26, 57, 123,
90, 42, 14,
116, -4, 41,
96, 19, 92,
119, 26, 42,
91, 7, 40,
69, 40, 62,
50, 50, 83,
94, 31, 53,
81, 8, 149,
120, 50, 102,
121, 57, 43,
62, 12, 20,
81, 3, 52,
97, 39, 68,
85, 62, 59,
74, 34, 75,
90, 23, 58,
103, 32, 62,
79, 68, 47,
93, -24, 107,
108, 8, 54,
95, 19, 68,
109, 99, 75,
83, 29, 120,
131, 32, 70,
91, 15, 9,
88, 22, 99,
62, 27, 101,
143, 49, 48,
67, 38, 104,
40, 48, 75,
94, 109, 23,
50, 36, 120,
88, 21, 6,
105, -21, 30,
127, 91, 45,
84, 44, 56,
51, 232, 36,
147, -7, 34,
71, 75, 20,
85, 36, 123,
94, 31, 95,
71, 56, 107,
132, 66, 71,
91, 1, 16,
121, 15, 73,
135, 25, 52,
122, 28, 77,
121, -35, 37,
107, 62, 78,
103, 47, 114,
78, 17, 51,
83, 28, 52,
125, 72, 61,
130, 47, 127,
85, 20, 98,
91, -1, 56,
90, 28, 55,
116, 27, 144,
82, 26, 45,
104, 21, 72,
85, 27, 69,
71, 40, 22,
68, 9, 54,
79, 54, 83,
146, 50, 54,
76, -6, 49,
88, 26, 93,
83, -34, 43,
98, 32, 49,
111, -7, 82,
55, 0, 88,
74, 6, 68,
122, 25, 89,
114, 11, 88,
120, 12, 173,
85, 78, 66,
42, 37, 75,
73, -2, 102,
87, 11, 37,
112, 55, 85,
118, 56, 85,
34, -9, 6,
139, 47, 132,
90, 19, 50,
90, 22, 99,
83, 33, -5,
103, 43, 85,
84, 50, 111,
81, 15, 29,
110, 32, 45,
98, 7, 30,
87, -12, 142,
107, -3, 97,
121, 59, 92,
133, 64, 104,
79, 2, 83,
99, 38, 80,
99, 45, 31,
92, 65, 51,
84, -14, 38,
116, 59, 63,
94, 7, 44,
94, 68, 62,
87, 25, 89,
128, 10, 29,
101, 53, 69,
135, -3, 97,
112, 12, 64,
96, 15, 97,
98, 27, 38,
152, 4, 44,
62, -20, 47,
71, -57, 21,
138, 43, 68,
136, 81, 73,
93, 2, 66,
99, 30, 47,
90, 49, 111,
96, 44, 82,
117, 42, 64,
153, 60, 12,
123, 47, 49,
91, -25, -4,
109, 43, 22,
77, 82, 99,
93, 12, 52,
114, 33, -15,
97, 4, 91,
94, 31, 100,
111, 6, 86,
68, 19, 40,
117, 58, -8,
82, 39, 39,
60, 38, 71,
70, 46, 60,
97, 23, 61,
110, -10, 64,
107, 3, 52,
105, 97, 126,
129, 37, 63,
75, 12, 48,
139, 44, 56,
109, 49, 72,
79, 5, 46,
78, 60, 43,
106, -2, 50,
107, 23, 62,
60, 20, 59,
122, -6, 92,
75, 17, 55,
76, 30, 52,
45, 106, 101,
98, 254, 35,
98, 52, 60,
106, 10, 32,
132, 10, 47,
67, 52, 88,
122, 55, 74,
101, 41, 52,
117, 69, 59,
125, 75, 34,
101, 40, 90,
109, 79, 33,
113, 62, 79,
126, 67, 38,
122, 54, 94,
92, 4, 54,
122, 35, 81,
61, 0, 38,
118, 33, 78,
116, 43, 62,
65, 11, 67,
80, 14, 58,
122, 45, 104,
122, -15, 61,
107, 19, 72,
121, 34, 32,
84, 3, 115,
66, -13, 71,
108, 95, 54,
80, 35, 86,
94, 39, 67,
66, -2, 98,
69, 35, 75,
95, 37, 89,
85, 6, 69,
105, 18, 47,
83, 49, 35,
125, 43, 71,
102, 9, 27,
132, 32, 96,
99, -4, 60,
123, 18, 39,
114, 28, 97,
81, 23, 26,
109, 7, 78,
88, 31, 50,
60, 24, 75,
84, 5, 83,
79, 72, 74,
53, -13, 10,
60, 46, 42,
91, -9, 34,
48, 24, 49,
59, 41, 66,
128, 46, 112,
160, 19, 64,
89, 29, 76,
129, 28, 69,
65, -16, 32,
80, 32, 70,
91, -17, 48,
103, 27, 74,
92, 18, 48,
135, -37, 44,
89, 51, 136,
127, 27, 57,
78, 44, 87,
97, -1, 4,
100, 39, 58,
60, 5, 55,
109, 45, 82,
80, 42, 42,
136, -2, 58,
51, 17, 105,
108, 43, 27,
116, 17, 115,
36, -18, 81,
132, 32, 45,
109, 67, 107,
73, 34, 114,
155, 38, 91,
117, 44, 93,
103, 20, 48,
102, 29, 90,
127, -39, 73,
113, 16, 45,
71, 20, 59,
27, 13, 47,
107, -47, 70,
109, 18, 102,
125, 11, 98,
110, -11, 43,
174, 6, 76,
108, 48, 133,
97, -4, 42,
126, 25, 74,
91, 28, 31,
105, 95, 77,
76, 9, 62,
80, 50, 21,
49, 29, 85,
89, -20, 47,
144, 33, 65,
106, 24, 68,
130, 62, 47,
145, 22, 84,
102, 18, 60,
139, 60, 103,
104, 34, 42,
66, 45, 68,
123, 60, 90,
117, 10, 49,
103, 59, 90,
23, 48, 70,
88, 36, 49,
73, 13, 22,
90, 50, 59,
89, 6, 23,
104, 18, 17,
97, 30, 48,
82, 33, 58,
80, 30, 98,
102, 27, 122,
107, 82, 57,
86, 0, 84,
104, 10, 45,
70, -3, 75,
171, 53, 75,
96, -18, 52,
61, 23, 68,
132, 4, 62,
103, 26, 78,
120, 25, 60,
75, -22, 49,
39, 27, 76,
93, 13, 44,
122, 43, 28,
63, 34, 38,
65, 36, 69,
120, 21, 60,
113, 11, 58,
125, 100, 90,
88, 64, 77,
32, 25, 40,
67, -22, 70,
99, 28, 78,
82, 36, 63,
93, 47, 41,
111, 55, 101,
110, 51, 38,
72, -20, 20,
116, -2, 60,
115, 34, -1,
75, 33, 71,
104, 5, 104,
131, 63, 71,
112, 10, 85,
125, 51, 72,
145, 39, 68,
116, 73, 99,
142, 1, 101,
79, 1, 51,
87, 103, 83,
91, 58, 51,
87, -14, 48,
102, 47, 64,
112, 23, 72,
118, 13, 76,
89, 27, 67,
40, -21, 61,
125, 11, 36,
78, 50, 38,
118, 65, 100,
59, 43, 69,
63, 57, 20,
79, 13, 47,
96, 14, 103,
123, 107, 76,
72, -1, 35,
72, 19, 54,
123, -9, 50,
118, 23, 45,
136, 59, 25,
110, 12, 62,
117, -8, 76,
131, 45, 53,
80, -5, 19,
151, 28, 61,
88, 56, 55,
121, -5, 43,
109, -7, 51,
97, 34, 36,
95, 0, 41,
104, 35, 28,
119, 82, 65,
97, 7, 45,
86, -1, 63,
81, 35, 75,
104, 29, 79,
109, 25, 93,
55, 50, 42,
117, -9, 59,
109, 26, 57,
152, 50, 45,
144, 21, 59,
102, 44, 18,
149, 64, 35,
96, 45, 35,
122, 35, 78,
96, -33, 41,
96, -2, 48,
113, 51, 107,
74, -16, 47,
133, 36, 80,
105, -4, 69,
98, 40, 78,
74, -27, 19,
76, -11, 55,
51, 26, 0,
143, 20, 65,
96, -16, 85,
107, 15, 47,
84, 24, 95,
109, 11, 1,
83, 4, 66,
109, 36, 90,
123, 37, 18,
100, -10, 44,
109, 30, -1,
71, 37, 70,
85, 66, 88,
105, 12, 98,
100, -2, 81,
108, 66, 57,
132, 54, 92,
125, 45, 8,
72, 44, 48,
86, 53, 108,
111, 14, 82,
67, 16, 60,
80, 13, 92,
90, 83, 22,
144, 30, 43,
115, 40, 62,
102, -39, 38,
68, -4, 83,
129, 60, 37,
136, 4, 69,
92, -31, 7,
48, 39, 64,
109, 20, 108,
90, 39, 84,
103, 35, 54,
81, 13, 61,
120, 23, 22,
104, 29, 46,
101, 20, 42,
108, 73, 74,
73, 3, 44,
128, 114, 75,
97, 55, 30,
69, -26, 27,
49, 20, 64,
136, 70, 75,
97, 29, 82,
101, 32, 36,
91, 49, 83,
116, -3, 60,
87, 23, 92,
45, 32, 123,
90, -18, 78,
141, 17, 59,
107, -5, 49,
116, 9, 51,
132, 25, 83,
135, 30, 87,
134, 55, 42,
128, 50, 94,
130, -9, 75,
129, 40, 72,
79, 14, 35,
82, 1, 47,
106, 72, 122,
61, 6, 49,
119, 30, 21,
129, -7, 87,
70, 63, 61,
117, 39, 79,
85, -6, 50,
119, 60, 14,
43, 61, 27,
96, 31, 41,
113, 5, 46,
107, 5, 95,
99, 19, 75,
106, 51, 15,
134, 31, 56,
79, -40, 85,
132, 41, 92,
74, -25, -2,
104, 39, 62,
112, 14, 62,
118, 59, 70,
87, 5, 79,
88, 31, 100,
128, 53, 32,
122, 23, 74,
80, 34, 78,
106, 9, 50,
124, 36, 49,
43, 20, 39,
109, 45, 74,
56, 22, 69,
80, -18, 53,
72, 2, 61,
102, 36, 73,
146, 42, 36,
71, 10, 97,
96, -2, 36,
111, -11, 41,
94, 24, 49,
117, 33, 62,
117, 19, 106,
75, 17, 51,
82, 23, 78,
126, 34, 87,
136, 25, 68,
62, 17, 14,
135, 11, 73,
109, 26, 27,
104, 10, 89,
70, -34, 60,
100, 22, 37,
125, 26, 38,
84, 3, 28,
88, 91, 78,
100, 22, 56,
85, 44, 31,
116, 6, 47,
55, 79, 45,
118, 16, 78,
81, 20, 41,
110, 14, 92,
97, 30, 94,
58, -19, 66,
100, 54, 8,
70, 34, 33,
108, 30, 85,
91, -16, 38,
112, 5, 83,
91, -2, 71,
70, -20, 59,
86, 48, 48,
127, 71, 72,
97, 4, 66,
126, 27, 57,
51, 18, 70,
80, 60, 32,
76, 27, 68,
103, 81, 58,
113, 48, 100,
100, 19, 63,
109, 57, 101,
124, 60, 155,
102, -13, 73,
84, 14, -9,
91, 55, 89,
89, 31, 73,
117, -7, 81,
76, 48, 48,
100, 18, 91,
72, -24, 66,
118, 2, 85,
96, 24, 75,
116, 49, 53,
89, 8, 16,
67, 17, 57,
87, 39, 63,
90, 66, 83,
103, 41, 81,
104, 64, 64,
89, 16, 29,
98, 0, 53,
88, 44, 61,
107, 27, 41,
114, -15, 65,
154, 26, 46,
134, -22, 22,
123, 8, 29,
112, 28, 49,
90, -19, 52,
80, 28, 56,
113, -27, -10,
117, 32, 87,
114, 21, 58,
112, 38, 84,
80, 35, 58,
132, 13, 70,
67, 30, 87,
86, -7, 82,
76, 3, 48,
69, 4, 58,
97, -7, 75,
118, 25, 28,
114, 35, 41,
101, 3, 37,
94, 39, 49,
151, 6, 54,
95, 48, 106,
115, -17, 95,
76, -11, 71,
145, 8, 81,
135, 22, 107,
73, -12, 82,
83, 46, 54,
69, 45, 31,
155, 32, 65,
134, 41, 90,
98, 6, 14,
121, 21, 101,
122, 67, 19,
81, 19, 62,
81, 11, 61,
108, 46, 76,
42, 36, 32,
104, 4, 79,
66, 39, 37,
87, 13, 46,
98, 13, 52,
137, 13, 84,
76, 33, 48,
108, 17, 55,
125, 38, 93,
87, 28, 85,
109, 2, 130,
109, 60, 66,
127, 44, 18,
124, 45, 83,
113, -227, 101,
92, 63, 83,
73, -1, 36,
99, 13, 59,
121, 52, 37,
105, 27, 77,
104, 49, 28,
66, 30, 55,
66, 26, 54,
98, 47, 121,
96, -21, 41,
107, 12, 69,
75, 31, 60,
69, 6, 18,
133, -2, 94,
106, 66, 59,
127, 24, 31,
148, 38, 40,
95, -29, 62,
75, 37, 40,
112, 15, 71,
121, 17, 61,
72, 24, 31,
137, -7, 22,
129, 28, 30,
88, 54, 80,
101, -18, 71,
105, 38, 93,
100, 51, 86,
94, 40, 38,
92, 5, 59,
79, 30, 90,
111, 3, 82,
167, 41, 84,
112, 20, 53,
140, 3, 70,
70, 17, 11,
51, 31, 65,
114, 27, 48,
130, 32, 17,
38, 39, 61,
81, 82, 100,
172, 101, 52,
99, 16, 68,
73, 49, 60,
92, 17, 46,
100, 9, 83,
114, 37, 24,
85, 25, 78,
111, 69, 23,
97, 6, 48,
87, 27, 110,
89, 15, 87,
98, 14, 60,
73, -3, 7,
100, 32, 80,
53, 13, 49,
97, 8, 106,
94, 39, 21,
80, 42, 11,
74, 57, 119,
113, 37, 75,
94, 2, 75,
115, -2, 98,
90, 4, 52,
112, 12, 92,
123, 38, 56,
100, -1, 63,
170, -15, 55,
94, -3, 95,
52, -15, 51,
97, 41, 65,
80, 7, 113,
110, 19, 33,
63, -5, 76,
78, 22, 73,
48, 38, 92,
84, 1, 39,
123, 63, -34,
99, 68, 78,
77, 48, 54,
68, -249, 100,
96, 32, 67,
81, 7, 82,
105, -39, 117,
82, 242, -17,
128, 28, 41,
105, 77, 32,
85, 58, 72,
119, 40, 24,
124, 28, 50,
132, 24, 21,
72, 29, 95,
118, 33, 54,
42, 28, 77,
113, 38, 52,
129, 20, 38,
114, 57, 42,
127, 29, 98,
71, 29, 68,
88, 63, 95,
84, 17, 133,
120, 34, 84,
106, 62, 75,
64, -27, 119,
180, 43, 127,
97, 44, 28,
107, 0, 39,
123, 55, 52,
94, 41, 35,
119, -1, 26,
101, 2, 41,
64, 57, 3,
122, 7, 77,
111, 59, 79,
88, 33, 54,
91, 235, 105,
58, 22, 76,
76, 48, 39,
103, 7, 118,
118, 3, 45,
118, 57, 74,
83, 41, 53,
130, 58, 110,
71, 38, 90,
116, 6, 41,
54, 58, 65,
123, 68, 57,
102, 7, 51,
74, 37, 72,
108, 30, 66,
47, -37, 33,
79, 1, 58,
39, 8, 17,
163, 72, 50,
105, 70, 80,
77, 47, 78,
115, 10, 1,
130, 32, 44,
101, 17, 50,
42, 51, 63,
156, 14, 45,
96, 18, 71,
60, 45, 72,
124, -4, 109,
85, 32, 107,
127, 35, 51,
125, 18, 59,
42, 32, 60,
131, 33, 30,
97, 70, 73,
120, 51, 57,
112, 52, 29,
93, 11, 105,
57, 32, 61,
98, 74, 63,
49, 14, 54,
64, 48, 107,
43, 15, 63,
64, 2, 53,
104, 55, -2,
113, 25, 82,
55, 40, 51,
56, 12, 94,
133, 46, 32,
141, 55, 59,
73, -9, 59,
47, 48, 88,
114, 61, 64,
104, 54, 46,
123, 5, 63,
53, 51, 67,
120, 28, 82,
56, 16, 63,
101, 4, 75,
61, 26, 87,
70, 6, 52,
102, 7, 53,
48, 25, 95,
71, 30, 6,
79, 60, 68,
102, 19, 45,
84, -22, 87,
102, 29, 41,
55, 17, 23,
127, 9, 41,
100, 31, 68,
79, 45, 7,
96, -7, 79,
150, -5, 28,
132, 47, 34,
80, 71, 37,
91, 4, 39,
130, -13, 15,
105, 18, 91,
122, 2, 97,
110, -12, 39,
113, 31, 102,
127, 55, 34,
83, 4, 26,
74, 41, 53,
53, -37, 44,
129, 54, 68,
82, -8, 77,
98, 3, 56,
92, 30, 13,
168, 47, 69,
99, 37, 56,
55, 33, 69,
134, -18, 28,
74, 24, -1,
110, 30, 113,
107, 76, 103,
95, 57, 75,
102, 23, 75,
89, 2, 45,
119, 44, 34,
91, 11, 107,
115, 38, 125,
74, 39, 72,
90, 33, 98,
84, 41, 84,
61, 19, 102,
129, 79, 137,
101, 14, 32,
112, 31, 68,
65, -8, 127,
99, 21, 58,
54, 29, 37,
57, 52, 14,
122, 16, 37,
87, 12, 36,
121, 38, 68,
94, -8, 81,
112, 40, 64,
52, 33, 43,
100, 1, 40,
111, -22, 44,
95, 28, 130,
68, -9, 27,
72, -21, 31,
103, 29, 69,
71, 76, 129,
119, -3, 52,
69, 40, 96,
141, 27, 79,
62, 21, 89,
98, 9, 32,
51, -10, 84,
104, 17, 87,
173, 16, 64,
38, -18, 52,
120, 60, 156,
106, 20, 27,
43, 31, 44,
149, -3, 52,
75, 28, 87,
114, 41, 111,
61, 21, 77,
90, 20, 52,
90, 21, 93,
94, 27, 48,
111, -3, 60,
115, 36, 46,
81, 68, 72,
103, 13, 67,
70, 17, 60,
106, 2, 25,
103, -16, 95,
125, 21, 58,
89, 3, 95,
75, 35, 37,
72, 8, 21,
57, 41, 43,
61, 62, 82,
101, 26, 53,
115, 24, 74,
85, 44, 6,
53, 47, 67,
69, 41, 46,
125, 59, 104,
85, 33, 19,
49, 7, 50,
64, 35, 42,
97, 62, 67,
106, 66, 70,
119, 46, 44,
114, 79, 62,
107, 18, 49,
102, 11, 69,
144, 31, 43,
137, 82, 57,
81, 15, 97,
42, 82, 46,
78, -8, 31,
48, -18, 70,
113, 29, 72,
86, 38, 61,
104, 2, 112,
106, 28, -22,
119, 59, 92,
79, 44, 68,
103, 52, 60,
104, 25, 61,
104, 32, 23,
87, 35, 73,
94, -13, 41,
108, 34, 24,
118, 56, 58,
37, 2, -208,
94, 29, 118,
105, 23, 66,
104, 42, 91,
47, -47, 83,
119, 17, 79,
50, 26, 95,
132, 23, 69,
91, 26, 55,
132, 3, 102,
109, -20, 62,
85, 17, 41,
131, 17, 50,
96, 67, 76,
79, 24, 50,
122, 49, 62,
88, 28, 57,
91, 16, 62,
29, 41, 0,
47, 32, 8,
90, 24, 87,
115, 6, 93,
104, 52, 109,
69, 37, 39,
86, 15, 61,
139, 39, 79,
99, -3, 53,
62, -7, 40,
116, 65, 23,
110, 26, 3,
110, 56, 108,
102, 4, 51,
77, 13, 57,
91, 9, 45,
119, -8, 89,
63, 42, 103,
62, 60, 59,
75, 42, 76,
77, 19, 54,
30, 18, 40,
79, 11, 89,
62, -48, 26,
113, 4, 56,
83, 27, 63,
101, 33, 48,
68, -19, -2,
83, 31, 135,
118, 39, 64,
100, 38, 88,
82, 61, 72,
79, -24, 73,
73, 13, 54,
120, 64, 81,
78, 17, 66,
101, 25, -10,
119, -16, 81,
76, 19, 0,
96, 22, 100,
84, 52, 80,
84, 21, 74,
102, 44, 76,
96, 57, 78,
53, 10, 39,
89, 29, 56,
90, 27, 69,
85, 34, 92,
83, 19, 38,
128, 44, 67,
107, 8, 48,
138, 34, 78,
68, -16, 39,
91, -9, 100,
97, -14, 55,
79, 28, 80,
121, 38, 88,
68, 57, 68,
123, 66, 79,
129, 65, 67,
105, 40, 64,
70, 3, 58,
102, 29, 65,
115, 10, 94,
77, 27, 74,
125, -4, 12,
92, 31, 50,
89, 7, 59,
94, 74, 94,
120, -8, 55,
120, 53, 27,
74, 17, 13,
150, 55, 126,
153, 52, 61,
100, 62, 39,
84, 27, 73,
119, 10, 29,
140, 1, 30,
64, 50, 77,
110, 54, 42,
63, 23, 55,
134, 22, 46,
48, -18, 50,
66, 14, 74,
139, 97, 76,
91, -8, 80,
69, -25, 34,
143, 53, 60,
121, 52, 58,
84, -4, 32,
84, 39, 57,
81, 73, 60,
115, 53, 67,
118, -5, 47,
76, 0, 79,
61, 44, 101,
40, 40, 71,
115, 13, 64,
76, 31, 100,
62, 25, 55,
91, 48, 58,
105, -16, 32,
90, 31, 21,
74, 1, 92,
98, 28, 64,
115, 49, 52,
33, 34, 86,
110, 32, 41,
95, 36, 62,
84, 32, 68,
100, -7, 21,
94, 36, 47,
124, 41, 114,
86, 16, 37,
128, -29, 66,
93, 8, 112,
103, 56, 79,
87, 29, 90,
19, 5, -6,
111, 46, 53,
89, 10, 35,
130, 19, 134,
128, 41, 43,
103, -17, 32,
113, 76, 121,
82, 21, 96,
100, 34, 77,
58, -21, 44,
65, 2, 10,
89, 48, 77,
97, 36, 95,
127, -6, 44,
123, 70, 63,
102, 34, 37,
22, -17, 60,
144, -38, 31,
94, 39, 63,
91, 80, 44,
49, 31, 47,
84, 32, 42,
101, 48, 116,
126, -19, 4,
88, -29, 105,
92, 28, 50,
125, 36, 102,
107, 31, 66,
104, 13, 91,
113, 7, 39,
122, 43, 36,
121, 21, 81,
99, 30, 50,
41, 47, 86,
91, 8, 36,
14, 46, 81,
77, 14, 70,
104, 20, 72,
83, 20, 80,
95, 48, 70,
90, 45, 45,
79, 21, 61,
115, 10, 81,
80, 34, 115,
121, 19, 35,
78, 16, 68,
102, 35, 93,
80, 20, 80,
122, -13, 83,
96, 12, 42,
128, 40, 101,
99, 25, 39,
74, -15, 72,
125, 50, 37,
96, 34, 50,
156, 16, 34,
111, 32, 70,
116, 38, 72,
83, 25, 93,
88, 33, -3,
109, 48, 69,
58, -5, 92,
99, 18, 38,
79, 11, 68,
137, 73, 39,
73, 27, 73,
121, 47, 38,
122, 34, 63,
69, 29, 52,
70, -19, 62,
125, 53, 120,
72, 24, 59,
124, 5, 55,
84, -37, 113,
123, -15, 6,
87, 8, 56,
93, 54, 63,
73, 57, 56,
148, 12, 7,
63, 17, 5,
104, 15, 74,
112, 18, 50,
39, -32, 97,
102, 53, 63,
90, 36, 27,
79, 44, 22,
117, 20, 14,
80, -27, 53,
100, 24, 90,
92, 19, 80,
110, 10, 94,
107, 76, 58,
114, -10, 62,
111, 24, 24,
88, 32, 34,
70, -40, 18,
65, 3, 102,
141, -3, 21,
117, 50, 53,
79, 48, 91,
39, 19, 95,
104, 1, 57,
128, 41, 109,
95, 24, 89,
97, 47, 60,
71, 7, 33,
69, 25, 113,
121, 67, 101,
72, -252, 34,
156, 38, 39,
88, 49, 41,
71, 1, 26,
119, 61, 28,
121, -22, 37,
57, 9, 41,
98, 34, 52,
87, 37, 96,
95, 7, 71,
132, 16, 71,
89, 62, 28,
66, 2, 18,
152, 11, 48,
61, -39, 22,
87, 60, 75,
91, 2, 54,
123, 4, 53,
83, 33, 68,
115, 0, 49,
100, 63, 70,
73, 25, -1,
108, 29, 61,
111, 9, 55,
108, 52, 74,
86, -1, 46,
68, 44, -22,
107, 24, 29,
80, 3, 64,
107, 33, 11,
118, 53, 34,
140, 35, 3,
69, -19, 55,
85, 9, 71,
110, 69, 140,
70, 10, 87,
94, 26, 52,
127, 79, 67,
98, 19, 66,
65, 68, 23,
79, 62, 75,
126, 60, 30,
111, 47, 69,
93, 32, 82,
108, 80, 58,
122, 37, 71,
99, 1, 63,
42, 6, 45,
108, 22, 39,
84, 40, 49,
85, 37, 29,
95, 9, 32,
84, -40, 59,
62, 28, 41,
73, 54, 63,
131, 23, 46,
115, 14, 48,
130, 5, 15,
128, 64, 76,
97, 1, 83,
96, 40, 76,
90, -9, 80,
105, 31, 61,
102, 59, 56,
75, -14, 57,
105, 24, 48,
36, -26, 17,
97, 66, 102,
100, 27, 97,
120, 32, 32,
91, 51, 37,
134, 7, 88,
96, 27, 70,
54, 27, 56,
69, 73, 66,
92, 25, 105,
130, 14, 32,
92, 43, 78,
97, 101, 93,
139, 45, 78,
58, -16, 49,
92, 30, 60,
81, 19, 59,
125, 3, 67,
67, 75, 74,
94, 24, 40,
53, 29, 33,
67, 35, 64,
75, 18, 38,
92, 36, 97,
69, 45, 32,
115, 55, 68,
119, 25, 69,
138, 29, 63,
104, 3, 40,
99, -38, 78,
91, 3, 116,
83, 80, 58,
169, 37, 65,
138, 27, 8,
123, 32, 95,
64, -2, 71,
94, -21, 92,
73, 29, 17,
90, -5, 88,
125, 46, 98,
110, 33, 79,
76, -17, 26,
113, 25, 132,
106, 8, 55,
100, 11, 45,
132, 57, 45,
115, 70, 76,
74, -2, 40,
70, 35, 48,
102, -1, 101,
119, -36, 51,
112, 40, 75,
62, 12, 43,
121, 55, 61,
73, 31, 21,
105, 36, 109,
124, -44, 56,
109, 36, 43,
87, 14, 103,
139, 10, 21,
72, 31, 55,
97, 17, 41,
77, 40, 35,
138, 12, 46,
85, 25, -2,
49, 58, 61,
96, 26, 30,
105, 19, 49,
78, 40, 149,
116, 49, 51,
118, -6, 26,
88, 34, 88,
106, 29, 66,
100, 88, 95,
53, 22, 83,
66, 13, 68,
62, -18, 52,
112, 29, 63,
79, 14, 28,
117, -30, 59,
111, 17, 49,
102, -37, 70,
99, 0, -34,
138, 33, 87,
65, 16, 66,
103, 21, 50,
105, 36, 0,
55, 42, 86,
124, 2, 27,
103, 19, 24,
89, 46, 54,
121, 4, 101,
130, -50, 8,
98, 5, 55,
94, 40, 59,
91, 35, 20,
102, 34, 72,
91, 1, 38,
122, 52, 85,
90, 14, 64,
78, 44, 83,
78, 12, 83,
90, 3, 46,
117, 46, 81,
113, 13, 52,
96, 35, 74,
50, 20, 82,
113, 20, 68,
84, -14, 70,
132, 91, 44,
96, 58, -5,
111, 3, 67,
139, 33, 88,
89, 35, 61,
82, 65, 61,
144, 15, 44,
113, 16, 43,
69, -6, 49,
57, -3, 42,
86, 28, 79,
98, -16, 31,
84, 22, 65,
113, 4, 41,
120, 6, 39,
83, -57, 32,
136, 68, 102,
108, -7, 32,
114, -15, 72,
105, 32, 96,
95, 9, 42,
124, 4, 32,
133, 60, 79,
92, 13, 34,
119, 39, 75,
76, 51, 6,
155, 40, 114,
127, 33, 94,
102, -15, 39,
95, 4, 52,
72, -2, 80,
63, -11, 47,
82, 64, 71,
103, -12, 22,
112, 3, -1,
85, -15, 83,
138, 1, 36,
116, 76, 99,
91, 34, 53,
99, 14, 31,
93, 18, 67,
106, 34, 129,
101, 10, 80,
131, 32, 84,
124, -14, 13,
43, 40, 37,
110, 44, 50,
88, 4, 33,
94, 15, 80,
134, 29, 85,
89, -46, 70,
112, 26, 104,
110, 22, 4,
94, 44, 53,
141, 46, 79,
97, 53, 59,
118, -17, 53,
127, 59, 58,
93, 13, 48,
15, 1, 69,
110, 32, 16,
98, 8, 92,
87, -5, 71,
88, 19, 76,
133, 48, 64,
87, 79, 28,
83, 54, 49,
70, 50, 27,
56, 33, 52,
102, 65, 72,
82, 32, 75,
92, 31, 61,
108, 65, 110,
79, 54, 128,
43, -9, 4,
126, 28, 73,
63, 41, 85,
140, 35, 33,
64, 40, 47,
66, 22, 31,
141, 41, 38,
66, 28, 64,
87, 34, 69,
104, 23, 24,
111, 66, 103,
72, 47, 51,
150, 64, 69,
65, -46, 61,
56, -4, 43,
75, 33, 117,
105, 17, 55,
81, -25, 75,
140, 34, 50,
128, 36, 84,
95, 35, 42,
83, 17, 100,
104, 90, -9,
113, -8, 89,
108, 44, 90,
26, -11, 14,
75, 37, 80,
114, 34, 36,
111, 10, 86,
101, 40, 37,
69, 27, 57,
108, 4, 89,
80, 13, 36,
139, 39, 63,
125, 43, 53,
64, 28, 68,
106, -6, 15,
124, 25, 109,
111, 56, 113,
153, 39, 77,
139, 22, 141,
90, 9, 44,
87, 1, 73,
119, 39, 63,
109, 8, 60,
103, 36, 53,
114, 20, 71,
108, 15, 57,
68, 39, 19,
112, 37, 26,
108, 13, 105,
93, -5, 76,
69, 41, 127,
65, 28, 25,
130, 36, 55,
104, 48, 98,
121, 12, 90,
116, 73, 55,
103, 23, 43,
82, 18, 60,
94, 37, 38,
24, -13, 58,
105, 36, 77,
102, 29, 14,
88, 19, -1,
79, 22, 59,
81, 2, 0,
135, 27, 114,
88, 68, 16,
113, 56, 104,
123, 23, 57,
87, 50, 39,
72, 28, 12,
110, 18, 55,
54, 35, 112,
105, 29, 78,
89, 12, 26,
102, 3, 98,
92, 16, 80,
78, 16, 83,
48, 13, 60,
117, 37, 59,
55, 10, 83,
102, 45, 41,
86, 57, 32,
91, 24, 63,
118, 67, 118,
110, -11, 68,
66, 18, 46,
68, 28, 50,
59, 12, 67,
94, 25, 25,
116, 29, 75,
120, 66, 27,
99, 13, 81,
130, 8, 93,
109, 42, 15,
125, 24, 34,
55, -15, 106,
64, -8, 81,
126, 12, 75,
96, -7, 77,
92, 35, 63,
106, 54, 56,
91, 56, 78,
110, 80, 66,
112, 22, 94,
125, 34, 80,
56, 10, 70,
81, 87, 84,
135, 24, 154,
67, 48, 30,
89, -17, 116,
130, 28, 93,
95, -16, 38,
108, 87, 107,
135, 16, 21,
113, 16, 80,
102, 56, 47,
97, 45, 73,
70, 65, 79,
108, 32, 53,
70, 57, 28,
122, 23, 37,
101, 78, 62,
59, -26, 59,
107, 58, 125,
60, 43, 70,
165, 35, 55,
84, 82, 76,
131, 0, 95,
93, 10, 103,
87, 22, 71,
159, 7, 97,
121, 75, 57,
63, -2, 85,
55, 61, 113,
57, 8, 23,
77, 81, 83,
110, 22, 42,
81, 3, 33,
83, 12, 86,
158, 17, 45,
104, 0, 83,
79, 20, 71,
76, 12, 81,
120, 8, 22,
72, 44, 45,
68, 13, 80,
110, -11, 55,
114, 56, 99,
97, 60, 76,
83, -18, 71,
142, 16, -12,
116, -20, 15,
91, 8, 45,
72, 67, 41,
42, 37, 73,
80, 30, 12,
121, 44, 56,
102, 34, 93,
139, 30, 89,
82, 7, 131,
87, -5, -3,
100, 19, 58,
88, 38, 90,
82, 27, 49,
86, 3, 52,
62, 27, 36,
126, 28, 59,
74, -1, 45,
137, 66, 71,
94, 34, 45,
93, 75, 84,
72, 50, 72,
57, 37, 100,
97, 7, 62,
91, 38, 40,
103, 38, 75,
120, 53, 121,
63, 1, 65,
79, 34, 46,
99, 1, 21,
115, 34, 74,
110, 55, 115,
99, 32, 43,
85, 1, 54,
67, 16, 64,
92, 65, 89,
93, 18, 40,
110, 19, 4,
88, 44, 38,
73, -15, 45,
115, 11, 36,
68, 18, 73,
76, 20, 87,
127, -31, 114,
95, -6, 79,
65, 46, 68,
96, 19, 80,
134, 5, 29,
108, 7, 84,
107, 21, 12,
76, 34, 27,
78, 3, 57,
110, 30, 58,
55, 34, 65,
60, 13, 95,
42, -5, 86,
104, 34, 92,
89, 33, 50,
63, 35, 52,
21, 15, 65,
61, 36, 34,
81, 77, 108,
83, 21, 32,
121, 5, 81,
70, 21, 21,
97, 22, 49,
114, 11, 90,
83, 24, 63,
134, 29, 55,
104, 49, 59,
79, 25, 32,
104, 45, 93,
100, -27, 48,
153, 19, 71,
74, -11, 59,
111, -26, 30,
134, 49, 63,
117, 52, 57,
102, 87, 60,
101, 30, 29,
115, 54, 48,
74, -4, 82,
88, 28, 19,
129, 44, 57,
113, 20, 44,
74, 82, 60,
113, 22, 35,
85, -42, 51,
127, 29, 47,
157, 50, 15,
110, -18, 31,
135, 7, 31,
97, 56, 93,
81, -243, 22,
110, 53, 43,
115, 32, 56,
88, 5, 83,
128, 38, 82,
10, -3, 40,
92, 10, 88,
59, 10, 75,
165, 43, 2,
57, -3, 54,
84, -49, 28,
86, 42, 65,
127, -3, 44,
80, 8, 81,
142, 13, 45,
104, -26, 17,
97, -3, 14,
110, 47, 107,
131, 44, 52,
99, -4, 42,
118, 28, 43,
88, 65, 32,
105, -1, 50,
77, 32, 85,
83, 29, 59,
125, 57, 67,
121, 33, 63,
84, 55, 48,
80, 22, 27,
106, 56, 79,
74, 38, 31,
119, 13, 80,
96, 55, 69,
70, 32, 70,
136, 21, 49,
97, 40, 47,
113, 33, 78,
63, 35, 67,
125, 59, 75,
115, 48, 119,
99, 44, 49,
103, -2, 86,
89, 93, 105,
79, 26, 63,
63, 31, 32,
82, 23, 36,
96, 35, 41,
32, -23, 47,
85, 10, 106,
97, 44, 9,
90, -4, 68,
80, 29, 16,
101, 37, 108,
101, 2, 78,
105, 66, 78,
92, -8, 58,
102, 40, 59,
75, 21, 61,
84, 18, 48,
84, 13, -36,
96, -13, 37,
124, 48, 90,
102, -26, 62,
62, 2, 87,
145, 50, 62,
62, 5, 91,
123, 61, 87,
81, 9, 56,
77, 29, 52,
88, 26, 26,
98, 21, 36,
79, 28, 69,
62, 8, 65,
104, 20, 61,
86, 25, 87,
91, 34, 6,
97, 61, 67,
139, 44, 62,
95, 8, 40,
83, 34, 53,
97, -1, 110,
121, 31, 39,
91, 54, 83,
70, 32, 89,
97, 41, 88,
113, 52, 47,
81, 22, 10,
85, 17, 33,
122, 39, 61,
79, 61, 45,
56, -8, 29,
108, 63, 50,
121, 49, 6,
83, 25, 46,
118, 8, 24,
106, 16, 73,
116, -1, 113,
94, 24, 83,
124, 26, 51,
105, 50, 69,
125, 37, 58,
87, -10, 56,
91, 41, 117,
121, 52, 43,
109, 16, 74,
90, 43, -14,
111, 2, 27,
110, 29, 101,
98, 61, 59,
65, 47, 76,
125, 29, 60,
121, 45, 69,
73, -50, 76,
126, 13, 86,
99, 46, 32,
80, 56, 88,
134, 246, 65,
127, 11, 64,
99, 37, 79,
91, 59, 94,
86, -5, 54,
110, 15, 9,
73, 28, 61,
96, 6, 94,
86, -29, 39,
130, 18, 71,
93, 70, 85,
161, 56, 69,
108, 72, 76,
110, 5, 22,
77, 9, 58,
114, 27, 91,
58, 44, 63,
90, 11, 85,
111, 7, 55,
91, 41, 92,
98, 24, 66,
76, 21, 87,
111, -9, 53,
126, 45, 97,
96, 16, 53,
66, 45, 63,
95, -21, 37,
89, -9, 33,
126, 34, 40,
93, 5, 72,
133, 33, 106,
79, 8, 56,
104, 51, 37,
118, 18, 102,
106, 30, 86,
72, 10, 88,
64, 14, 25,
121, -16, 88,
100, 23, 103,
73, 11, 31,
133, -17, 55,
119, 54, 72,
100, 29, 75,
88, 52, 83,
38, 35, 26,
142, 53, 28,
88, 13, 65,
104, 32, 90,
83, 24, 45,
89, 58, 59,
105, 25, 17,
117, 21, 11,
93, 7, 51,
72, -6, 65,
86, 57, 68,
127, -1, 20,
105, 14, 45,
136, 2, 38,
109, 50, 112,
107, 37, 73,
91, 47, 64,
141, 25, 121,
119, 70, 60,
81, -4, 88,
79, 29, 51,
91, 35, 69,
133, 70, 82,
92, 28, 51,
93, 49, 74,
116, 68, 44,
63, 24, 61,
139, 22, 84,
102, 27, 39,
97, 29, 28,
130, 59, 63,
69, -33, 45,
100, 3, 73,
105, -21, 38,
84, -2, 63,
92, 26, 88,
109, 33, 82,
79, 60, 24,
105, 14, 12,
4, -49, 30,
93, 20, 97,
96, 49, 64,
116, 34, 91,
89, 45, 52,
65, 34, 43,
87, -4, 17,
106, 49, 93,
129, 13, 111,
126, 48, 33,
111, 6, 56,
100, 48, 59,
108, 10, 64,
84, -5, 57,
73, 20, 33,
99, -12, 25,
91, 38, 70,
113, 19, 99,
105, 24, 58,
131, 40, 58,
144, 7, 90,
120, 54, 88,
119, 47, 114,
121, 52, 86,
72, 26, 105,
42, -25, 51,
80, 37, 36,
109, 18, 47,
84, 9, 57,
118, 39, 69,
115, 13, 81,
92, 21, 33,
106, -3, 35,
103, 51, 13,
121, 14, 71,
93, 62, 95,
47, 53, 62,
109, 18, 92,
137, 50, 65,
24, 27, 33,
98, 28, 81,
95, 39, 44,
107, 12, 56,
73, 27, 67,
82, 19, 70,
23, 44, 61,
152, 55, 49,
65, 10, 96,
111, 37, 43,
88, 4, 49,
105, 4, 68,
55, 6, 18,
103, 83, 111,
94, 44, 63,
130, 32, 74,
79, 36, 80,
68, 53, 24,
62, 20, 57,
37, 41, 85,
91, -25, 86,
167, 83, 86,
80, 14, 98,
109, 45, 25,
104, 37, 97,
91, 37, 102,
60, 68, 71,
113, 57, 40,
89, 21, 5,
86, 54, 110,
87, -1, 57,
113, 14, 55,
99, 46, 53,
67, 100, 73,
72, 4, 25,
128, 34, 47,
96, 36, 62,
123, 1, 88,
97, 7, 60,
93, -34, 69,
79, 18, 87,
116, 58, 95,
144, 35, 72,
118, 29, 77,
112, 0, 110,
113, 17, 79,
111, -27, 51,
90, 43, 18,
111, 39, 66,
144, -1, 73,
115, 45, 56,
123, 67, 132,
104, 20, 83,
117, 28, 13,
104, 68, 31,
25, 45, 74,
103, 31, 63,
128, -24, 15,
84, 1, 12,
72, -2, 60,
83, 7, 112,
77, 31, 73,
89, 4, 77,
125, 0, 68,
122, 70, 96,
125, 111, 89,
102, 72, 83,
98, 57, 21,
87, 0, 74,
118, 33, 35,
56, 28, 27,
75, 47, 25,
85, -5, 21,
134, -6, 79,
82, 27, 78,
76, 27, -12,
90, 44, 64,
53, 49, 48,
101, 35, 121,
92, 29, 26,
93, 9, 78,
93, 44, 31,
108, 30, 64,
110, 18, 39,
69, 41, 54,
99, 26, 77,
106, -1, 63,
130, 59, 51,
117, 34, 13,
81, 24, -11,
78, -5, 78,
96, 12, 80,
90, 29, 82,
111, 25, 27,
92, 17, 92,
94, 3, 78,
133, 29, 56,
74, 13, 40,
115, 78, 69,
110, 12, 20,
103, 8, 63,
82, -19, 68,
82, 84, 60,
70, 5, 89,
100, 4, 72,
57, 19, 91,
134, 68, 37,
48, 52, 56,
85, 34, 86,
74, 1, 71,
93, 49, 87,
103, 15, 50,
99, 12, 19,
109, 29, 8,
115, 47, 53,
102, 4, 88,
119, -12, 44,
96, 39, 66,
75, 56, 46,
130, 39, 78,
75, 6, 27,
108, 70, 58,
11, 54, 28,
115, 65, 108,
42, 46, 77,
94, 39, 74,
99, 69, 87,
103, 46, 74,
134, 3, 27,
57, 50, 5,
131, 1, 37,
92, 0, 84,
127, -3, 74,
105, 28, 35,
123, -6, 98,
82, -38, 61,
93, -7, 44,
143, 33, 42,
93, 28, 65,
126, 52, 44,
89, 18, 89,
198, 47, 126,
69, 27, 58,
95, 51, 62,
98, 17, 77,
119, -8, 87,
112, 17, -11,
132, 33, 89,
46, 49, 80,
85, 37, 27,
64, 39, 130,
106, 3, 40,
117, -26, 136,
78, 18, 82,
108, -17, 64,
142, 43, 85,
116, 10, 86,
108, 13, 117,
101, -9, 51,
119, 74, 75,
103, 43, 87,
140, 72, 72,
98, 20, 37,
96, 29, 29,
59, 25, 22,
93, 27, 41,
118, 10, 29,
124, 14, 97,
62, 50, 63,
80, 26, 78,
119, 39, 33,
76, 43, 45,
131, 56, 94,
92, 77, 84,
55, -40, 40,
66, 16, 49,
121, 32, 95,
83, -11, 96,
109, 70, 65,
58, -7, 57,
97, 7, 74,
137, 14, 129,
91, 51, 66,
67, 22, 12,
93, 30, 84,
102, -7, 59,
131, 14, 41,
84, 20, 77,
110, 62, 98,
72, 7, -10,
70, -37, 88,
65, 36, 32,
104, 38, 65,
95, 43, 60,
76, 67, 29,
101, 72, 57,
117, 27, 49,
93, 7, 97,
139, 47, 89,
101, 24, 69,
54, 5, 111,
82, 26, -28,
93, 59, 51,
64, 100, 76,
73, 40, 97,
83, 72, 56,
91, 13, 19,
127, -11, 99,
109, 16, 25,
90, 66, 105,
65, 24, 82,
129, 34, 63,
102, 15, 17,
128, 16, 94,
105, 14, 91,
104, 4, 67,
125, 50, 57,
98, 26, 6,
138, 20, 68,
87, -25, 31,
112, 25, 60,
66, 55, 73,
87, 6, 61,
72, 34, 56,
120, -20, 56,
94, 31, 67,
72, 11, 116,
63, 31, 50,
75, 18, 19,
102, 34, 69,
76, 11, 45,
181, 52, 50,
115, 32, 47,
65, 23, 54,
85, 24, 72,
78, 33, 55,
115, 16, 79,
115, -3, 42,
112, 4, 90,
125, 16, 72,
102, 39, 69,
75, 25, 96,
60, 12, 62,
77, 28, 97,
112, 31, 45,
85, 28, 58,
78, -35, 73,
58, 49, 100,
72, 59, 37,
95, -18, 36,
116, 17, 55,
113, -16, 107,
89, 64, 70,
74, 1, 59,
59, -14, 23,
61, 67, 91,
83, 28, 81,
106, 64, 43,
