100, 5, 80,
76, 25, 103,
152, 13, 46,
147, 37, 36,
85, 9, 43,
109, -11, 79,
100, 29, 96,
109, 49, 91,
89, 5, 102,
73, 52, 58,
88, 39, 71,
112, 12, 115,
116, -1, 39,
75, 24, 93,
101, 6, 116,
122, 37, 56,
90, 16, 61,
114, 43, 41,
128, -17, 54,
65, 16, 79,
101, 41, 39,
137, 58, 39,
96, 27, 64,
86, -6, 79,
128, 55, 77,
64, 41, 59,
141, 51, 73,
79, -35, 88,
85, 17, 41,
69, 0, 36,
121, 28, 129,
103, 56, 83,
38, 28, 25,
134, 21, 68,
97, 44, 76,
86, -16, 22,
119, 9, 60,
118, 29, 38,
43, -15, 64,
101, 14, 88,
63, 34, 34,
87, 70, 52,
141, -13, 18,
131, 13, 40,
120, 70, 88,
131, 18, 73,
45, 45, 11,
88, 25, 13,
92, 4, 104,
136, 13, 22,
107, 35, 23,
92, 17, 52,
57, 3, 72,
105, 36, 51,
97, 64, 50,
56, 15, 27,
115, 19, 23,
104, -10, 70,
102, 42, 34,
105, 47, 102,
84, -26, 47,
122, 47, 72,
101, 44, 43,
94, 44, 80,
86, 32, 51,
67, 43, 61,
70, 33, 74,
83, 52, 39,
83, 72, 104,
96, 0, 65,
78, 40, 97,
95, 32, 86,
88, -9, 54,
129, 41, 28,
125, 49, 79,
97, -5, 50,
75, 28, 111,
71, 44, 68,
116, 45, 73,
110, -1, 77,
103, 27, 104,
98, 50, 61,
109, 40, 113,
117, 16, 13,
108, -6, -198,
137, 49, 58,
102, 3, 97,
131, 33, 108,
101, 16, 66,
92, 44, 97,
80, 16, 40,
92, 78, 24,
87, 30, 80,
117, 38, 51,
143, 35, 21,
120, 48, 68,
144, 36, 115,
106, 20, 89,
88, 4, 34,
101, 14, 56,
85, 21, 73,
86, 69, 80,
94, 23, 85,
100, 1, 77,
121, 40, 69,
72, -17, 75,
89, -10, 13,
38, 18, 50,
126, 20, 78,
42, 68, 69,
146, 8, 44,
186, 72, 92,
124, 12, 106,
119, 29, 64,
73, 34, 80,
91, 23, 71,
69, -19, 64,
99, -25, 46,
75, -2, 3,
114, -20, 23,
154, 55, 78,
149, 48, 89,
109, 24, 33,
136, 49, 65,
98, 28, 96,
68, -31, 103,
75, 38, 69,
81, 37, 55,
102, 34, 27,
66, 32, 22,
77, 31, 36,
136, 32, 77,
34, -23, 54,
101, 63, 72,
51, -4, 9,
155, 60, 30,
70, 69, 22,
61, 45, 47,
69, 58, 53,
80, 53, 62,
115, -1, 5,
78, 49, 75,
100, 15, 136,
78, 52, 47,
70, 27, 7,
63, 2, 51,
94, 78, 31,
100, 16, 93,
105, 8, 49,
106, 26, 67,
131, 45, 64,
101, 27, 79,
94, 16, 44,
124, 19, 74,
105, 61, 69,
99, 22, 72,
64, 22, 27,
110, 27, 40,
106, 33, 75,
95, 52, 61,
141, 49, 76,
90, 28, 56,
94, 51, 66,
77, 2, 68,
136, 18, 44,
86, 59, 130,
102, -41, 100,
57, 27, 38,
69, -19, 72,
86, 48, 88,
59, 14, 22,
112, 14, 55,
103, 21, 21,
98, 36, 65,
109, 6, 13,
117, 75, 36,
143, 33, 53,
94, 25, 40,
135, 29, 34,
86, 4, 103,
123, 13, 44,
86, 56, 100,
99, 50, 87,
58, 37, 76,
89, 67, 65,
89, 13, 23,
118, 26, 38,
137, 44, 22,
50, -1, 50,
70, 58, 102,
115, 44, 117,
123, 20, 67,
86, 57, 39,
75, 51, 95,
55, 76, 103,
105, 54, 82,
88, 5, 87,
87, 49, 118,
99, 39, 42,
136, 39, 34,
135, 54, 37,
106, 65, 71,
102, 49, 31,
129, 44, 98,
127, 73, 3,
113, 4, 25,
103, 42, 56,
132, 41, 56,
57, 36, 79,
73, 5, 42,
94, 50, 69,
76, 36, 58,
91, 19, 68,
132, 17, 82,
98, 64, 94,
144, 14, 78,
75, 55, 66,
61, 8, 55,
55, 47, 62,
82, 32, 91,
70, 4, 64,
135, 40, 89,
87, 57, 54,
89, 92, 56,
91, 40, 84,
116, 38, 64,
110, 36, 78,
127, 2, 77,
51, 25, 59,
157, 37, 72,
90, 27, 55,
75, 29, 43,
79, 3, 33,
120, -18, 84,
113, 29, 34,
105, 10, 44,
45, 19, 100,
67, 4, 84,
140, 59, 41,
112, 60, 62,
116, 53, 61,
95, 50, 58,
94, -1, 83,
60, 39, 14,
119, 49, 50,
108, 18, 53,
123, 33, 77,
135, 33, 124,
77, -10, 97,
73, 52, 56,
120, 15, 60,
80, 42, 28,
101, 36, 79,
94, 1, 42,
71, 45, -2,
104, 57, 86,
117, 48, 105,
82, -10, 53,
107, 21, 104,
83, 2, 95,
103, 68, 97,
63, 50, 126,
86, -17, 36,
87, 44, 43,
132, -19, 69,
54, 62, 51,
112, 15, 76,
82, 24, 106,
79, 57, 20,
71, 54, 105,
119, 35, 74,
51, -11, 90,
78, 59, 46,
87, 50, 44,
77, 10, 16,
92, 2, 66,
136, 14, 101,
66, 59, 70,
88, 12, 40,
108, 48, 84,
118, 35, 25,
55, 13, 93,
97, 6, 89,
71, -26, 95,
130, -2, 70,
106, -8, 69,
113, 10, 85,
107, 32, 54,
111, 32, 37,
68, 26, 75,
90, 14, 36,
107, 27, 61,
136, -14, 70,
30, 92, 82,
104, 11, 22,
79, 3, 49,
74, 18, 16,
63, 55, 86,
133, 49, 113,
136, 16, 15,
111, 1, 52,
118, 0, 94,
131, 36, 81,
93, 45, 49,
105, -24, 63,
62, 6, 57,
134, 39, 107,
124, 23, 84,
73, 48, 35,
119, -13, 40,
49, 53, 42,
114, 12, 44,
95, -17, 56,
45, 15, 84,
83, 34, 76,
83, 30, 36,
78, 23, 71,
110, 27, 69,
100, -6, 33,
81, 25, 69,
118, 15, 2,
90, 24, 69,
27, 16, 70,
105, 17, 41,
115, 43, 42,
106, 45, 37,
102, 7, 62,
75, 58, 90,
101, 42, 1,
144, 34, 37,
109, 37, 104,
103, 10, 43,
121, -21, 84,
118, 65, 86,
132, 39, 34,
97, 29, 70,
119, 57, 87,
60, 69, 14,
112, 47, 57,
71, -29, 50,
84, 38, 29,
46, 5, 71,
108, 14, 93,
106, 49, 51,
128, 44, 85,
129, 26, 56,
94, 47, 70,
61, 23, 120,
98, 14, 32,
144, 44, 15,
104, 29, 102,
117, 40, 99,
124, 40, 40,
111, 6, 68,
81, -50, 63,
63, 11, 55,
53, 67, 57,
111, 11, -3,
126, 33, 10,
66, 23, 51,
155, 55, 35,
102, 2, 75,
62, 7, 39,
82, 28, 40,
84, -24, 58,
102, 30, 103,
94, 21, 65,
93, 26, 46,
79, 36, 43,
97, 24, 49,
104, 42, 93,
85, -4, 60,
107, 25, 72,
119, 48, 131,
68, 33, 27,
126, 41, 47,
109, 3, -4,
90, 18, 70,
77, 67, 43,
48, 19, 2,
124, 64, 70,
88, 19, 78,
94, 34, 38,
99, 28, 47,
155, 41, 36,
106, 37, 29,
66, 9, 63,
117, 10, 47,
67, 3, 44,
115, 16, 17,
83, 12, 76,
87, 11, 107,
101, 5, 77,
83, 30, 40,
162, 52, 105,
120, 58, 102,
102, 12, 57,
114, 14, 68,
101, 67, 116,
55, 42, 110,
128, -6, 39,
21, 21, 44,
43, 26, 96,
103, 89, 73,
127, 11, 51,
82, 36, 68,
31, 59, 64,
169, 8, 34,
73, 59, 34,
103, -10, 42,
91, 19, 45,
82, 2, 110,
113, 73, 57,
125, 48, 41,
74, -8, 61,
107, 34, 48,
138, 49, 100,
82, 10, 52,
114, 1, 103,
121, 29, 34,
126, -4, 80,
102, 25, 57,
130, 10, 30,
72, -37, 51,
114, 28, 57,
103, 23, 94,
116, 35, 96,
87, 20, 80,
93, 50, 53,
112, 56, 62,
94, 14, 59,
76, -11, 32,
119, 39, 20,
115, 68, 44,
85, 52, 77,
76, 46, 30,
57, -9, 4,
106, -3, 52,
85, 50, 86,
101, 66, 53,
122, 39, 23,
111, 30, 81,
99, 54, 53,
100, 16, 68,
94, 35, -12,
88, 3, 0,
155, 69, 51,
93, 3, 56,
93, 38, 73,
97, 33, 50,
86, 46, 58,
65, 40, 36,
82, 4, -12,
106, 14, 74,
121, 51, 63,
97, 47, 82,
87, -14, 81,
104, 28, 103,
69, 26, 91,
66, -7, 58,
42, 21, 50,
112, -1, 72,
136, 59, 69,
130, 36, 81,
80, 36, 83,
123, 56, 27,
58, 19, 112,
84, 40, 53,
111, -7, 70,
86, -33, 46,
124, 18, 89,
90, 78, 46,
126, 58, 98,
92, 33, 102,
57, 36, 47,
129, 14, 34,
123, 10, 46,
100, 28, 123,
76, 48, 30,
80, 56, 20,
72, 10, 45,
112, 51, 102,
126, 43, 44,
69, 25, 40,
63, 26, 23,
108, 40, 126,
133, 6, 8,
68, 30, 36,
52, -11, 109,
112, 6, 98,
120, 55, 56,
98, 79, 77,
105, 7, 61,
122, 38, 64,
97, -3, 50,
75, 38, 86,
70, -31, 93,
63, -12, 21,
91, 14, 94,
111, -13, 46,
72, 53, 82,
70, -3, 73,
113, 69, 61,
85, -4, 39,
113, -7, 71,
78, 46, 95,
128, 14, 63,
149, 35, 80,
71, 34, 66,
107, -6, 89,
126, 25, 57,
125, 3, 97,
114, 15, 72,
111, -31, 62,
45, 30, 95,
96, 27, 36,
165, 19, 46,
95, 36, 41,
79, 6, 120,
78, -17, 89,
93, 32, 85,
42, 15, 86,
120, 45, 55,
53, -1, 78,
104, 44, 60,
122, 32, 26,
116, -6, -8,
83, 74, 22,
100, -19, 31,
82, 26, 18,
87, 31, 1,
96, 19, 62,
99, 9, 37,
119, 66, 149,
81, 67, 24,
78, 16, 90,
132, 57, 106,
135, 61, 82,
113, 5, 26,
58, 45, 61,
46, 4, 33,
83, 47, 54,
74, 32, 46,
103, 11, 101,
129, 13, 28,
85, 38, 54,
109, 66, 33,
75, 47, 51,
118, 71, 75,
115, 5, 53,
114, 45, 55,
74, 57, 79,
112, 30, 125,
79, 14, 29,
112, 35, 22,
134, -7, 46,
97, 8, 83,
118, -5, 51,
81, 68, 78,
126, 33, 41,
108, 242, 58,
86, 36, 43,
99, -9, 6,
72, 37, 65,
111, 74, 75,
90, 69, 66,
138, 31, 106,
160, 47, 27,
86, 33, 96,
53, 49, 57,
91, 52, 67,
98, 19, 80,
83, 32, 7,
92, 1, 84,
74, 5, 85,
57, 57, 0,
94, -15, 82,
137, 23, 52,
60, -17, 50,
103, 1, 65,
107, 72, 84,
111, 55, -5,
112, 7, 43,
138, 62, 111,
115, 49, 74,
90, 53, 70,
120, 27, 60,
130, 21, 13,
88, -10, 53,
120, 42, 22,
94, 7, 61,
104, 3, 61,
77, -10, 52,
136, 31, 1,
124, 40, 66,
118, -33, 35,
126, 12, 102,
136, 54, 61,
89, 39, 61,
59, 46, 63,
100, 23, 83,
92, 49, 29,
100, 25, 79,
142, 39, 58,
84, 29, 60,
138, 18, 85,
92, 46, 75,
77, -14, 69,
63, -48, 72,
138, 25, 58,
93, -40, -232,
94, 53, 65,
109, 35, 52,
131, 66, 82,
151, 53, 68,
112, 53, 31,
75, 70, 50,
62, -8, 54,
105, -253, 16,
146, 14, 128,
94, 37, 57,
120, -8, 56,
99, 43, 43,
90, 41, 28,
91, 28, -9,
121, 17, 43,
115, 34, 75,
104, -16, 110,
71, 24, 1,
113, -11, 113,
104, 20, 30,
72, -1, 61,
136, 39, 80,
38, -6, 18,
144, 43, 65,
84, 5, 0,
159, 24, 67,
93, 12, 20,
68, 22, 73,
97, 41, 78,
82, 25, 46,
114, 37, 80,
72, 0, 37,
122, 3, 24,
104, 33, 75,
83, 81, 33,
114, -9, 35,
109, 53, 59,
120, 60, 22,
88, 28, 101,
53, 26, 96,
81, 44, 88,
51, -2, 38,
49, 19, 80,
87, 32, -5,
81, -6, 60,
65, 3, 23,
103, 34, 16,
123, 46, 63,
123, 65, 63,
167, 76, 69,
74, -2, 38,
124, 43, 85,
141, 16, 91,
108, -11, 42,
54, 3, 14,
74, 6, 43,
123, -11, 65,
98, 51, 50,
81, 51, 80,
100, 36, 91,
71, -1, 42,
98, -5, 26,
149, 20, 68,
68, 12, 62,
132, 24, 64,
102, 23, 84,
81, 14, 90,
81, 40, 91,
99, 11, 52,
93, 37, 65,
55, 51, 96,
127, 36, 81,
37, -6, 78,
122, -26, 82,
100, 27, 22,
110, 34, 67,
114, 30, 22,
77, -57, 69,
130, 55, 91,
101, 13, 65,
96, -28, 32,
72, 11, 57,
84, 49, 43,
70, -13, 75,
93, 51, 92,
69, 20, 27,
44, -9, 26,
138, -9, 56,
65, 49, 3,
86, 3, 54,
48, 41, 93,
114, 53, 71,
94, 2, 33,
90, 40, 101,
108, 24, 71,
141, -29, 115,
105, 61, 80,
124, 16, 98,
107, 14, 120,
95, 25, 77,
56, 46, 62,
114, 26, 63,
122, 45, 65,
56, 32, 31,
100, -19, 61,
102, -7, 65,
100, 53, 55,
65, 14, 93,
112, 34, 61,
70, 34, 78,
145, 41, 75,
64, 26, 75,
108, 36, 75,
130, 51, 101,
146, 52, 88,
81, 51, 45,
121, 35, 62,
87, -7, 31,
66, 25, 93,
129, -6, 77,
102, 66, 70,
91, 82, 90,
112, 46, 57,
46, 14, 107,
100, 4, 46,
102, -27, 85,
104, 43, 100,
95, -15, 96,
117, 15, 62,
73, 37, 40,
129, 15, 37,
94, 58, 55,
87, 5, 45,
125, 63, 90,
55, -8, 7,
107, 55, 57,
126, 45, 84,
96, 26, 69,
95, -2, 59,
93, 25, 66,
105, 28, 95,
44, 11, 51,
56, -1, 58,
71, 47, 84,
106, 40, 95,
130, 42, 11,
79, -24, 56,
92, 45, 81,
97, 63, 62,
121, 44, 47,
101, -37, 36,
130, 38, 78,
107, 21, 102,
107, 14, 12,
88, 44, 45,
61, 52, 47,
95, 18, 72,
97, 43, 88,
102, 29, 34,
35, 32, 58,
126, 4, 97,
179, 75, 83,
131, 7, 38,
116, 66, 75,
83, 27, 18,
108, 67, 78,
70, 29, 73,
96, 29, 38,
36, 25, 30,
84, 21, 22,
122, 31, 21,
103, 53, 69,
132, 14, 54,
105, 57, 60,
121, 35, 71,
14, -1, 18,
77, 44, 95,
151, 10, 50,
74, 50, 26,
140, 7, 67,
107, 71, 0,
97, 10, 84,
142, 42, 65,
94, 24, 67,
107, 17, 63,
129, 89, 94,
95, 17, 18,
96, 35, 74,
108, 101, 29,
89, 24, 84,
128, 26, 46,
102, -4, 94,
113, 11, 33,
99, 17, 72,
80, 57, 80,
79, -3, 76,
114, 45, 62,
131, 27, 120,
91, -5, 18,
121, -11, 55,
83, 18, 81,
129, 42, 77,
145, -18, 48,
115, 7, 31,
139, -35, 108,
129, 12, 92,
112, 27, 80,
101, 7, 57,
75, 13, 59,
116, 7, 99,
160, 20, 50,
99, 31, 39,
129, 69, 52,
83, 28, 103,
92, 27, 72,
89, 57, 48,
57, 13, 66,
51, -9, 54,
91, 30, 47,
76, 53, 84,
92, 31, 75,
127, 17, 60,
119, -19, 76,
64, 21, 1,
89, 49, 81,
107, 12, 84,
130, 4, 74,
65, 32, 41,
99, -2, 64,
129, 31, 61,
65, 14, 43,
83, 10, 83,
57, -37, 50,
135, 65, 30,
103, 2, 50,
101, 68, 81,
128, 45, 58,
78, -46, 41,
127, 36, 67,
77, 65, 92,
90, 5, 120,
116, -42, 37,
47, 28, -24,
121, 12, 13,
82, 29, 129,
91, 60, 95,
117, 19, 111,
85, 3, 90,
120, -4, 58,
59, 12, 48,
114, 48, 15,
83, 14, 4,
80, 25, 101,
91, 19, 29,
62, 49, 69,
78, 15, 34,
79, 22, 47,
113, 66, 80,
89, 18, 59,
67, 55, 100,
98, 6, 52,
145, 40, 22,
74, 7, 86,
90, 60, 63,
94, -27, 69,
146, 2, 52,
116, 38, 83,
110, 32, 30,
59, 55, 29,
81, 22, 48,
90, 48, 9,
64, 11, 70,
109, 51, 18,
114, 39, 43,
104, 27, 38,
114, 38, 64,
108, 11, 42,
148, 45, 45,
104, 27, 80,
88, 42, 55,
143, -23, 14,
128, 16, 71,
99, 37, 49,
108, 29, 43,
115, -3, 49,
84, 19, 47,
108, 33, 74,
60, 14, 31,
53, -29, 17,
103, 29, 85,
97, 29, 70,
79, 1, 82,
54, -10, 58,
37, 26, 39,
127, 1, 61,
109, 33, 33,
108, 27, 44,
86, 33, 60,
88, -2, 52,
108, 27, 104,
124, 35, 25,
96, 5, 35,
173, 51, 54,
116, 5, 61,
53, -1, 34,
138, 0, 85,
82, -2, 111,
132, 39, 89,
101, 52, 74,
80, 20, 101,
92, 14, 62,
108, -20, 19,
79, -7, 67,
108, 14, 82,
89, 1, 19,
107, 17, 83,
127, 71, 61,
58, 50, 98,
32, -2, 31,
61, 57, 4,
110, 37, 39,
98, 40, 40,
98, 24, 40,
85, 26, 42,
64, 38, 55,
77, 55, 112,
107, 24, 76,
98, -11, 35,
61, 0, 90,
106, 66, 32,
65, 12, 48,
92, 26, 25,
100, -6, 78,
124, 21, -23,
19, -11, 92,
117, 30, 68,
104, 2, 69,
91, 54, 98,
102, 11, 55,
90, 51, 4,
63, 0, 43,
92, 21, 88,
90, 28, 55,
126, -1, 55,
52, 26, 65,
91, 16, 60,
131, 23, 19,
111, 36, 73,
111, 39, 75,
101, 51, 68,
101, 30, 26,
98, 13, 67,
63, 43, 31,
81, 38, 95,
51, 46, 48,
98, -21, 53,
102, 4, 65,
121, 12, 61,
124, 61, 59,
93, 61, 74,
99, -8, 69,
131, 0, 61,
97, 21, 52,
80, 32, 70,
14, -10, 65,
105, 2, 71,
112, 0, 9,
95, 20, 36,
123, 68, 83,
103, 46, 12,
58, -41, 61,
89, 5, 52,
117, 61, 17,
45, -37, 80,
120, 27, 74,
117, 23, 91,
110, -2, 30,
124, 10, 15,
117, 11, 74,
90, 42, 113,
92, 26, 56,
114, 0, 102,
109, 19, 21,
118, 22, 80,
81, -18, 72,
84, -22, 60,
109, 60, 33,
124, 11, 59,
105, 32, 55,
126, 34, 48,
67, -8, 20,
135, 29, 47,
63, 37, 114,
31, 9, 56,
112, 11, 35,
86, -14, 121,
103, 56, 53,
142, 19, 65,
113, 24, 50,
87, 12, 44,
109, 23, 24,
93, -12, 44,
60, -16, 18,
96, 11, 100,
103, 7, 92,
81, 4, 99,
74, 41, 38,
54, 5, 60,
83, 29, 88,
130, 1, 82,
63, 1, 28,
73, 17, 65,
111, 31, 30,
29, 37, 42,
94, 21, 55,
88, 35, 63,
43, -20, 19,
78, 73, 26,
101, -17, 38,
90, 21, 58,
123, 19, 77,
95, -24, 70,
121, 32, 40,
130, 32, 63,
138, 45, 82,
88, 23, 79,
97, 33, 19,
89, 54, 87,
117, 20, 44,
119, 48, 26,
115, 69, 74,
108, 19, 50,
75, 17, 84,
92, 34, 62,
94, 29, 57,
100, 15, 39,
93, 30, 47,
130, 2, 40,
118, 17, 70,
76, -29, 46,
122, 57, 84,
86, 15, 35,
11, 16, 19,
137, 24, 54,
89, 26, 87,
109, 19, 121,
62, -14, 32,
83, -21, 78,
87, -42, 69,
115, 19, 49,
65, 57, 53,
94, 3, 53,
114, 73, 68,
97, -6, 32,
100, 1, 62,
111, 52, 118,
72, 56, 87,
82, -12, 30,
105, -6, 90,
64, -18, 34,
122, 24, 141,
66, -28, 72,
118, 45, 35,
135, 10, 31,
82, 14, 55,
112, 52, 48,
111, 22, 87,
102, -5, 75,
61, 29, 49,
117, 67, 119,
129, 9, 67,
91, -18, 56,
33, 20, 78,
107, 81, 45,
74, -6, 48,
123, 47, 117,
111, -6, 65,
62, 12, 78,
84, -7, 55,
105, 39, 78,
92, 36, 50,
99, 17, 45,
101, 26, 34,
118, 32, 55,
108, 84, 25,
86, -1, 67,
94, 13, 56,
92, 41, 96,
104, 72, 82,
93, -13, 41,
103, 11, 96,
118, 60, 42,
83, 17, 12,
110, 21, 53,
95, 30, 19,
98, 3, 49,
94, 57, 90,
110, -25, 38,
69, -14, 54,
94, 16, 65,
119, 46, 78,
142, 41, 95,
124, 4, 58,
134, 25, 51,
148, 35, 89,
57, -8, 27,
82, 33, 28,
88, 8, 83,
97, 11, 34,
108, 32, 88,
123, 29, 51,
90, 36, 35,
94, 44, 48,
107, 28, 20,
58, 39, 47,
94, 39, 41,
91, 15, 56,
85, 11, 10,
117, 16, 77,
110, 29, 120,
90, 30, 55,
107, 25, -5,
116, 54, 77,
74, 19, 30,
96, 28, 65,
104, 68, 60,
81, 41, 46,
85, 38, 83,
119, 3, 62,
95, 36, 50,
54, -20, 37,
95, 66, 1,
132, 62, 78,
126, 47, 21,
94, 33, 37,
102, 56, 73,
90, 14, 77,
93, 63, 59,
98, 50, 75,
107, 55, 45,
66, 27, 95,
134, 24, 79,
81, 28, 104,
91, -22, 69,
114, 45, 39,
103, 17, 92,
93, 33, 27,
82, -4, 73,
86, 71, 77,
83, 39, 108,
120, -28, -32,
105, 10, 122,
99, -4, 24,
97, 8, 106,
86, 14, 55,
93, 6, 47,
97, -2, 67,
65, 22, 56,
80, -30, 51,
74, -15, 76,
113, 5, 130,
117, 21, 23,
116, 39, 70,
131, 35, 64,
115, 21, 66,
71, 91, 72,
149, 58, 88,
133, 47, 96,
74, 17, 71,
52, 76, 42,
138, 90, 49,
85, 90, 98,
129, 28, 45,
80, 38, 22,
89, 42, 79,
65, 40, 28,
74, 61, 110,
84, -43, 64,
101, 12, 13,
78, 32, 77,
109, 9, 116,
119, 76, 123,
111, 12, 80,
66, 24, 84,
124, 42, 69,
127, 17, 41,
95, 50, 41,
102, -10, 43,
108, 30, 61,
132, 42, 69,
87, 35, 7,
106, 21, 25,
103, 20, 68,
100, 2, 103,
140, -28, 30,
67, 24, 29,
32, 9, 77,
118, 66, 106,
114, 21, 1,
42, 24, 35,
29, 2, 36,
99, 28, 22,
124, 39, 118,
77, 41, 29,
116, 12, 109,
75, 41, 82,
122, 44, 61,
122, 20, 66,
136, 70, 106,
73, -2, 31,
106, 5, 66,
79, 21, 81,
127, 20, 77,
79, 0, 3,
99, 20, 72,
90, 17, 72,
98, 50, 75,
87, -22, -10,
128, -254, 32,
91, 26, 65,
68, -62, 87,
83, 42, 44,
100, -19, 57,
80, 50, 29,
86, 35, 6,
93, 15, 52,
123, 65, 45,
107, 12, 64,
88, 45, 73,
74, 14, 19,
107, 71, 88,
74, -15, 72,
85, -4, 58,
140, 13, 65,
83, 24, 79,
96, -35, 37,
101, 15, 54,
156, 23, 40,
73, 22, 89,
58, 17, 55,
57, -10, 52,
116, 55, 1,
49, 20, 84,
133, 39, 78,
120, 5, 61,
75, -1, 48,
54, 45, 70,
128, 71, 32,
88, 67, 9,
115, 40, 75,
103, 21, 83,
101, 46, 76,
113, 33, -38,
80, 47, 121,
131, 68, 73,
138, -24, 46,
88, 4, 72,
37, 36, 57,
88, 58, 80,
91, 28, 104,
78, 8, 62,
85, 8, 24,
98, 25, 29,
94, -29, 27,
129, 61, 20,
62, 36, 32,
134, 15, 89,
123, 10, 24,
64, -14, 79,
82, 12, 78,
127, 41, 43,
168, 47, 74,
140, 16, 48,
86, 8, -42,
116, 21, 26,
86, 4, 31,
79, 14, 94,
69, -21, 59,
101, 31, 33,
105, 29, 40,
62, 29, 42,
68, -8, 72,
72, 58, 125,
88, 71, 28,
141, 68, 65,
109, -50, 76,
114, 4, 23,
114, 34, 77,
78, 37, 48,
111, 28, 69,
109, 35, 71,
91, 20, 60,
114, 15, 84,
117, 28, 110,
82, -11, 19,
92, 27, 60,
121, 26, 54,
93, -25, 67,
147, 106, 98,
91, 14, 104,
111, -34, 43,
98, 27, 98,
84, 30, 44,
105, 26, 52,
166, 7, 50,
43, 27, 102,
112, 60, 59,
65, 63, 97,
89, 7, 31,
126, -8, 77,
112, 54, 57,
130, -15, 11,
84, 23, 32,
101, 6, 49,
104, 48, 77,
132, 27, 28,
92, 21, 47,
75, -14, 41,
128, 60, 103,
130, 56, 62,
102, -6, 61,
100, 28, 46,
89, 38, 71,
101, 44, 17,
66, -18, 64,
60, 4, 47,
99, 80, 115,
117, 29, 42,
119, 26, 74,
94, 42, -1,
113, 39, 110,
79, 34, 87,
55, 68, 97,
116, 13, 55,
116, 23, 35,
47, 51, 108,
133, 65, 37,
108, -6, 48,
71, 56, 83,
86, -11, 79,
99, -33, 58,
84, -6, 49,
138, 40, 63,
85, 43, 38,
138, 35, 79,
83, 23, 71,
134, 13, 10,
117, 27, 54,
110, 63, 76,
100, 50, 105,
102, -21, 31,
112, 41, 75,
85, 44, 46,
55, 20, 51,
104, 31, 64,
75, -8, 56,
82, 41, 44,
79, 28, 82,
98, 53, 67,
70, 49, 79,
116, -13, 93,
83, 18, 63,
71, 39, 55,
86, 26, 56,
104, -11, 35,
58, 11, 22,
102, 45, 137,
71, 20, 10,
115, 54, 89,
107, 19, 91,
86, 42, 71,
102, 58, 99,
64, 22, 30,
83, 51, 111,
76, 65, 36,
77, 52, 69,
101, 7, 92,
104, 23, 43,
69, -1, 57,
96, 36, 40,
95, 24, 102,
66, 52, 48,
99, 15, 54,
118, 4, 89,
85, 13, 18,
51, -30, 55,
95, 40, 124,
84, 17, 69,
122, 29, 81,
100, -15, 29,
144, 42, 75,
92, 61, 35,
62, 28, 62,
73, 34, 20,
158, 9, 104,
87, 26, 60,
110, 18, 69,
60, 23, 44,
132, 38, 58,
64, 23, 82,
115, 5, 53,
114, 17, 83,
125, 59, 112,
98, -10, 61,
100, 30, 54,
101, 22, 45,
115, 15, 42,
95, 50, 94,
146, 68, 12,
93, 27, 115,
103, 74, 43,
88, 21, 42,
105, 19, 114,
139, 7, 80,
81, 45, 78,
122, 10, 92,
108, 93, 29,
133, 17, 74,
101, 38, 94,
107, 10, 31,
90, 14, 49,
75, 27, 79,
136, 20, 34,
80, 46, 68,
109, 55, 60,
103, 10, 82,
85, 35, 39,
101, 13, 50,
78, 10, 71,
108, 35, 26,
57, -21, 75,
139, 19, 67,
100, 41, 93,
79, 33, 85,
150, 24, 88,
79, 8, 50,
77, 33, 99,
109, -12, 24,
127, 31, 75,
72, 12, 38,
121, 62, 124,
97, 17, 60,
66, 33, 66,
87, -9, 70,
138, 30, 47,
108, 22, 78,
78, 23, 31,
107, -6, 89,
116, 41, 104,
106, 53, 21,
115, 45, 56,
124, 40, 58,
99, 61, 105,
61, 45, 43,
83, 42, 72,
113, 39, 92,
91, 51, 37,
74, -6, 27,
61, -12, 59,
108, 36, 36,
84, 27, 71,
84, 17, 65,
92, 35, 57,
118, 29, 104,
102, 33, 76,
101, -2, 95,
110, -8, 64,
55, 35, 31,
45, 13, -19,
128, 56, 74,
112, -24, 81,
69, 18, 59,
79, 12, 75,
109, 25, 92,
147, 15, 50,
96, 43, 63,
161, 37, 47,
100, 39, 33,
101, -25, 65,
94, 27, 55,
78, 11, 86,
58, 31, 38,
145, 24, 78,
116, 50, 84,
113, 10, 31,
114, 45, 34,
95, 66, 84,
116, 3, 86,
104, -24, 17,
126, 21, 22,
119, 78, 95,
83, -14, 31,
155, 39, 95,
106, 52, 52,
111, -6, 70,
46, 18, 79,
53, 45, 76,
90, -53, 34,
120, 15, 84,
88, 24, 70,
126, 11, 28,
86, 6, 54,
106, 23, 35,
51, 10, 93,
97, 22, 115,
54, 86, 70,
67, 54, 39,
95, 30, 51,
91, 11, 61,
134, 42, 38,
123, 24, 69,
114, 56, 82,
120, 71, 79,
146, 45, 71,
84, 20, 48,
85, 34, 92,
100, 20, 106,
127, 34, 78,
76, 41, 63,
82, 52, 64,
88, 12, 70,
120, -1, 85,
96, 60, 59,
80, -42, 50,
109, 50, 35,
78, -16, 7,
74, 45, 9,
110, 9, 67,
84, 57, -2,
111, 32, 109,
101, -29, 11,
89, 84, 78,
81, 5, 102,
58, 42, 59,
89, -17, 49,
128, 21, 63,
68, -7, 19,
66, 56, 85,
35, 63, 93,
106, 55, 33,
101, 19, 93,
140, 28, 89,
110, -9, 75,
69, 31, 72,
74, 70, 73,
124, 47, 6,
57, -20, 74,
76, 36, 26,
86, 42, 105,
92, 32, 22,
128, 49, 76,
72, 56, 98,
108, 19, 47,
120, 19, 50,
130, 28, 6,
128, 24, 36,
75, 23, 21,
122, 17, 88,
104, 25, 66,
82, 64, 31,
77, 41, 65,
83, 6, 34,
110, 29, 92,
79, 40, 95,
87, 43, 111,
109, -9, 58,
98, 33, 88,
152, 47, 41,
103, 9, 56,
115, 27, 75,
126, 30, 75,
93, 72, 76,
127, 4, 50,
84, 15, 50,
96, 20, 95,
55, 20, 69,
83, -7, 61,
101, 20, 44,
113, 43, 37,
105, 0, 13,
90, 18, 79,
65, 28, 19,
121, 37, 53,
90, 23, 40,
68, 32, 81,
117, 9, 74,
98, 33, 73,
76, 10, 69,
133, -3, 16,
72, 44, 61,
119, 48, 34,
94, 3, 36,
99, 28, 109,
99, 14, 108,
109, 19, 101,
75, 11, 36,
137, 30, 88,
106, 61, 68,
85, 11, 80,
73, -5, 56,
149, 76, 46,
110, 11, 71,
73, 0, 95,
144, 37, 53,
96, 52, 64,
89, 32, 67,
111, 10, 64,
61, 8, 52,
119, 44, 83,
78, 23, 38,
99, 44, 8,
103, 23, 96,
52, 13, 78,
82, 20, 72,
114, 34, 71,
117, 36, 134,
119, 26, 37,
79, 17, 17,
110, 49, 31,
73, 21, 32,
59, 35, 119,
53, 59, 104,
122, 34, 76,
99, 18, 130,
82, 27, 40,
148, 79, 38,
57, 16, 69,
58, 44, 94,
140, 26, 48,
62, 10, 39,
80, 28, 69,
84, 23, 38,
82, 18, 81,
40, 69, 51,
108, 19, 62,
120, 36, 75,
49, -20, 94,
108, 13, 63,
109, 71, 100,
95, -13, 60,
86, 21, 163,
115, -7, 73,
88, 27, 53,
119, 3, 46,
75, 48, 59,
157, 37, 45,
93, 42, 20,
46, 6, 19,
73, 35, 45,
93, 6, 75,
117, 21, 94,
132, 29, 38,
106, 16, 52,
75, 26, 88,
93, 46, 74,
72, 67, 53,
99, 11, 95,
62, 42, 108,
94, 34, 42,
132, 17, -14,
88, -2, 93,
119, 39, 34,
125, -5, 80,
148, 59, 38,
94, 0, 31,
75, 12, 46,
123, 40, 29,
87, 30, 36,
98, 34, 21,
146, 28, 109,
89, -9, 89,
127, 89, 66,
96, 21, 57,
79, 35, 105,
114, 39, 92,
82, 38, 108,
114, 39, 72,
94, -15, 74,
86, 67, 92,
106, 48, 52,
103, 10, 28,
132, 57, 102,
110, 56, 24,
95, 23, 84,
130, 52, 103,
110, 41, 18,
114, 18, 88,
90, 8, 78,
84, 42, 66,
89, 38, 87,
127, 58, 28,
110, 34, 27,
147, 25, 18,
136, 32, 77,
72, 6, 67,
111, 52, 54,
85, 42, 27,
141, 40, 86,
144, 13, 54,
68, 52, 68,
103, 45, 114,
108, 9, 57,
105, 16, 23,
150, 14, 50,
85, -19, 98,
121, 20, 89,
106, 39, 101,
65, 50, 58,
112, 5, 27,
48, 17, 35,
77, 77, 78,
108, 25, 40,
84, 15, 22,
74, 23, 25,
116, 47, 36,
135, 50, 74,
133, 9, 17,
121, 12, 101,
101, -18, 89,
78, 14, 40,
70, 54, 85,
86, 5, 52,
54, 41, 63,
130, 21, 146,
103, 40, 65,
160, 39, 49,
126, 61, 75,
127, 20, 116,
95, 13, -9,
109, 95, 136,
99, -33, 81,
49, 41, 76,
120, 32, 49,
98, 32, 113,
97, 25, 81,
39, 16, 32,
109, -5, 65,
87, -5, 41,
73, 19, 74,
113, 27, 96,
111, 51, 52,
121, 45, 127,
112, 47, 49,
95, 47, 42,
63, 26, 47,
121, 56, 84,
91, 28, 81,
123, 65, 35,
134, 21, 37,
96, -16, 42,
93, 0, 76,
133, 47, 93,
89, 17, 58,
67, 60, 43,
82, 40, 22,
123, 60, 22,
99, 63, 59,
55, -4, 49,
72, 26, 35,
98, 24, 85,
136, 66, 24,
136, 52, 55,
81, 26, 44,
81, 52, 75,
139, 53, 124,
53, -52, 14,
107, 64, 70,
124, 68, 67,
75, 55, 71,
76, 26, 104,
118, 4, -3,
145, 38, 35,
86, 52, 52,
107, 69, 83,
133, 47, 60,
45, 34, 40,
102, 10, 60,
58, 4, 77,
59, 47, 66,
64, 58, 85,
101, 10, 28,
105, 36, 86,
82, 33, 133,
86, -8, 70,
138, 1, 79,
119, 17, 82,
45, 11, 51,
82, 39, 92,
106, 71, 56,
71, 25, 76,
126, 38, 56,
72, 9, 80,
91, 80, 83,
119, 62, 70,
119, 88, 49,
145, 3, 87,
128, -6, 52,
122, 39, 35,
119, -12, 73,
155, 28, 56,
142, 47, 91,
77, -31, 38,
84, 75, 56,
63, 4, 83,
101, 28, 42,
93, 5, 80,
119, 47, 104,
41, 26, 49,
66, 91, 68,
126, 62, 63,
77, 64, 67,
113, -17, 99,
61, 10, 95,
90, 38, 106,
47, -3, 53,
23, -7, 101,
59, 29, 90,
81, 21, 99,
99, -13, 21,
88, -1, 20,
41, 15, 23,
89, -15, 77,
85, 0, 35,
124, 37, 70,
140, 22, 52,
69, -31, 62,
110, 9, 89,
112, 30, 79,
63, -1, 25,
144, 43, 93,
122, -3, 33,
118, 52, 63,
71, 26, 60,
117, 48, 45,
60, 13, 95,
76, 3, 65,
77, -16, 35,
103, 15, 78,
83, -6, 77,
80, 20, 74,
80, 34, 65,
150, 58, 79,
124, 15, -29,
126, 61, 45,
87, 21, 47,
108, 53, 47,
86, 53, 93,
61, -10, 41,
88, 47, 58,
70, 25, 72,
138, 15, 104,
86, 3, 57,
59, 6, 26,
130, -3, 50,
142, 10, 77,
70, -8, 72,
95, 31, 53,
59, 37, 78,
77, -26, 38,
102, 31, 63,
134, 248, 91,
87, -16, 53,
119, 25, 93,
117, 21, 31,
140, 40, 56,
115, 62, 57,
124, 15, 50,
95, -10, 94,
103, 18, 63,
62, -13, 38,
93, 39, 49,
134, 40, 72,
84, -16, 75,
81, 41, 90,
82, 51, 67,
63, 58, 71,
109, 23, 30,
110, -8, 55,
128, 27, 74,
124, 17, 61,
105, 35, 96,
67, -7, 8,
66, 49, 82,
102, 3, 25,
49, 12, 67,
64, 26, 50,
114, 9, 45,
111, 52, 158,
116, 49, 18,
90, 16, 26,
85, 31, 31,
56, 20, 31,
116, 15, 8,
54, 49, 109,
127, 32, 54,
92, 33, 50,
57, 41, 132,
125, 14, 48,
102, 4, 40,
121, 33, 32,
66, -17, 5,
133, 24, 101,
82, 50, 74,
122, 47, 63,
85, 19, 54,
84, 15, 0,
69, 43, 93,
121, 29, 66,
83, 35, 28,
72, 16, 104,
56, 13, 91,
111, 23, 94,
86, -15, 42,
129, 37, 67,
114, -12, 93,
95, 57, 78,
84, 19, 58,
77, -4, 21,
87, 15, 41,
118, 13, 62,
119, 73, 57,
112, 12, 61,
72, 20, 75,
164, 8, 52,
63, 27, 61,
97, 26, 32,
90, 14, 52,
79, -22, 64,
126, 22, 108,
69, 25, 58,
94, 43, 50,
105, 102, 60,
66, 9, 82,
117, 49, 99,
67, -19, 84,
66, 43, 110,
60, 25, 63,
60, 4, 52,
100, 33, 15,
86, -1, 28,
88, 47, 86,
64, 31, 27,
122, -31, 42,
96, 25, 40,
82, 65, 91,
92, 26, 91,
107, 28, 104,
95, -34, 28,
97, -24, 62,
102, 19, 75,
175, 18, 93,
92, 46, 74,
99, -2, 51,
100, 17, -5,
109, 51, 37,
83, 42, 67,
16, -28, 1,
96, 35, 30,
175, 65, 72,
88, 12, 85,
107, 44, 113,
163, -7, 90,
104, 6, 79,
119, 12, 72,
101, 2, 58,
113, 26, 82,
57, 39, 22,
120, 52, 61,
98, 59, 53,
94, -14, 38,
133, 19, 108,
61, 17, 106,
126, 69, 97,
94, -30, 8,
40, 40, 89,
116, 29, 11,
81, 28, 50,
111, 44, 88,
127, 13, 85,
114, 29, 109,
118, 14, 62,
136, -12, 93,
86, 44, 95,
102, 19, 49,
88, 22, 74,
103, 9, 39,
65, 41, 45,
95, 8, 68,
93, 44, 32,
98, 38, 63,
64, -14, 62,
98, 57, 93,
113, 27, 59,
112, 39, 23,
77, 24, 116,
46, 10, 63,
100, 35, 56,
95, 28, 91,
16, 16, 55,
47, 31, 126,
112, -21, 109,
74, 50, 37,
103, 68, 148,
98, 16, 100,
65, 1, 23,
79, -27, 41,
73, -14, 31,
81, 73, 58,
115, 78, 91,
59, -30, 33,
87, 29, 28,
64, 63, 103,
161, 83, 101,
108, -1, 73,
112, -32, 62,
71, -12, 68,
50, -19, -6,
71, 35, 92,
123, 72, 97,
68, 29, 65,
105, 38, 67,
64, 63, 53,
107, 51, 32,
116, 9, 21,
114, 18, 44,
73, 14, 68,
77, 40, 38,
92, 33, 22,
84, 21, 31,
69, -1, 47,
91, 1, 76,
80, -4, -2,
38, 66, 90,
72, 18, 79,
110, 252, 5,
91, -3, 38,
75, 60, 46,
91, -16, 65,
118, 5, 101,
103, 11, 68,
117, -41, 18,
133, 29, 98,
113, 4, 81,
91, 67, 51,
117, 69, 68,
149, 51, 46,
77, 22, 31,
144, 40, 61,
48, 32, 50,
75, 50, 70,
50, 12, 53,
54, 32, 27,
72, 73, 29,
87, 48, 64,
87, 53, 23,
58, 29, 40,
111, 19, 104,
37, -44, 10,
140, 2, 54,
115, 40, 48,
128, 28, 56,
129, 6, 49,
38, -15, 64,
94, 33, 39,
72, 38, 34,
130, 19, 78,
92, 23, 93,
92, 32, 56,
83, 17, 89,
92, 9, 129,
110, 24, 65,
64, 36, 64,
87, -6, 61,
86, 47, 20,
94, 1, 50,
127, 78, 88,
80, 19, 42,
83, 46, 44,
110, 8, 27,
63, -19, 70,
117, 51, 83,
155, 59, 83,
62, 54, 37,
118, -9, 42,
114, 35, 82,
69, -32, 31,
87, 46, 102,
27, 0, 87,
122, 47, 86,
83, 20, 53,
57, 10, 92,
91, 21, 90,
87, 255, 105,
135, 48, 78,
74, 34, 73,
87, -28, 46,
140, 51, 1,
111, 58, 55,
118, -13, 59,
146, -10, 59,
105, 47, 89,
99, 44, 67,
54, -4, 71,
142, 40, 41,
84, 37, 45,
67, 37, 57,
110, 28, 41,
62, 40, 45,
24, 24, 55,
60, 4, 2,
93, -6, 34,
93, 36, 41,
66, 56, 70,
119, -14, 79,
101, 19, 55,
92, 44, 67,
97, 21, 35,
96, 19, 67,
111, 33, 57,
112, 5, 51,
83, 7, 84,
99, 17, 24,
169, 76, 59,
140, 13, 84,
90, 14, 52,
90, 27, 99,
113, 53, 108,
102, 73, 114,
88, 23, 98,
63, 27, 51,
52, 22, 51,
91, -23, 39,
91, 48, 64,
95, 38, 61,
101, -19, 109,
176, 46, 62,
152, 19, 62,
115, 29, 81,
98, -30, 104,
124, 29, 23,
121, 59, 29,
125, -11, 80,
87, 15, 79,
60, 12, 66,
80, 61, 85,
64, 14, 82,
75, 52, 35,
54, 34, 28,
81, 23, 72,
120, -8, 45,
123, 22, 82,
114, 21, 62,
71, 28, 20,
74, 18, 29,
101, 31, 105,
117, 8, 46,
124, 41, 105,
125, 5, 115,
105, -12, 73,
51, 75, 66,
126, -2, 52,
139, 43, 104,
85, -4, 48,
96, 53, 19,
115, 33, 81,
95, -23, 16,
99, 12, 50,
121, 67, 98,
94, 22, 83,
87, 64, 87,
129, 65, 74,
124, 60, 49,
159, 11, 97,
81, 6, 94,
76, 29, 22,
50, 28, 44,
82, 5, 40,
83, -6, 64,
98, 43, 84,
102, 31, 61,
94, 56, 53,
92, 14, 70,
116, 56, 71,
96, 25, 7,
116, 45, 61,
58, -13, 21,
78, -21, 90,
82, 3, 57,
111, 57, 21,
73, 59, 46,
85, 9, 89,
48, 13, 62,
98, 66, 95,
111, 38, 21,
114, 66, 48,
99, 47, 87,
135, 21, 55,
54, 10, 31,
76, 53, 91,
112, 77, 64,
48, 27, 51,
103, 66, 101,
108, 22, 47,
84, 10, 85,
19, 13, 50,
99, 9, 43,
71, 33, 72,
58, 28, 84,
134, -249, 21,
126, -1, 68,
86, 41, 77,
70, 19, 37,
66, 1, 69,
118, -1, 66,
131, 61, 68,
104, 15, 109,
67, 18, 64,
138, 34, 124,
117, 23, 93,
86, 16, 11,
78, 10, 21,
105, 37, 65,
159, 42, 11,
104, 17, 92,
93, 31, 28,
87, 37, 100,
96, 33, 75,
137, 28, 25,
74, 25, 76,
124, 62, 81,
71, 38, 46,
104, 87, 102,
125, -6, 51,
69, 36, 90,
90, 30, 100,
116, 41, 24,
81, -3, 38,
88, 24, 37,
84, 19, 71,
118, -225, 81,
133, -19, -7,
128, 17, 62,
125, 15, 70,
92, -22, 40,
94, 18, 101,
80, 17, 27,
115, 54, 62,
102, 23, 64,
99, -30, 38,
131, 20, 90,
126, 51, 83,
149, 64, 92,
91, -5, 61,
121, 1, 83,
83, 62, 61,
109, -3, 51,
73, 13, 107,
97, 28, 46,
96, 52, 83,
87, 30, 19,
85, 41, 78,
132, 15, 76,
117, 42, 26,
109, -8, 85,
83, -1, 114,
136, 40, 117,
106, 26, 22,
81, 50, 74,
79, -34, 24,
111, 36, 90,
75, 6, 55,
104, 37, 33,
113, 27, 86,
140, 0, 65,
88, 20, 87,
109, 52, 59,
82, 81, 56,
106, 50, 15,
93, 24, 57,
100, 51, 82,
122, 45, 66,
89, 50, 129,
86, 39, 24,
85, 36, 46,
-4, 33, 108,
94, 63, 49,
102, 32, 61,
45, 6, 116,
95, 51, 75,
80, 24, 53,
88, 63, 55,
122, 33, 79,
88, 15, 71,
108, 40, 30,
51, 14, 7,
129, 89, 31,
120, 44, 5,
71, 0, 33,
95, 44, 48,
119, 13, 67,
97, 35, 41,
103, -12, 84,
123, 51, 38,
84, 3, 74,
71, 11, 4,
127, 80, 43,
67, 4, 46,
93, -8, 45,
124, 29, 47,
52, -38, 92,
87, 41, -4,
116, 31, 47,
96, 59, 44,
55, 51, 92,
123, 14, 44,
80, 33, 53,
83, 51, 22,
118, 80, 60,
124, 54, 62,
107, -25, 43,
112, 42, 66,
66, 6, 34,
89, 51, 94,
114, 14, 62,
112, 25, 97,
106, 20, 10,
89, 7, 116,
126, 32, 88,
102, -6, 86,
75, 20, 24,
121, 4, 44,
62, 11, 75,
119, 29, 61,
85, 23, 69,
102, 1, 92,
90, 38, 89,
96, 18, 17,
52, 36, 52,
122, 29, 80,
81, 53, 61,
80, 24, 110,
122, 25, 30,
102, -21, 32,
104, 37, 54,
69, 26, 70,
93, 51, 61,
99, -44, 14,
102, 21, 74,
96, -13, 7,
134, 67, 110,
56, 29, 47,
101, 31, 68,
106, -11, 28,
96, -13, 52,
115, 19, 29,
67, -37, 45,
106, 8, 82,
137, 45, 44,
96, 36, 89,
81, 39, 56,
125, 11, 68,
46, 36, -7,
116, 38, 11,
151, 51, 91,
121, 5, 55,
104, 1, 66,
123, 21, 61,
91, 4, 90,
112, 16, 22,
126, 19, 92,
90, -30, 98,
75, 18, 40,
96, 4, 90,
82, 63, 90,
119, 41, -187,
108, -10, 37,
103, 17, 106,
102, 55, 74,
89, 13, 18,
136, 2, 77,
94, 35, 90,
107, -9, 77,
79, 14, 87,
77, 62, 49,
23, 18, 95,
76, -8, 36,
136, 36, 38,
132, 1, 52,
136, 11, 17,
71, 74, 110,
152, 8, 8,
104, 48, 64,
44, -26, 50,
81, 36, 71,
129, 44, 61,
83, 7, 95,
85, 23, 50,
71, -1, 63,
100, 42, 85,
63, -7, 22,
118, -26, 76,
69, -20, 26,
119, 20, 106,
132, 47, 55,
93, 15, 29,
85, -16, 85,
92, 30, 96,
120, 17, 54,
59, 19, 58,
106, 45, 74,
132, -11, 48,
145, -18, 52,
122, -9, 44,
130, 43, 68,
89, 30, 35,
86, 4, 59,
124, 69, 103,
125, 18, 71,
85, 8, 58,
103, 48, 81,
67, 53, 95,
146, 67, 104,
141, 65, 38,
81, 1, 108,
113, 26, 108,
130, 73, 133,
110, 65, 81,
61, 54, 26,
125, 22, 54,
68, 4, 56,
143, 12, 0,
95, 42, 49,
112, 51, 98,
96, 12, 20,
73, -26, 26,
45, 21, 24,
100, 8, 69,
145, 24, 53,
81, 29, 63,
139, 42, 57,
97, 43, 57,
87, 11, 66,
84, 4, 88,
152, 27, 46,
115, 24, 78,
94, 20, 14,
74, -14, 30,
130, 40, 113,
101, -13, 72,
113, 13, 19,
115, 45, 55,
71, 44, 48,
104, 37, 72,
60, 8, 48,
61, -14, 10,
100, 2, 91,
137, 49, 48,
78, -10, 28,
59, 58, 55,
109, 37, 82,
31, 6, 65,
132, 4, 86,
121, 12, 40,
22, 14, 17,
118, 18, 55,
115, 24, 36,
98, 30, 113,
88, -2, 21,
95, 84, 35,
111, 4, 26,
102, 29, 9,
97, -233, 59,
82, 5, 39,
79, 1, 70,
120, 16, 71,
71, 33, 38,
85, 24, 27,
106, 45, 45,
84, 35, 42,
48, 5, 98,
99, -4, 19,
113, 77, 47,
94, 16, 37,
71, 18, 68,
83, 56, 65,
102, 38, 102,
43, -4, 0,
89, 23, 37,
91, 67, 125,
121, 51, 109,
86, 25, 39,
79, -19, 53,
132, 51, 72,
96, -1, 65,
105, 3, 79,
109, 2, 82,
25, -46, 35,
124, 17, 145,
128, -19, 88,
118, 58, 39,
52, -4, 26,
110, -7, 76,
108, 39, 121,
76, -6, 38,
120, 42, 35,
124, 10, 17,
118, 40, 60,
117, 80, 82,
80, 16, 92,
91, 19, 59,
110, 14, 78,
46, 16, 49,
92, 10, 43,
120, 7, 75,
99, 27, 112,
108, 42, 69,
119, 22, 51,
80, 19, 47,
89, 42, 70,
106, 36, 76,
142, 52, 62,
92, 60, 107,
89, 16, 65,
103, 46, 33,
97, 10, 63,
124, 1, 82,
68, 44, 109,
150, 47, 85,
63, 27, 87,
73, 5, 20,
154, 129, 60,
86, -5, 59,
58, 25, 82,
133, 87, 77,
52, 38, 55,
127, 64, 49,
75, 4, 53,
88, 4, 53,
114, 45, 30,
127, 46, 63,
85, 5, 22,
144, 12, 99,
123, 12, 80,
82, 39, 79,
93, -8, 48,
96, -45, 38,
129, 52, 104,
54, 16, 74,
93, 16, 30,
104, 20, 23,
89, 21, 103,
57, 23, 73,
79, 30, 65,
65, 39, 8,
98, 31, 69,
75, 30, 59,
91, 50, 78,
83, 40, 42,
59, 32, 66,
99, 22, 31,
72, 42, 52,
86, 19, 33,
126, 20, 82,
77, 38, 100,
116, 21, 66,
71, 27, 63,
99, 22, 65,
147, 35, 46,
83, 39, 44,
46, 41, 25,
78, 30, 38,
103, 64, 60,
102, -2, 74,
126, 8, 68,
71, -23, 106,
92, 8, 65,
99, 15, 112,
44, 12, -15,
83, -20, 53,
77, 21, 20,
67, 27, 18,
126, 70, 103,
126, 25, 16,
105, 18, 118,
113, -40, 57,
75, 27, 64,
73, 39, 34,
105, 1, 33,
132, 38, 47,
121, 47, 74,
96, -27, 24,
87, 48, 79,
69, 30, 55,
90, -23, 94,
113, 8, 88,
138, 40, 37,
70, 7, 84,
73, 28, 69,
35, 2, 44,
93, 24, 69,
86, 15, 56,
112, -8, 71,
104, 23, 31,
92, -33, 76,
91, -3, 74,
112, 8, 93,
89, 29, 45,
85, 61, 67,
105, 19, 77,
107, 52, 88,
109, 31, 85,
103, -5, 86,
106, 38, 60,
93, -23, 86,
42, 10, 21,
55, 0, 102,
113, 64, 54,
86, 8, 52,
90, -7, 73,
77, 6, 51,
96, 39, 98,
63, 52, 17,
99, 45, 63,
50, -22, 62,
107, 70, 58,
111, 55, 33,
103, 30, 57,
117, 38, 23,
115, 44, 93,
85, 74, 78,
94, 2, 93,
87, 47, 72,
88, 43, 101,
65, 53, 74,
124, 17, 42,
85, 47, 93,
127, 25, 71,
78, 0, 71,
92, 18, 87,
46, 6, 63,
118, 33, 87,
98, 10, 106,
55, 26, 48,
86, 53, 22,
106, 76, 66,
57, 38, 12,
59, -22, 41,
170, 65, 47,
82, 26, 68,
110, 20, 27,
68, 8, 57,
91, -1, 100,
119, 18, 99,
103, 30, 67,
65, 6, 28,
90, 74, 31,
121, 47, 124,
84, 64, 51,
121, 28, 55,
102, 48, 42,
128, 26, 83,
113, 23, 80,
100, 13, 42,
51, 65, 87,
114, 41, 67,
109, 20, 97,
71, -26, 114,
130, 66, 86,
121, 61, 99,
144, 83, 99,
124, 6, 71,
81, 27, 34,
100, 26, 124,
80, 41, 137,
175, -4, 49,
77, 13, 28,
98, 43, 44,
88, 21, 59,
42, 22, 24,
107, 78, 125,
65, 26, 73,
47, 20, 53,
100, 75, 26,
84, 27, -55,
123, 14, 69,
97, -14, 8,
107, 9, 26,
110, -16, 101,
117, 21, 80,
97, 46, 94,
47, -34, 96,
71, 31, 50,
39, 7, 85,
148, 36, 48,
80, 16, 24,
113, 32, 48,
88, 12, 92,
111, 33, 78,
93, 53, 95,
123, 42, 39,
120, -21, -1,
84, 84, 30,
106, 42, 17,
99, 20, 78,
65, -40, 89,
122, 24, 63,
59, 19, 35,
87, 29, 123,
159, 63, 85,
147, -24, 46,
74, 11, 25,
103, 67, 42,
84, 28, 27,
95, 37, 67,
66, 68, 65,
99, 44, 73,
92, 21, 69,
116, 16, 119,
100, 63, 54,
83, 72, 80,
123, 26, 83,
98, -17, 13,
100, 24, 88,
134, 25, 45,
66, 42, -26,
104, -11, 91,
123, 18, 105,
76, 35, 93,
86, -2, 49,
21, 24, 57,
110, -6, 43,
45, 25, 14,
66, 31, 80,
92, 53, 74,
138, 241, 26,
67, 17, 38,
28, 69, 32,
78, 37, 7,
115, 37, 57,
67, -3, 11,
68, 23, 67,
70, 40, 93,
83, 10, 62,
152, 69, 60,
118, 29, 108,
71, 70, 56,
97, 36, 113,
149, 57, 50,
93, 0, 32,
94, 34, 31,
88, 35, 75,
90, 27, 50,
81, 35, 103,
108, 18, 31,
115, -10, 68,
138, 46, 32,
78, 35, 62,
69, -2, 83,
113, 27, 91,
78, 24, 62,
114, 80, 74,
127, 26, 112,
97, 33, 77,
88, 6, 82,
126, 33, 61,
164, 38, 78,
93, 90, 86,
134, 20, 71,
74, 25, 18,
129, 54, 59,
94, -3, 56,
77, -12, 129,
116, 3, 88,
75, 55, 72,
82, -15, 57,
48, 79, 96,
76, 14, 123,
63, 60, 56,
130, 6, 108,
116, 8, 35,
131, 22, 81,
63, -2, 56,
79, 72, 55,
106, 38, 70,
89, 28, 76,
82, 23, 33,
82, 6, 28,
55, -8, 42,
99, 38, 57,
135, 11, 17,
101, 18, 105,
88, 43, 72,
147, 1, 55,
93, 0, 81,
59, 53, 75,
149, 55, 44,
101, 75, 94,
96, -16, 43,
118, 23, 42,
114, 12, 51,
51, -29, 52,
108, 65, 55,
91, 26, 72,
116, 16, 98,
129, 37, 49,
73, 9, 47,
66, 38, 53,
145, 23, 92,
83, 52, 21,
61, 3, 34,
113, 47, 63,
95, 31, 44,
107, 54, 25,
47, -13, 10,
71, -3, 57,
89, 0, 89,
70, -14, 61,
94, 22, 22,
126, 69, 46,
62, -14, 53,
94, 37, 59,
93, 4, 69,
132, 17, 2,
171, 52, 95,
83, 41, 92,
107, 20, 66,
85, 48, 35,
97, 65, 18,
77, 36, 17,
110, 51, 8,
137, 9, 47,
126, 1, 44,
66, 25, 13,
130, -11, 54,
84, -22, 25,
77, 28, 64,
79, 5, 72,
77, 85, 96,
87, 2, 91,
54, 36, 39,
100, 47, 23,
104, 18, 51,
104, 26, 99,
133, 12, 92,
117, 17, 53,
74, 27, 71,
77, 19, 28,
96, -13, 90,
104, 78, 100,
69, 25, 28,
98, -225, 46,
105, 18, 79,
24, 36, 28,
73, 37, 45,
54, -18, 51,
86, -26, 81,
106, -13, 53,
111, 39, 109,
131, 24, 29,
121, 23, 100,
77, 6, 62,
92, 53, 61,
148, 41, 67,
107, 24, 95,
112, 21, 57,
93, 35, 51,
98, 36, 130,
85, 58, 58,
74, 9, 87,
88, 37, 68,
75, 47, 81,
110, 36, 80,
70, 4, 75,
121, 72, -1,
85, -10, -11,
98, -26, 66,
107, 2, 90,
83, 22, 42,
109, 13, 77,
147, -14, 45,
116, 84, 67,
65, 56, 31,
38, 6, 88,
128, 29, 100,
106, -16, 30,
121, 37, 58,
150, 15, 49,
60, 15, 72,
142, 63, 21,
91, 9, 55,
89, -7, 74,
132, 28, 56,
83, 45, 76,
166, 53, 79,
62, 59, 52,
123, 0, 61,
114, 46, 38,
110, -18, 64,
111, 22, 44,
52, 25, 77,
97, 19, 103,
57, 16, 93,
65, 13, 54,
91, 53, 89,
91, 45, 32,
96, 51, 37,
112, 9, 65,
54, 29, 10,
96, 255, 19,
83, 14, 44,
111, 40, 101,
109, 4, 62,
91, 9, 67,
94, 3, 45,
76, 8, 75,
143, -4, 62,
108, 5, 26,
144, 54, 64,
72, -31, 18,
29, 3, 29,
95, -21, 49,
118, 24, 64,
74, 24, 24,
111, 26, 66,
42, 3, 58,
88, 21, 37,
89, -2, 15,
124, 19, 74,
114, 72, 82,
94, 66, 113,
119, 35, 32,
106, 12, 135,
51, -31, 17,
133, -9, 88,
110, 10, 121,
144, 38, 96,
100, 24, 87,
86, 30, 81,
110, 4, 46,
114, -7, 34,
128, 31, 66,
119, 1, 29,
105, 52, 24,
39, -36, 55,
122, 77, 39,
123, 73, 87,
114, -23, 47,
44, 18, 32,
130, 10, 94,
139, -48, 57,
119, 15, 59,
94, 68, 57,
94, -2, 125,
87, -14, 102,
73, 5, 64,
67, 43, -7,
138, -5, 64,
99, 40, 57,
149, 56, 68,
108, 26, 49,
71, 53, 156,
74, 23, 71,
146, 18, 116,
139, 42, 73,
58, 31, 65,
131, 14, 103,
109, -22, 92,
102, 8, 88,
73, 0, 69,
115, 36, 66,
99, 44, 27,
93, 19, 37,
150, -2, 83,
93, -3, 131,
125, 46, 8,
119, 32, 119,
94, 36, -33,
113, 21, 42,
89, 40, 104,
130, 80, 106,
87, 3, 49,
69, 59, 92,
87, -9, 62,
90, 48, 56,
94, 24, 48,
111, 45, 69,
90, 42, 92,
91, 68, 57,
96, 66, 96,
64, 48, 47,
102, 42, 67,
120, 40, 64,
60, 32, 75,
95, 8, 21,
105, -13, -5,
104, 20, 122,
104, 25, 68,
93, 35, 77,
137, 55, 51,
57, 4, 52,
97, -4, 70,
133, 26, 33,
123, 14, 61,
116, 29, 85,
174, 21, 88,
69, 69, 92,
122, 46, 98,
134, -10, 64,
155, 19, 21,
133, 70, 75,
115, 53, 83,
80, 36, 114,
94, -8, 38,
62, 49, 51,
57, 14, 22,
64, -19, 78,
108, 96, 60,
124, 5, 44,
87, 8, 76,
76, 25, 52,
107, 58, 23,
123, 12, 115,
86, 13, 89,
106, 41, 45,
113, 60, 91,
85, -23, 45,
122, 35, 82,
173, 52, 63,
129, -1, 60,
94, -12, 94,
104, -13, 44,
115, 67, 67,
124, 2, 82,
120, 35, 30,
102, 30, 65,
121, 29, 85,
106, 7, 91,
71, 43, 78,
84, 33, 95,
72, 29, 58,
142, -3, 46,
98, 27, 36,
120, 77, 62,
132, 25, 95,
77, -15, 80,
103, 23, 33,
92, 21, -14,
125, 8, 68,
70, 35, 30,
70, 30, 85,
79, 41, 93,
104, 30, 49,
96, 34, 71,
113, 50, 71,
126, 38, 97,
136, -2, 24,
96, 42, 81,
95, 53, 76,
64, 57, 45,
81, 27, 56,
127, 35, 92,
113, 51, 42,
42, -24, 56,
44, 6, 66,
88, 12, 54,
65, -12, 44,
118, 34, 94,
107, 55, 78,
90, 37, 24,
97, 8, 11,
80, -3, 38,
93, 16, 145,
89, 20, 13,
76, 22, 51,
86, -42, 112,
140, 20, 68,
75, 43, 101,
113, 36, 71,
101, 50, 38,
71, 23, 99,
84, -2, 17,
72, 43, 113,
78, -247, 84,
80, 28, 70,
141, 42, 77,
72, -22, 15,
92, 37, 55,
85, 32, 51,
78, 36, 42,
129, 85, 81,
51, 11, 12,
83, 16, 49,
110, 60, 45,
88, 1, 65,
98, 30, 70,
108, 6, 66,
108, 25, 23,
132, -2, 21,
80, 26, 37,
91, -28, 48,
101, 53, 91,
118, 12, 35,
135, 45, 59,
105, 52, 64,
111, -1, 48,
98, 41, 22,
116, 21, 84,
66, -21, 33,
39, 42, 32,
121, 15, 38,
95, 8, 34,
127, 32, 75,
45, 42, 57,
105, -21, 32,
130, 38, 80,
51, -9, 45,
83, 44, 94,
118, 39, 53,
61, 28, 52,
72, 25, -5,
90, 40, 110,
73, 66, 73,
97, 66, 76,
55, 24, 88,
68, -23, 89,
70, 29, 48,
118, 24, 69,
89, 44, 49,
102, 47, 76,
86, 17, 66,
109, 33, 49,
89, 50, -9,
99, 63, 67,
83, 35, 111,
59, 43, 63,
99, -1, 18,
114, 33, 35,
129, -6, 56,
106, 54, 105,
98, 21, 47,
90, 33, 63,
96, 21, 26,
110, -10, 63,
117, 46, 61,
130, 36, 79,
73, -7, 59,
140, 50, 36,
70, 32, 46,
102, 22, 88,
113, 44, 58,
53, -35, 88,
153, 16, 88,
147, -6, 73,
110, 45, 91,
110, -4, 40,
121, -15, 97,
116, 49, 67,
100, 33, 59,
84, 44, 86,
35, 32, 50,
125, 14, 36,
114, 52, 106,
69, -15, 74,
106, 70, 52,
85, 6, 59,
124, 16, -10,
127, 72, 102,
42, -31, 47,
53, 1, 48,
103, 74, 63,
135, 51, 46,
124, 20, 72,
106, 14, 74,
105, 18, 55,
109, 25, 51,
66, 20, 87,
126, 35, 118,
119, 8, 52,
120, 19, 49,
73, 34, 28,
99, 24, 51,
115, 59, 60,
117, 58, 23,
114, 18, -11,
99, 17, 30,
82, 45, 80,
84, 51, -30,
104, 85, 110,
79, 53, 103,
113, -3, 71,
75, 27, 92,
77, 52, 51,
115, 55, 102,
96, 26, 33,
95, 64, 78,
75, 56, 77,
74, 53, 21,
54, 52, 53,
84, 27, 67,
109, 56, 35,
142, 32, 56,
26, -15, 56,
113, 4, 50,
88, -42, 32,
96, 15, 8,
113, 4, 106,
74, 38, 111,
116, 59, 93,
120, 27, 51,
84, 1, 22,
77, -12, -12,
71, 33, 42,
72, 45, 40,
118, 24, 52,
132, 28, 88,
116, 108, 42,
117, -5, 69,
100, 37, 71,
71, 40, 76,
68, -13, 39,
170, -1, 106,
96, 28, 110,
132, 48, 92,
80, -4, 52,
129, -4, 55,
99, 64, 107,
122, 68, 64,
91, 37, 29,
117, -5, 91,
87, -15, 5,
79, 54, 60,
131, 39, 57,
91, 0, 75,
75, 4, -5,
93, 22, 91,
129, 20, 75,
54, -14, 13,
137, 28, 64,
88, -4, 67,
137, 44, 38,
60, 32, 65,
108, -12, 77,
117, 23, 85,
83, 20, 44,
101, 21, 29,
109, 19, 80,
125, 4, 66,
108, 45, 55,
123, 66, 79,
85, 16, 31,
128, -24, 54,
75, -27, 35,
89, 43, 66,
112, 17, 67,
106, 52, 98,
96, 73, 37,
68, 46, 56,
123, 79, 63,
126, -16, 71,
66, 68, 89,
86, 43, 17,
131, 30, 94,
82, 14, 53,
92, 17, 96,
85, 61, 71,
127, 30, 60,
113, 14, 61,
89, 36, 8,
83, 31, 45,
73, 9, 50,
115, 35, 118,
81, 35, 54,
94, 35, 22,
95, 25, 86,
142, 71, 37,
32, -31, 46,
132, 23, 75,
99, 39, 33,
88, 16, 48,
111, 35, 120,
148, 39, 14,
115, -10, 36,
81, 39, 36,
90, 6, 24,
90, 44, 77,
107, 37, 41,
100, 23, 18,
97, 30, -6,
88, 23, 46,
141, 67, 52,
66, 22, 77,
89, -9, 7,
138, 36, 81,
71, 20, 8,
117, 47, 80,
73, 8, 43,
148, 42, 106,
134, 61, 61,
61, 2, -4,
79, -17, 36,
68, 34, 29,
96, 63, 102,
90, 22, 51,
62, 5, 108,
81, 13, 96,
104, 22, 15,
66, 21, 65,
49, 16, 76,
119, 18, 84,
74, 7, 61,
67, -15, 84,
92, 41, 101,
75, 41, 61,
94, -9, 53,
101, 43, 13,
80, 10, 43,
124, 10, 25,
126, 6, 65,
75, 40, 39,
65, 6, 22,
145, 28, 34,
121, 45, 61,
109, 34, 9,
61, -2, 69,
101, -37, 15,
109, 49, 47,
116, 60, 86,
63, -3, 59,
100, -31, 85,
70, 32, 45,
67, -11, 59,
122, -2, 70,
123, -19, 23,
125, 31, 94,
126, -2, 82,
129, 25, 85,
127, 9, 45,
98, 18, 54,
135, -6, 86,
108, -18, 49,
97, -2, 59,
124, 35, 37,
65, -6, 22,
77, -25, 14,
82, 1, 49,
67, 1, 53,
95, 18, 76,
69, 1, 47,
119, 51, 96,
84, -26, 14,
73, 14, 134,
26, -4, 55,
131, 13, 117,
59, 17, 62,
61, -3, 51,
118, 60, 143,
115, 85, 110,
83, 54, 101,
89, 58, 69,
121, 12, 43,
135, 81, 80,
57, 27, 57,
87, 36, 100,
60, 10, 44,
99, 27, 79,
135, 59, 99,
61, 24, -13,
61, 31, 25,
99, 11, 93,
123, -9, 69,
56, -11, 15,
129, 54, 72,
119, 50, 56,
100, 24, 65,
166, 8, 61,
133, 46, 37,
81, 11, 72,
86, -3, 47,
115, 31, 75,
40, 13, 31,
81, 1, 84,
109, 3, 62,
39, 8, 41,
123, 48, 16,
126, -1, 37,
103, 32, 58,
134, 41, 74,
102, 35, 34,
115, 58, 48,
91, 21, 88,
77, 46, 113,
56, -4, 58,
135, 48, 50,
105, 26, 68,
125, 9, 71,
82, 27, 71,
63, 20, 70,
80, 61, 44,
91, 41, 87,
102, 16, 43,
95, 53, 67,
84, 36, 37,
102, 30, 18,
84, 1, 34,
106, 3, 34,
115, 29, 39,
69, 11, 44,
78, 4, 34,
90, 12, 77,
91, 26, 47,
108, 34, 73,
126, 8, 86,
115, 19, -3,
139, 53, 33,
46, -17, 9,
99, 19, 7,
81, 52, 87,
114, 56, 70,
112, 32, 68,
87, 5, 61,
72, -29, 57,
104, -5, 93,
114, 54, 53,
105, -16, 79,
62, 51, 68,
89, 43, 104,
97, 235, 89,
80, -40, 62,
84, 1, 72,
82, 61, 76,
123, 48, 74,
106, 39, 39,
104, 60, 116,
87, -2, 33,
85, 21, 70,
52, 7, 58,
171, -14, 6,
109, 15, 16,
116, 23, 118,
76, -21, 37,
105, 8, -2,
107, 80, 59,
108, -12, 72,
61, -35, 88,
140, 26, 66,
123, 60, 78,
112, 47, 77,
111, 24, 80,
78, 40, 83,
86, -18, 57,
130, 61, 69,
106, 32, 93,
154, 71, 67,
103, 33, 96,
57, 31, 95,
128, 28, 60,
172, 46, 70,
80, 8, 41,
39, -15, 72,
69, -6, 0,
60, -4, 49,
164, 28, 68,
118, 51, 54,
88, 17, 50,
93, 64, 111,
81, 37, 60,
152, 54, 85,
99, -20, 44,
90, -6, 114,
117, 5, 90,
75, 17, 107,
55, 45, 37,
122, 10, 75,
147, 38, 8,
73, 66, 50,
158, 45, 39,
104, 65, 35,
93, 21, 62,
76, 25, 111,
97, -7, 87,
113, 27, 52,
123, 53, 106,
113, -3, 117,
116, 4, 77,
61, -27, -5,
76, 23, 84,
148, 11, 8,
116, -17, 18,
110, 25, 124,
38, 26, 58,
114, 62, 81,
91, 12, 55,
110, 34, 38,
133, 7, 61,
100, 55, 69,
79, 24, 144,
105, 38, 98,
89, 3, 100,
99, 28, 86,
91, 21, 70,
103, -25, -1,
139, 18, 47,
128, 16, 97,
85, 27, 2,
4, 16, 55,
124, 40, 72,
142, 70, 22,
84, 67, 55,
113, 34, 99,
114, 21, 25,
134, 76, 42,
83, 13, 48,
71, 46, 65,
96, 37, 58,
72, -16, 52,
101, 39, 91,
133, 34, 64,
115, 74, 92,
98, -9, 61,
60, 30, 41,
83, 8, 32,
117, 55, 70,
132, 56, 58,
82, -8, 47,
127, 31, 89,
104, 42, 100,
62, 23, 18,
118, 17, 30,
82, 32, 126,
106, 59, 66,
133, 34, 24,
93, -1, 69,
107, 68, 75,
135, 9, 64,
94, 43, 62,
79, 11, 38,
150, 59, 100,
109, 9, 95,
70, 36, 22,
88, 56, 68,
119, 14, 105,
153, 29, 9,
92, 22, 51,
120, 13, 98,
92, 25, 57,
71, 49, 100,
79, -16, 51,
93, 26, 40,
96, 45, 55,
74, 20, 82,
102, 10, 113,
84, -6, 34,
69, 63, 26,
151, 33, 23,
89, 8, 68,
117, -15, 37,
95, 30, 54,
61, 29, 19,
85, 65, 39,
119, 20, 73,
100, 56, 56,
89, 36, 65,
83, 50, 83,
118, 67, 64,
82, 38, 71,
140, 64, 126,
74, -31, 81,
70, -2, 66,
117, -10, 45,
111, 45, 47,
104, 36, 88,
108, 65, 72,
104, 48, 62,
99, -1, 68,
123, 46, 73,
144, 62, 60,
105, 17, 47,
117, 56, 70,
149, -4, 47,
128, 22, 64,
167, 51, 84,
142, 29, 19,
137, 69, 105,
107, 25, 62,
75, 72, 40,
126, 20, 70,
138, 25, 61,
107, 37, 21,
74, 2, -22,
86, -10, 7,
55, -26, 46,
113, -20, 100,
100, 84, 101,
108, 20, 59,
110, 27, 39,
103, 34, 110,
137, 47, 54,
114, 55, 82,
122, -29, 50,
65, 26, 47,
123, 45, 45,
73, 76, 84,
96, 51, 59,
35, 41, 61,
107, 4, 97,
133, 23, 144,
106, 50, 23,
66, 9, 63,
109, 36, 109,
131, 19, 54,
106, -7, 67,
69, 7, 54,
136, 34, 62,
105, 51, 118,
97, 20, 19,
116, 36, 83,
74, 22, 56,
114, 15, 97,
111, 30, 24,
33, 6, 67,
100, 23, 18,
48, 40, 34,
103, 22, 68,
137, 64, 46,
139, 31, 63,
103, 69, 55,
84, 19, 78,
116, -26, 28,
126, 19, 49,
92, 70, 100,
109, 33, 82,
89, 12, 48,
106, 30, 48,
44, 22, 61,
92, 12, 35,
124, 52, 50,
100, 21, 61,
144, 36, 116,
76, 30, 83,
83, -1, 54,
135, 72, 75,
108, -9, 82,
93, 24, 79,
92, 11, 5,
91, -40, 66,
155, 55, 71,
66, -29, 24,
125, 26, 49,
105, 59, 85,
153, 60, 55,
115, 29, 66,
61, 51, 77,
91, 38, 76,
67, 23, 105,
134, 52, 81,
127, 38, 57,
112, 45, 53,
111, 3, 76,
97, 16, 105,
108, 33, 57,
125, 36, 69,
55, -35, 24,
53, 67, 14,
78, -29, 72,
69, 13, 108,
72, 15, 36,
112, -11, 11,
57, 33, 51,
96, 54, 40,
53, -22, 33,
102, 44, 99,
69, 7, 0,
116, 65, 28,
84, 1, 21,
123, 65, 17,
88, -6, 75,
95, 18, 60,
136, 45, 27,
110, 62, 74,
125, 48, 126,
144, 8, 108,
120, 27, 97,
132, 67, 127,
138, 26, 45,
100, 20, 112,
94, 65, 106,
82, -17, 115,
96, 31, 40,
120, -27, 104,
72, 63, 106,
67, 27, 83,
137, 36, 107,
75, 5, -1,
97, 43, 96,
32, 66, 47,
116, 59, 79,
68, -18, -6,
80, 52, 77,
66, 29, 64,
82, 33, 77,
87, 48, 29,
57, 21, 41,
105, 11, 79,
120, 6, 52,
81, 78, 61,
54, 13, -8,
97, 33, 35,
117, 31, 37,
93, 68, 43,
57, 12, 46,
81, 39, 42,
131, 27, 89,
60, 6, 22,
49, 31, 64,
121, 39, 89,
77, 33, 51,
105, 67, 56,
36, -13, 58,
136, 40, 71,
71, 54, 19,
75, 27, -20,
80, 15, 42,
110, -11, 86,
141, 29, 38,
29, 15, 26,
137, -1, 85,
89, 20, 114,
23, 4, 55,
115, -7, 59,
103, 1, 24,
73, 14, 100,
79, 81, 67,
81, 44, 132,
127, 39, 72,
114, 9, 82,
103, 33, 98,
90, 45, 27,
77, 13, -6,
120, 51, 90,
84, 14, 24,
90, 46, 113,
82, 24, 62,
46, 13, 82,
100, 49, 123,
86, 8, 96,
111, 11, 34,
117, 35, 45,
100, 9, 108,
49, -17, 30,
163, 23, 82,
137, -16, 101,
94, 15, 51,
107, 36, 99,
129, 12, 24,
117, 74, 68,
133, 8, 75,
123, 29, 59,
121, 44, 86,
113, 14, 106,
116, 26, 55,
70, 94, 8,
88, 43, 48,
123, 34, 83,
107, 7, 37,
82, 41, 18,
123, 19, 96,
42, 12, 34,
106, 9, 68,
94, 29, 38,
64, 3, 58,
120, 13, 30,
128, 44, 52,
115, -14, 57,
99, 31, 90,
86, -6, 57,
94, 22, 84,
151, 45, 37,
130, 2, 97,
78, 0, 99,
95, -2, 61,
148, 40, 38,
123, 59, 96,
109, 36, 70,
75, 0, 44,
96, 10, 60,
132, 1, 98,
110, 72, 120,
115, 29, 32,
83, 33, 12,
33, 48, 54,
89, 35, 84,
78, 58, -5,
89, 26, 73,
109, 59, 122,
116, 22, 56,
79, 73, 31,
93, 5, 50,
107, 16, 27,
72, 23, 65,
77, 58, 51,
128, 44, 50,
92, 24, 35,
90, 21, 82,
107, 24, 49,
75, 38, 46,
80, 53, 43,
96, 59, 94,
128, 38, 42,
96, 37, 61,
87, 39, -4,
80, -24, 54,
80, 51, 38,
87, -2, 19,
85, 35, 117,
54, 11, 63,
83, -22, 105,
116, -1, 43,
65, 37, 77,
105, 67, 32,
111, 7, 11,
83, 56, 46,
76, 49, 96,
94, 0, 44,
84, 36, 42,
49, 48, 57,
77, 38, 59,
107, 49, 52,
48, 24, 84,
127, 58, 94,
95, -12, 59,
119, 0, 37,
67, 55, 70,
110, 51, 90,
96, -13, 85,
109, -3, 35,
144, 43, 47,
94, 43, 71,
127, 53, 80,
65, 24, 55,
86, 58, 89,
81, 29, 68,
89, 72, 51,
160, 19, 36,
102, -34, 11,
112, 42, 51,
80, 7, 113,
123, 38, 49,
113, 2, 47,
61, -25, 46,
83, 25, 87,
159, 71, 55,
134, 36, 103,
102, 13, 57,
143, 48, 35,
104, 14, 104,
114, 37, 48,
98, 51, 81,
104, 22, 36,
123, 75, 58,
110, 48, 76,
72, 23, 104,
86, 54, 66,
56, 35, 75,
129, 65, 70,
115, 37, 27,
118, 14, 39,
54, -5, 77,
137, 32, 41,
127, -22, 100,
92, 45, 85,
110, 40, 49,
76, -4, 82,
94, 25, 57,
150, 22, 42,
87, 41, 36,
76, 7, 48,
96, -38, 52,
118, 29, 77,
109, 54, 49,
117, 27, 68,
98, 29, 58,
29, 27, 69,
85, 30, 82,
130, 31, 4,
152, 22, 44,
111, 35, 33,
84, 32, 76,
121, 30, 49,
90, 8, 68,
140, 61, 44,
111, 35, 20,
96, 59, 37,
86, -22, 54,
95, 23, 72,
113, 14, 72,
122, 21, 57,
56, -17, 93,
116, 40, 49,
84, 35, 13,
108, 32, 57,
127, -6, 41,
143, 6, 41,
89, 7, 76,
68, 37, 78,
76, 2, 59,
65, -14, 51,
84, 20, 52,
99, -35, 70,
114, -11, 118,
99, 38, 79,
92, 29, 61,
137, 38, 68,
91, 9, 76,
116, 15, 95,
77, -3, 19,
82, 49, 43,
96, 48, 40,
86, 19, 103,
152, 39, 88,
63, -24, 71,
87, -51, 30,
74, 45, 82,
148, 47, 70,
113, 30, 29,
139, 9, 106,
115, 47, 63,
95, 18, 69,
150, 68, 32,
106, -1, 76,
134, 16, 9,
85, 36, 62,
163, 63, 91,
69, -27, -1,
109, 10, 56,
108, 10, 72,
76, -13, 100,
88, 37, 88,
103, 70, 93,
82, 25, 113,
126, 28, 41,
73, 56, 95,
113, 10, 24,
93, 74, 63,
51, -2, 46,
108, 44, 65,
76, -20, 83,
84, 31, 46,
83, -4, 46,
166, 29, 81,
75, -21, 85,
116, -10, 58,
120, -35, 34,
93, 31, 58,
24, -61, 38,
58, 12, 52,
72, -33, 14,
84, 27, 55,
101, 17, 21,
120, 14, 44,
86, 41, 14,
72, 49, 68,
117, 15, 109,
110, 14, 75,
95, -3, 55,
89, -20, 74,
123, -5, 120,
109, 6, 15,
110, 47, 70,
100, 45, 110,
75, 48, 77,
46, -20, 101,
85, -4, 56,
70, 16, 60,
103, 2, 74,
101, 11, 65,
59, 51, 104,
30, 28, 35,
86, 42, 24,
58, 29, 33,
102, 7, 61,
126, 58, 18,
84, 9, -14,
115, 36, 64,
85, 52, 120,
121, 37, 67,
102, 59, 46,
97, 19, 32,
108, 7, 34,
119, 52, 60,
114, 22, 77,
87, 85, 44,
117, 55, 106,
51, 17, 92,
83, 21, 41,
104, -18, 100,
81, 44, 98,
132, 47, 23,
144, 22, 102,
103, 40, 19,
151, 73, 93,
93, 61, 45,
78, 18, 21,
128, 71, 41,
123, 45, 58,
78, -18, 61,
99, 15, 62,
123, 53, 70,
105, -12, 47,
68, 4, 94,
67, 43, 81,
91, 12, 42,
110, 23, 88,
109, 60, 71,
136, 54, 119,
112, 21, 82,
118, -22, 9,
20, 13, 35,
123, -8, 59,
122, 2, 36,
65, 13, 79,
119, 36, 93,
66, 6, 55,
126, 23, 34,
142, 47, 75,
69, 44, 60,
130, 43, 18,
93, 45, 86,
48, 13, 35,
107, 18, 2,
119, 11, 21,
137, 52, 104,
136, 27, 92,
82, 20, 58,
134, -4, 91,
93, 24, 42,
150, 42, 66,
43, 27, 31,
87, 27, 47,
66, 34, 96,
97, 30, 59,
129, 13, 61,
152, 67, 87,
112, 35, 30,
45, -2, 64,
105, 17, 69,
138, -22, 30,
165, 28, 87,
89, 39, 84,
117, 34, 41,
71, 13, 31,
61, -9, 48,
175, 88, 45,
84, 41, 57,
107, 43, 34,
88, 8, 102,
85, 29, 80,
136, 51, 46,
109, -12, 42,
127, 56, 35,
98, 52, 83,
104, 2, 51,
61, 36, 57,
123, 27, 40,
88, 14, 42,
107, 10, 92,
127, 7, 47,
81, 35, 54,
40, -5, 57,
131, 6, 63,
112, 37, 28,
118, 1, 21,
124, 58, 101,
95, 21, 97,
95, -5, 46,
153, 64, 74,
93, -48, 41,
110, 54, 69,
94, 0, 64,
49, -28, 80,
79, 57, 65,
139, 51, 14,
76, 11, 99,
45, -4, 71,
66, 26, 41,
89, 4, 50,
93, 55, 71,
33, 49, 92,
79, 24, 1,
34, 46, 79,
66, 60, 46,
70, 47, 20,
58, 19, 39,
73, 15, 52,
101, 41, 81,
98, 24, 78,
64, 39, 86,
115, -4, 56,
69, 23, 66,
110, 11, 71,
95, 7, 42,
135, 43, 68,
75, -4, 20,
84, 21, -5,
88, 30, 92,
81, 48, 71,
91, 82, 31,
123, 54, 32,
61, 55, 66,
80, 41, 61,
73, 45, 60,
70, 15, 68,
112, -17, 45,
86, -8, 74,
94, 8, 87,
98, 9, 40,
129, 75, 79,
81, 17, 67,
132, 20, 97,
84, 8, 89,
71, 23, 51,
82, 35, 76,
101, 22, 65,
118, 27, 101,
103, 70, 29,
90, 18, 5,
84, 18, 58,
113, 39, 40,
130, 52, 75,
55, 27, 77,
60, 22, 48,
94, 57, 78,
139, 44, 94,
66, -18, 88,
115, 19, 52,
115, 59, 46,
72, 8, 64,
111, 44, 122,
56, 45, 93,
81, -3, 33,
119, 20, 83,
108, -5, 30,
122, 30, 71,
125, 28, 21,
114, 87, 70,
46, -26, 57,
115, 43, 10,
137, -13, 56,
73, 3, 66,
98, 105, 66,
107, 76, 67,
38, 3, 44,
84, 24, 78,
160, 21, 55,
84, 63, 31,
82, 54, 29,
98, 54, 57,
85, 55, 71,
130, 71, 40,
109, 56, 45,
75, 10, 3,
92, -7, 48,
97, 28, 120,
123, 43, 57,
69, 9, 33,
121, -9, 52,
129, 32, 63,
72, -22, 92,
124, -15, 101,
125, 52, 121,
82, 58, 57,
85, 69, 19,
85, 98, 99,
132, 30, 14,
71, 35, 15,
97, 23, 33,
143, 61, 84,
125, 47, 56,
107, 36, 56,
66, 48, 38,
81, 48, 47,
101, 48, 65,
97, 62, 67,
122, 46, 78,
143, 49, 74,
121, 12, 61,
101, -1, 28,
112, 60, 77,
62, 72, 91,
60, 15, 69,
101, 52, 60,
87, 13, 52,
114, 15, 44,
91, 34, 46,
91, 74, 95,
82, -1, 51,
27, 29, 31,
97, 69, 14,
72, 22, 31,
78, -16, 49,
125, 70, 64,
80, -15, 26,
93, 16, 23,
99, 36, 74,
152, 36, 70,
104, 10, 29,
106, 23, 56,
112, 38, 74,
69, 67, 58,
85, -5, 70,
94, 25, 78,
140, 72, 29,
87, 4, 7,
73, 71, 55,
72, 79, 79,
105, 28, 83,
111, 63, 98,
136, 22, 68,
101, 19, 78,
105, 7, 15,
85, 48, 35,
193, 65, 55,
139, 63, 71,
113, 30, 100,
60, 4, 83,
74, -29, 61,
104, 20, 91,
129, 53, 43,
134, 77, 51,
156, 33, 61,
112, 53, 55,
75, 60, 85,
60, 27, 47,
65, 36, 50,
55, -13, 95,
104, 57, 92,
119, 42, 70,
71, 11, 38,
85, 21, 33,
89, 18, 92,
64, 33, 66,
155, -7, 58,
90, 22, 38,
91, 11, 29,
124, 44, 60,
81, 15, 18,
115, 19, 89,
82, 29, 50,
149, 40, 69,
85, 68, 63,
96, 25, 45,
100, 31, 104,
110, 37, 32,
91, 8, 45,
138, 47, 96,
100, -39, 46,
86, 4, 77,
99, 41, 44,
57, -34, 46,
139, 28, 123,
74, 12, 58,
117, 13, 55,
62, 31, 59,
136, 56, 63,
138, 34, 78,
41, 38, 36,
114, 86, 77,
95, 3, 30,
79, 27, 78,
124, 16, 48,
80, 25, 46,
93, 85, 46,
78, 0, 30,
87, -19, 37,
117, 58, 58,
38, 2, -16,
51, -1, 26,
58, 52, 108,
150, 51, 90,
112, 10, 89,
113, 22, 92,
140, 52, 78,
81, 64, 63,
112, -7, 58,
114, 39, 117,
130, 25, 54,
59, 8, 36,
63, 28, 27,
92, 72, 140,
112, 46, 32,
84, 41, 82,
44, 64, 29,
138, 43, 22,
78, 60, 53,
145, 23, 44,
107, 19, 68,
147, 60, 88,
67, 2, 89,
63, 35, 41,
123, 83, 55,
122, 53, 7,
56, 24, 45,
94, 31, 67,
147, 50, 60,
101, 82, -12,
125, -44, 18,
96, 32, 36,
87, -5, 54,
123, 43, 47,
131, 28, 84,
103, -14, 26,
92, -31, 101,
65, -9, 32,
43, 12, 42,
88, 4, 15,
102, 32, 88,
97, 8, 42,
97, 5, 110,
105, 5, 91,
76, 51, 8,
91, -15, 75,
132, 35, 105,
84, 32, 62,
130, 38, 70,
148, -16, 128,
151, 63, 109,
87, 46, 14,
65, 40, 76,
77, 3, 70,
76, 84, -2,
112, 17, 62,
95, 13, 50,
97, 38, 68,
123, 26, 46,
90, 53, 77,
51, 55, 56,
128, 254, 42,
98, 46, 60,
94, 19, 55,
72, 47, 51,
66, 0, 23,
112, 13, 69,
106, 38, 30,
105, 29, 52,
43, -7, 22,
89, 3, 61,
101, 36, 96,
78, 48, 106,
98, 14, 77,
121, -26, 61,
71, 12, 98,
71, 39, 62,
109, 58, 49,
82, 18, 25,
123, 21, 128,
75, 25, 55,
66, 42, 64,
58, -14, 38,
69, -9, 23,
49, 7, 45,
135, 44, 79,
103, -34, 21,
109, 6, 7,
98, 22, 111,
106, -16, 77,
73, 43, 64,
69, 6, 27,
144, 29, 91,
102, 51, 75,
102, 18, 18,
122, 25, 56,
76, 70, 70,
128, 35, 95,
66, -8, 82,
113, 47, 42,
141, 29, 74,
122, 19, 76,
67, -43, 70,
87, 7, 90,
94, 35, 61,
100, 38, 68,
119, 1, 37,
100, -4, 48,
117, 20, 98,
90, 27, 38,
81, 26, 61,
70, -6, 109,
109, 25, 106,
61, 2, 35,
90, 27, 101,
61, 46, 95,
65, -4, 57,
93, 26, 106,
82, 38, 28,
153, -217, 50,
98, 30, 80,
134, 63, 61,
86, 15, 54,
58, -14, 6,
66, 27, 35,
60, 40, 54,
124, 16, 76,
90, -15, 56,
113, 51, 57,
130, 14, 71,
59, -5, 47,
134, 29, 110,
81, -35, 15,
126, 46, 110,
110, 25, 73,
83, 40, 53,
36, 32, -2,
127, -13, 46,
25, 20, 67,
102, 65, -8,
86, 35, 33,
110, 64, 87,
86, -16, 104,
56, 72, 56,
134, 27, 26,
126, 48, 34,
110, 11, 40,
101, 6, 63,
80, 32, 72,
157, 35, 94,
103, 23, 68,
96, 22, 91,
108, 43, 108,
90, 46, 79,
108, 29, 109,
80, 22, 51,
71, 26, 95,
119, 33, 62,
93, -9, 51,
107, 27, 47,
98, 6, 20,
105, 46, 83,
49, 56, 100,
86, 23, 36,
99, -31, 33,
107, 30, 17,
102, 75, 22,
60, -17, 52,
154, 58, 104,
106, -5, 48,
105, 41, 32,
93, -14, 50,
55, 20, 64,
85, 35, 112,
44, 60, 56,
101, 8, 82,
118, 68, 116,
105, 29, 89,
112, 98, 111,
106, 14, 39,
112, -6, 77,
62, 21, 75,
84, -34, 7,
107, 39, 56,
96, 17, 34,
142, 56, 50,
78, 12, 23,
87, -16, 37,
78, 64, 52,
168, 19, 42,
73, 21, 172,
110, 29, 81,
99, 37, 54,
75, 50, 125,
112, 29, 39,
106, 68, 80,
83, 29, 50,
124, 42, 68,
90, 19, 15,
102, -30, 26,
114, -3, 63,
97, 63, 53,
41, 13, 57,
121, 34, 25,
95, -12, 84,
128, 34, 120,
107, 57, 32,
51, 49, 79,
103, 44, 98,
103, -9, 61,
87, 39, 49,
116, 0, 51,
73, 85, 89,
74, 36, 71,
120, 23, 76,
116, 57, 61,
128, 46, 68,
89, 37, 106,
99, 64, 74,
89, 59, 64,
99, 7, 69,
84, 8, 38,
86, 14, 71,
99, 52, 31,
72, 37, 90,
116, 34, 84,
4, 24, 19,
137, 14, 32,
98, 19, 97,
72, -12, 22,
66, -5, 101,
127, 59, 57,
148, 34, 59,
155, 52, 74,
73, 11, 91,
120, 52, 10,
95, -8, 69,
122, 49, 78,
74, -13, 50,
105, 27, 95,
134, 26, 53,
128, 78, 55,
103, -29, 73,
96, -18, 74,
89, 10, 91,
107, 37, 36,
104, 19, 78,
112, -14, 62,
112, 29, 63,
102, 21, 82,
76, 15, 40,
103, 34, 51,
92, 15, 24,
79, -6, 43,
112, 20, 94,
80, -22, 59,
135, 35, 47,
111, 38, 38,
68, 37, 70,
113, 3, 100,
93, -21, 72,
99, 44, 5,
116, 32, -5,
87, 3, 80,
120, 5, 103,
71, 85, 16,
76, 3, 97,
65, -27, -7,
130, 58, 132,
117, 38, 75,
64, 67, 42,
89, 29, 68,
101, 3, 36,
105, 59, 70,
130, 32, 86,
60, -17, 76,
78, 46, 23,
127, 4, 75,
116, 0, 27,
103, 34, 28,
65, -30, 38,
108, 47, 26,
77, 44, 68,
118, 36, 64,
77, 20, 49,
110, 31, 73,
151, 11, 62,
108, 19, 62,
91, 13, 75,
89, -28, 86,
91, 15, 57,
126, -9, 79,
126, 24, 58,
116, 62, 35,
117, 33, 43,
91, 84, 69,
85, 38, 56,
95, 79, 85,
107, 20, 68,
97, 26, 72,
98, -39, 61,
37, -15, 37,
112, 25, 110,
94, 21, 55,
134, 50, 65,
113, 23, 85,
48, 9, 95,
99, 17, 90,
98, -2, 54,
96, 65, 48,
105, 41, 7,
93, -23, 72,
79, -9, 76,
61, 1, 73,
109, -23, 63,
104, 57, 75,
108, 24, 4,
132, 63, 99,
60, 24, 78,
58, 1, 89,
83, -10, 49,
71, 39, 48,
87, 49, 83,
91, 22, 29,
111, 42, 86,
81, 25, 71,
67, 27, 63,
90, 9, 19,
132, 90, 130,
41, 14, 44,
57, 15, 77,
86, 55, 79,
144, 55, 106,
120, 78, 63,
75, -9, 33,
72, 60, 49,
76, 80, 88,
108, 52, 75,
75, 28, 73,
119, -11, 66,
126, -5, 65,
77, 17, 47,
120, 17, 53,
122, 29, 80,
141, 75, 27,
70, 33, 93,
103, 23, 52,
79, 25, 73,
49, 26, 58,
87, 38, 78,
74, 79, 28,
160, 91, 20,
134, 63, 71,
110, 7, 107,
73, 51, 32,
83, 28, 89,
48, 60, 76,
95, 8, 46,
108, 30, 83,
132, 86, 65,
64, 30, 18,
123, 9, 52,
114, 45, 60,
51, 44, 12,
106, 14, 85,
117, 15, 60,
91, 12, 95,
102, 14, 34,
81, 44, 39,
107, -3, 42,
134, 17, 14,
117, 24, 75,
128, 13, 121,
55, 21, 73,
107, 21, 33,
83, 14, 74,
43, 30, 46,
80, 18, 94,
98, 48, 134,
96, -3, 29,
99, 37, 41,
114, 61, 53,
131, 45, 44,
91, 42, 21,
124, 37, 87,
91, -3, 30,
82, 7, 84,
130, 34, 30,
90, 10, 88,
100, 26, 57,
73, 38, 68,
118, -21, 74,
61, 10, 54,
83, 39, 87,
79, -5, 35,
104, -15, 57,
70, 11, 95,
107, 36, 78,
99, 53, 50,
109, -2, 60,
93, 13, 89,
73, 15, 57,
75, 28, 91,
114, -9, 46,
101, 51, 75,
78, 41, 85,
96, 73, 33,
144, 40, 71,
69, 50, 33,
154, 64, 67,
49, 20, 22,
126, 61, 70,
130, 48, 32,
122, 28, 78,
72, 15, 59,
109, 3, 55,
96, 20, 85,
117, 10, 82,
123, 14, 144,
54, 37, 59,
83, 21, 87,
117, 16, 25,
49, 46, 97,
97, 24, 33,
90, 24, 80,
118, 52, 64,
86, 23, 21,
107, 30, 70,
47, 25, 64,
117, 50, 67,
133, 23, 70,
90, -10, 7,
57, -6, -9,
41, 69, 90,
103, 5, 47,
124, 22, 67,
133, 9, 33,
119, 54, 115,
90, 42, 28,
106, 31, 50,
86, 48, 92,
71, 14, 51,
66, 4, 129,
113, 54, 84,
127, 27, 72,
104, 61, 51,
73, -4, 37,
128, 44, 10,
63, 25, 39,
152, 21, 24,
103, 38, 73,
92, -12, 65,
123, 38, 54,
94, -22, 73,
70, 4, 82,
144, 4, -14,
86, 32, 95,
142, 31, 59,
53, 24, 74,
96, -11, 47,
81, -3, 64,
90, -22, 90,
77, 66, 89,
113, 53, 41,
93, -2, 87,
108, -21, 46,
51, -25, 36,
71, 44, 28,
126, 11, 59,
56, 26, 36,
109, 2, 83,
120, 22, 85,
89, 59, 17,
123, -34, 40,
101, 41, 95,
101, -5, 36,
126, 39, 107,
141, 13, 24,
89, -17, 76,
152, 13, 89,
80, 6, 67,
89, 50, 25,
53, 38, 88,
56, 3, 87,
119, 69, 95,
104, 22, -2,
72, 4, 71,
88, 37, 71,
153, 21, 53,
89, 54, 63,
94, 67, 43,
95, 82, 79,
88, 2, 62,
118, 18, 91,
124, 18, 86,
53, -3, 98,
61, 35, 37,
80, -6, 111,
104, 20, 88,
90, 21, 86,
82, 28, 44,
165, 17, 87,
115, 23, 118,
101, 10, 83,
129, 66, 72,
75, 48, 47,
111, 34, 60,
118, 1, 51,
122, 59, 89,
97, 6, 76,
88, 21, 20,
106, 44, 71,
112, 51, 115,
80, 1, 54,
112, -5, 23,
92, 24, 35,
79, 5, 43,
74, 49, 55,
141, 45, 108,
115, -17, 51,
32, 22, 75,
67, 46, 51,
88, 29, 82,
58, 36, 52,
103, 54, 59,
102, 5, 67,
76, 9, 77,
77, 10, 75,
124, 54, 94,
101, -6, 44,
70, 44, 118,
120, 44, 64,
94, 38, 29,
90, -3, 88,
85, -1, 78,
110, 20, 40,
58, 29, 71,
93, -5, 96,
93, 81, 77,
102, 47, 98,
105, 17, 26,
99, -11, 64,
99, 24, 58,
127, 14, 24,
126, 59, 60,
82, -25, 73,
146, 10, 37,
60, 63, 3,
105, 4, 83,
99, 4, 63,
112, 18, 62,
104, 22, 86,
107, 41, 77,
107, 60, 80,
107, 49, 49,
106, 31, 86,
39, 34, -10,
123, 50, 82,
53, 12, 65,
137, 63, 31,
114, -2, 39,
93, 34, 61,
117, 70, 136,
125, 23, 31,
113, 39, -52,
102, -32, 58,
132, 48, 57,
49, 5, 44,
110, -1, 102,
112, 58, 122,
104, 26, 62,
108, 33, 69,
129, 54, 8,
87, -6, 9,
101, 15, 30,
117, 36, 60,
135, 48, 17,
84, 6, 39,
108, 36, 40,
106, 22, 98,
85, -12, 89,
86, 19, 41,
145, -2, 65,
94, 17, 63,
67, 10, 72,
109, 22, 39,
74, 32, 62,
162, -16, 102,
120, 64, 75,
103, 54, 46,
57, 41, 30,
95, 23, 104,
96, 43, 27,
103, 54, 78,
97, 73, 55,
92, 20, 45,
82, 55, 66,
105, 29, 69,
106, 71, 78,
95, 8, 57,
55, 18, 11,
56, 11, 34,
98, 22, 140,
74, 5, 85,
129, 14, 89,
106, 37, 55,
76, 33, 10,
129, 75, 84,
86, 65, 43,
119, -1, 109,
62, 18, 33,
91, -6, 51,
121, 37, 55,
75, 23, 19,
130, 54, 43,
132, 47, 75,
102, 20, 29,
116, 103, 87,
63, 14, 46,
120, 8, 97,
110, 6, 88,
148, 53, 80,
132, 74, 95,
97, 14, 53,
122, 46, 94,
161, 20, 106,
79, 58, 61,
70, 35, 43,
97, 43, 116,
83, 12, 72,
130, 41, 73,
124, 15, 129,
154, 2, 79,
125, 24, 101,
138, 12, 34,
109, 28, 40,
89, 13, 83,
172, 57, 73,
122, 28, -13,
94, 18, 60,
124, 49, 34,
96, 53, 58,
103, -5, 14,
137, 38, 60,
65, -6, 51,
83, 7, 31,
62, 57, 73,
31, -3, 92,
75, 10, 57,
145, 56, 48,
109, 6, 62,
122, -34, 70,
88, 32, 63,
131, -6, 80,
72, 12, 22,
85, 36, 66,
114, 42, 68,
79, 25, 51,
89, 3, 29,
102, 0, 85,
51, 53, 70,
79, 46, 70,
123, 49, 69,
114, 53, 91,
76, 5, 6,
92, 70, 66,
112, 52, 56,
110, 8, 41,
119, 41, 84,
118, 57, 54,
131, 60, 71,
126, 53, 48,
124, 234, 47,
58, -6, 78,
109, -15, 49,
71, 46, 79,
99, 10, 69,
123, -9, 31,
72, 23, 46,
62, 25, 18,
96, 6, 59,
59, 10, 40,
139, 21, 107,
89, 8, 77,
112, 34, 87,
97, 18, 40,
104, 61, 78,
122, 73, 56,
137, 45, 85,
54, 62, 34,
84, 39, 54,
138, 69, 13,
74, 17, 47,
122, 15, 77,
118, 40, 0,
90, -25, 70,
79, -13, 66,
113, 10, 79,
79, 8, 66,
116, 41, 55,
77, 35, 118,
96, 28, 105,
71, 4, 40,
103, 13, 44,
121, 26, 152,
111, 33, 43,
64, -23, 64,
99, 72, 110,
95, 53, 54,
116, 20, 72,
104, 15, 45,
98, 11, 88,
106, 10, 5,
125, 30, 49,
117, 28, 97,
