83, 42, 68,
127, 27, 57,
148, 44, -1,
111, 34, 36,
52, 41, 24,
103, 47, 36,
93, -2, 108,
103, 49, 118,
72, 26, 43,
132, 19, 106,
70, 56, 88,
69, 16, 66,
118, 36, -29,
100, 4, 46,
73, 40, 68,
127, 23, 11,
102, 30, 51,
128, 4, 52,
84, -17, 70,
157, -4, 70,
112, 57, 87,
92, -9, 23,
85, 50, 29,
97, 36, 94,
100, 13, 50,
107, -14, 34,
128, 30, 39,
115, 48, 60,
101, 42, 45,
109, -20, 64,
93, 23, 74,
56, 37, 95,
81, 13, 102,
66, 46, 23,
111, 25, 16,
118, 73, 148,
90, 59, 113,
95, 39, 84,
104, 49, 84,
92, -35, -8,
128, 42, 86,
79, 33, 89,
121, 43, 34,
87, 46, 99,
105, 9, 26,
115, 28, 66,
87, 11, 52,
119, 56, 92,
97, 35, 60,
128, -63, 28,
109, 60, 35,
91, 56, 67,
85, -8, 36,
121, 50, 88,
114, 10, 47,
97, -4, 13,
77, 34, 87,
115, 32, 39,
100, 50, 81,
93, 15, 98,
55, 11, 76,
119, 43, 91,
69, 45, 108,
95, 11, 15,
83, 32, 38,
117, 15, 85,
86, 38, 89,
64, -9, 75,
119, 32, 41,
70, 46, 112,
92, 38, 114,
84, -16, 56,
108, 37, 57,
102, 30, 47,
119, 23, 52,
96, 28, 69,
68, 15, 20,
132, 34, 28,
95, 10, 16,
107, 32, 61,
99, 34, 94,
107, 31, 87,
117, -1, 84,
109, 9, 85,
98, 22, 34,
98, 35, 53,
96, -3, 67,
108, 36, 7,
91, 11, 118,
125, -9, 104,
93, 17, 8,
103, 43, 20,
109, 34, 47,
134, 0, 6,
104, 13, 120,
77, 21, 31,
94, 22, 85,
70, 47, 51,
119, 35, 87,
76, 19, 88,
100, 68, 68,
77, 22, 46,
101, 5, 103,
90, 12, 62,
119, -13, 80,
113, 23, 46,
52, 49, 110,
87, 13, 89,
106, 42, 109,
95, 14, 44,
109, 17, 113,
126, 73, 7,
151, 28, 77,
120, 25, 97,
78, 68, 72,
135, 13, 53,
99, 4, 32,
168, 29, 40,
77, 64, 55,
101, 16, 88,
153, 51, 51,
84, 38, -7,
79, -7, 34,
134, 5, 73,
127, 50, 86,
120, 1, 42,
124, 27, 9,
127, 14, 49,
151, 34, 103,
107, 34, 15,
123, 1, 69,
78, 29, 135,
92, -11, 30,
111, 59, 122,
84, 24, 90,
147, 59, 36,
134, 13, 88,
113, 74, 73,
102, 11, 48,
124, 38, 35,
107, -13, 58,
100, 37, 26,
85, 22, 26,
92, 69, 98,
117, 54, 85,
76, 13, 91,
111, 45, 66,
93, 34, 64,
110, 228, 61,
114, 62, 72,
91, 43, 49,
99, 33, 83,
111, 33, 78,
111, 48, 74,
155, 24, 82,
122, -5, 63,
125, 0, 65,
100, -29, 19,
84, 58, 53,
108, 19, 53,
113, 19, 37,
154, 52, 26,
86, -11, 90,
81, -14, 56,
153, 17, 64,
92, 31, 83,
78, 33, 104,
83, 23, 40,
47, 0, 41,
70, 35, 61,
72, 39, 54,
71, -42, 80,
99, 19, 61,
109, 26, 34,
133, 19, 40,
111, 13, 27,
90, -15, 67,
104, 42, 71,
90, 19, 72,
90, 26, 120,
56, 27, 89,
100, 30, 101,
83, 42, 67,
155, 31, 27,
97, 23, 83,
80, 39, 80,
73, -43, 29,
88, -12, 35,
81, 9, 93,
70, -13, 85,
133, 27, 124,
145, 64, 95,
115, 48, 42,
103, 22, 38,
55, 51, 74,
103, -24, 89,
66, 14, 104,
88, 38, 41,
64, -29, -236,
84, 2, 40,
123, 56, 56,
88, 41, 79,
107, 77, 16,
124, 38, 69,
61, 25, 57,
63, 5, 53,
140, 19, 78,
82, -5, 37,
100, -8, 55,
100, 28, 21,
112, -6, 32,
100, 52, 42,
72, 64, 74,
71, 26, -40,
96, 25, 110,
71, -9, 66,
101, 63, 81,
78, 4, 23,
15, 0, 77,
132, 28, -7,
98, -23, 61,
134, 69, 75,
151, 47, 81,
69, 44, 37,
74, 1, 87,
116, -5, 68,
113, 39, 83,
104, 0, 58,
66, 1, 89,
37, 55, 63,
111, -1, 47,
118, -1, 110,
51, 45, 101,
84, 45, 29,
86, 0, 70,
68, 30, 62,
106, 27, 38,
84, 26, 73,
29, 35, 99,
45, 41, 36,
66, 11, 55,
88, 24, 103,
70, 50, 50,
131, 21, 107,
77, 67, 31,
94, -36, 48,
82, 51, 71,
103, 28, 52,
93, -13, 1,
68, -15, 77,
149, 15, 52,
57, 20, 50,
94, 22, 74,
115, 61, 62,
99, 35, 79,
83, 19, 80,
129, 20, 52,
48, 20, 45,
55, 63, 60,
101, 30, 76,
61, 28, 14,
67, 15, -34,
69, -2, 49,
87, 40, 50,
134, 71, 39,
59, 80, 67,
81, 9, 79,
66, 67, 58,
95, 36, 60,
98, 22, 81,
76, 32, 45,
120, 15, 30,
72, 9, 42,
60, 35, 30,
131, 34, 96,
87, 41, 104,
62, 20, 34,
108, 15, 65,
125, -24, 69,
94, 70, 103,
115, 63, 69,
128, 12, 77,
87, 4, 96,
85, 47, -1,
95, 41, 75,
39, 47, -22,
90, -11, 53,
89, 55, 6,
114, 70, 75,
112, 21, -11,
68, 25, 76,
75, 26, 102,
139, 45, 46,
83, 10, 83,
59, 36, 69,
91, 11, 66,
108, 0, 55,
88, -5, -4,
61, 0, 42,
100, 9, 26,
65, -19, -1,
97, 19, 61,
82, 24, 50,
62, 13, 49,
107, 31, 84,
70, 7, 42,
91, 3, 51,
144, 47, 106,
88, 41, 83,
108, 29, 70,
78, 0, 87,
101, 19, 58,
105, -7, 97,
135, -1, 35,
100, 48, 44,
94, 13, 17,
115, 10, 88,
78, -2, 46,
58, -4, 67,
77, 36, 65,
83, 6, 66,
114, 10, 33,
67, -2, 57,
67, 45, 67,
94, 40, 46,
95, 34, 60,
122, 31, 68,
105, 20, 86,
85, -10, 61,
120, 55, 103,
72, 29, 58,
102, 25, 65,
139, 65, 114,
120, 27, 49,
108, 14, 8,
80, -43, 46,
65, 38, 83,
111, 42, 46,
91, 57, 89,
89, 19, 55,
29, 57, 27,
156, 39, 66,
90, -13, -2,
121, -29, 39,
102, 35, -2,
68, 61, 19,
63, 0, 35,
99, -20, 50,
118, 38, 73,
123, 5, 79,
99, -12, 40,
114, 26, 90,
82, 5, 69,
97, 33, 47,
124, -15, -11,
82, 29, 39,
86, 21, 120,
86, 18, 39,
134, 24, 48,
86, 34, 51,
137, 27, 65,
98, -9, 90,
67, 19, 30,
104, 36, 104,
74, 29, 78,
85, 37, 64,
78, 36, 30,
70, -11, 35,
168, 35, 102,
119, 52, 78,
78, 6, 57,
100, 7, 43,
69, 41, 66,
97, 28, 53,
132, 60, 38,
88, 14, 12,
106, 29, 98,
75, 24, 103,
106, 27, 12,
82, 27, 81,
94, 38, 80,
68, 33, 54,
100, 23, 51,
101, 43, 39,
98, 10, 22,
98, 59, 104,
58, 17, 45,
90, 66, 83,
67, 73, 60,
115, 35, 31,
113, -27, 81,
107, 44, 66,
82, 5, 50,
98, -16, 19,
113, 20, 32,
118, -7, 45,
98, -5, 72,
72, 30, 81,
118, 50, 66,
113, 55, 61,
88, 2, 81,
117, -15, 62,
93, -33, 27,
119, 61, 64,
82, -11, 79,
102, 25, 86,
65, 41, 61,
105, 40, 38,
109, -15, 36,
74, -28, 37,
91, 0, 22,
104, 62, 99,
99, 17, 53,
105, 56, 37,
91, 70, 57,
82, 29, 114,
106, 41, 64,
130, 61, 82,
88, -8, 87,
59, 15, 77,
98, -17, 53,
86, 33, 51,
75, -11, 77,
129, 17, 67,
86, 28, 59,
83, 45, 7,
58, 52, 48,
124, 36, 74,
113, 15, 50,
131, 27, 43,
87, -3, 42,
100, 47, 17,
125, 23, 38,
80, 6, 24,
107, 37, 68,
93, 38, 38,
88, -15, 62,
133, 32, 66,
91, 49, 44,
88, -7, 79,
50, -12, 59,
64, 11, 66,
132, 23, 45,
124, -12, 64,
85, -13, 27,
123, 7, 92,
89, 14, 60,
94, 33, 102,
101, 27, 55,
114, 49, 102,
75, -69, 20,
60, 47, 95,
101, 53, 51,
121, 11, 67,
51, 31, 58,
83, -2, 73,
90, 19, 77,
91, 0, 95,
96, 33, 68,
127, -12, 67,
39, 31, 84,
116, 12, 30,
76, 31, 66,
69, 35, 42,
65, -9, -13,
110, -13, 33,
109, 11, 55,
106, 61, 51,
76, 73, 66,
159, 31, 114,
137, 41, 49,
118, 9, 50,
95, 43, 60,
95, 19, 58,
81, 23, 61,
104, 29, 72,
145, 22, 55,
105, 16, 70,
71, 23, 37,
34, 5, 43,
140, 25, 60,
118, -7, 91,
70, -1, 55,
157, 30, 95,
92, 19, 24,
102, 15, 99,
146, 34, 88,
120, -9, 35,
95, 20, 44,
92, 26, 63,
88, 52, 84,
128, 88, 43,
97, 63, 76,
53, -9, 0,
35, -1, 82,
68, -24, 105,
108, 52, 40,
106, 17, 80,
115, 4, 41,
90, -11, 50,
124, 20, 48,
60, -5, 128,
81, 64, 113,
62, 28, 52,
73, 21, 62,
124, 26, 42,
153, 37, 158,
74, 18, 70,
112, 38, 18,
107, 48, 108,
79, 42, 64,
113, 55, 84,
42, 27, 69,
109, 45, 66,
80, -2, 45,
120, 32, 102,
30, -6, 11,
123, 70, 84,
110, 30, 16,
85, 24, 53,
148, 63, 79,
135, 11, 71,
117, 22, 105,
116, 29, 69,
26, 30, 31,
116, 27, 76,
119, 8, 41,
94, -10, 50,
94, 44, -13,
63, -2, 104,
33, -24, 60,
85, 24, 26,
64, 26, 35,
50, 31, 79,
96, 39, 81,
104, -3, 50,
124, 13, 60,
88, 27, 64,
130, 47, 43,
109, 31, 61,
108, 42, 20,
99, 21, 17,
95, -23, 55,
77, -5, 76,
109, 47, 39,
131, 5, 116,
82, 54, 67,
80, 42, 59,
79, 55, 93,
78, 37, 56,
96, 9, 60,
101, 26, 110,
35, 19, 71,
111, 14, 86,
66, 24, 68,
110, 6, 88,
65, 29, 88,
142, -20, 110,
121, 58, 75,
113, 46, 23,
123, 40, 44,
92, -8, 54,
65, 20, 31,
104, 5, 159,
113, 21, 44,
128, 47, 48,
97, 61, 57,
116, 51, 109,
97, 48, 45,
84, -10, 49,
101, 58, 73,
45, -10, 35,
91, 70, -6,
111, 31, 125,
116, 30, 39,
80, 7, 62,
99, 23, 54,
70, 10, 66,
106, 19, 90,
62, 11, 26,
134, -24, -5,
160, 13, 29,
72, 16, 49,
98, 42, 31,
79, 34, 83,
76, 211, 61,
82, 29, 12,
70, 0, 19,
57, 57, 8,
126, -18, 42,
143, 33, 30,
114, 71, 96,
102, 2, 79,
118, 56, 146,
129, 21, 43,
63, 51, 82,
117, 31, 85,
95, 8, 23,
96, 35, 55,
137, 20, 51,
155, 73, 95,
61, -1, 67,
129, 8, 47,
64, -23, 33,
85, 6, 40,
137, 10, 12,
115, 44, 125,
122, 24, 53,
85, 42, 94,
120, 8, 75,
93, -6, 73,
108, 55, 40,
72, -2, 100,
71, 20, 79,
83, 32, 65,
90, 39, 43,
87, 22, 27,
102, 51, 49,
114, 42, 96,
85, -14, 38,
65, 23, 49,
92, 24, 94,
125, 26, 97,
92, 57, 48,
82, 5, 76,
39, -3, 78,
124, 25, 50,
137, 71, 82,
60, 49, 23,
101, 14, 41,
87, -7, 91,
91, 19, 53,
82, 38, 103,
69, 2, 78,
46, 19, 74,
89, 61, 70,
82, 42, 68,
96, 60, 59,
105, 50, 35,
89, 119, 52,
109, -26, 47,
68, 61, 64,
95, 31, 82,
136, 93, 87,
95, 17, -4,
74, 51, 28,
95, 50, 93,
108, 51, 64,
48, -10, 64,
94, -11, 49,
51, 39, 27,
102, 0, 100,
63, -16, 51,
50, 23, 17,
42, 53, 3,
85, 24, 23,
81, 42, 114,
86, 36, 15,
112, 39, 74,
56, 19, -14,
122, 34, 59,
68, -44, -10,
106, 46, 53,
146, 10, 101,
101, 37, 103,
87, 17, 92,
134, 54, 95,
104, 24, 42,
129, 15, 95,
125, 33, 59,
81, 3, 25,
75, 64, 57,
127, 48, 61,
105, 56, 72,
106, 253, 72,
101, 2, 76,
101, 47, 45,
161, 18, 55,
64, 0, 54,
61, 80, 83,
150, 11, 109,
62, 18, 47,
100, 44, 94,
58, 32, 48,
118, 14, 75,
89, 8, 99,
69, 23, 10,
85, -26, 69,
75, -39, 82,
98, 26, 63,
103, -1, 43,
116, 31, 7,
130, 14, 76,
87, 76, 107,
60, 11, 75,
100, 2, 38,
39, -15, 32,
70, 27, 18,
124, 25, 61,
85, 26, 41,
87, 26, 87,
84, 15, 84,
83, 69, 53,
124, 66, 51,
71, 21, 34,
75, 11, 107,
107, -27, 63,
107, 42, 112,
88, 21, 39,
99, 50, 51,
171, 41, 94,
107, 39, 14,
79, 43, 8,
129, -20, 71,
67, 20, 28,
148, 28, 70,
158, 109, 123,
119, 59, 42,
101, 54, 76,
130, 29, 43,
56, -24, 32,
89, 33, 4,
112, 24, 64,
95, 52, 69,
147, 67, 94,
74, 37, 57,
100, 27, 124,
66, 31, 82,
106, 82, 23,
60, 36, 40,
88, 19, 34,
88, 43, 111,
105, 9, 102,
152, 40, 94,
104, 13, 55,
80, 58, 23,
135, 44, 102,
124, -5, 57,
71, 51, 59,
59, 31, -4,
130, 55, 58,
90, 22, 11,
73, 9, 35,
128, 33, 55,
109, 41, 45,
46, 12, -4,
129, 25, 74,
107, -6, 72,
102, 33, 74,
126, 27, 37,
130, -14, 82,
85, 11, 58,
125, 14, 55,
75, 6, 56,
92, 49, 41,
98, 7, 65,
121, -26, 87,
144, 46, 92,
35, -13, 54,
101, -10, 47,
82, -9, 1,
123, 20, 37,
86, 7, 35,
99, 54, 70,
85, 30, 62,
103, -9, 71,
107, 41, 62,
88, 20, 99,
91, 61, 62,
103, 25, 41,
100, 9, 86,
115, 34, 52,
83, 22, 51,
102, 48, 60,
88, 0, 45,
82, 15, 70,
73, 28, 62,
107, 11, 95,
117, 26, 68,
88, -11, 102,
78, 18, 94,
137, 15, 33,
90, 26, 110,
88, -20, 30,
58, 36, 49,
89, 56, 34,
46, 30, 2,
108, 39, 95,
66, 51, 55,
68, 46, 53,
83, -252, 42,
90, -19, 41,
97, 25, 27,
106, 35, 69,
130, 17, 93,
111, 59, 43,
128, 22, 85,
105, 32, 31,
102, -22, 72,
74, 19, 108,
129, -32, 23,
-15, 26, 21,
143, 31, 108,
77, 12, 81,
122, 1, 28,
98, -1, 92,
72, -8, 90,
116, 18, 64,
83, 18, 41,
63, 33, 59,
112, 28, 70,
114, -7, 47,
131, 32, 89,
94, 34, 17,
96, 16, 46,
132, 13, 39,
124, 43, 81,
140, 38, 43,
124, 82, 36,
38, 18, 92,
89, 45, 56,
110, 79, 103,
117, 65, 97,
68, 50, 60,
131, 36, 25,
114, 32, 81,
132, 20, 44,
144, 26, 42,
115, 1, 32,
69, -28, 29,
97, 45, 69,
82, 16, 66,
114, 42, 97,
89, 19, 43,
138, 60, 53,
90, -5, 69,
123, 44, 66,
146, 40, 72,
103, 42, 36,
73, 32, 96,
45, 36, 71,
114, 55, 122,
106, -15, 70,
156, 29, 55,
61, 6, 32,
75, 7, 65,
69, 42, 60,
100, 2, 40,
72, 76, -3,
70, 40, 70,
59, 17, 35,
93, 25, 34,
96, 10, 27,
117, 35, 50,
122, 37, 95,
89, -15, 30,
76, -10, 63,
73, 47, 88,
92, 55, 98,
63, 12, 45,
73, 2, 5,
88, -1, 8,
80, 12, 7,
89, 55, 87,
51, -4, 96,
118, 25, 113,
58, 16, -29,
144, 21, -238,
122, 8, 12,
137, 17, 57,
117, 11, 37,
53, 27, 97,
111, 19, 113,
72, -34, -23,
122, 46, 86,
45, 21, 18,
117, 28, 121,
70, 15, 15,
64, 15, 59,
112, 11, 18,
69, -18, 80,
110, 27, 84,
93, -12, 54,
145, 0, 109,
99, -1, 104,
96, 0, 51,
122, 9, 61,
67, 78, 133,
81, 15, 48,
61, 15, 61,
94, 22, 61,
57, 47, 20,
142, 37, 62,
98, -1, 37,
73, 3, 73,
108, -33, 45,
74, 14, 87,
127, 49, 61,
49, 50, 40,
101, 8, 39,
94, 37, 41,
101, -3, 60,
104, 18, -2,
89, -5, 51,
59, 26, 112,
91, 33, 58,
74, 21, 48,
85, -25, 80,
114, 68, 44,
95, 25, 72,
70, 14, 85,
171, 45, 57,
77, 22, 71,
132, 14, 93,
82, 70, 56,
119, 16, 65,
115, -40, 40,
82, 30, 38,
138, 40, -4,
112, 48, 39,
86, 11, 60,
104, 21, 80,
104, 76, 37,
102, 32, 91,
81, 42, 78,
107, 5, 21,
79, 13, 76,
120, 23, 63,
109, 48, 55,
92, -86, 39,
109, 18, 80,
59, 44, 26,
103, 21, 57,
95, 17, 72,
74, 27, 91,
101, 27, 44,
53, 45, 60,
125, 13, 71,
102, 10, 26,
78, 24, 53,
113, 4, 50,
103, 52, 71,
126, 34, 48,
109, 24, 28,
82, 21, 81,
111, 60, 89,
104, -3, 81,
104, 22, 56,
72, -15, 53,
155, 35, 68,
101, -13, 50,
115, 21, 39,
80, 27, 40,
106, 26, 57,
89, 34, 62,
77, 45, 93,
70, 30, 88,
139, -10, 88,
117, -25, 61,
92, 15, 0,
69, 51, 63,
106, -3, 111,
104, 46, 46,
120, 10, 89,
105, 39, 32,
124, 22, 43,
139, 50, 76,
55, 15, 25,
78, -24, 107,
114, 36, 61,
93, -4, 71,
108, 8, 78,
94, 5, 2,
69, 30, 67,
83, 45, 68,
112, 26, 18,
68, 62, 83,
66, 18, -4,
77, 9, 40,
122, 87, 33,
116, 44, 121,
81, 48, 0,
90, 30, 55,
90, 10, 80,
66, -47, 44,
94, 10, 36,
69, 9, 57,
123, 10, 60,
99, 0, 105,
162, 31, 48,
136, 37, 103,
109, 34, 71,
98, 39, 63,
87, 17, 15,
93, 20, 140,
117, 56, 59,
91, 10, 75,
86, 4, 109,
93, 8, 81,
116, 34, 29,
123, 25, 90,
145, 54, 64,
115, 23, -27,
111, 35, 69,
124, 45, 77,
75, 60, 75,
50, 53, 41,
68, 22, 51,
108, 12, 15,
120, 19, 20,
65, 59, 60,
76, 33, 44,
82, 7, 66,
56, 70, 23,
93, 37, 49,
82, 19, 17,
91, 36, 50,
75, 32, 102,
133, 12, 51,
28, 10, 24,
71, 7, 50,
75, 55, 42,
101, 49, 30,
114, 5, 101,
111, 19, 39,
98, 4, 75,
61, 28, 62,
73, 42, 28,
107, 69, 72,
74, 14, 19,
72, 30, 44,
93, 1, 70,
103, 55, 110,
50, 43, 103,
111, 5, 60,
104, 5, 63,
62, 8, 56,
48, 30, 58,
71, 34, 18,
113, 71, 106,
152, -14, 44,
125, 36, 78,
117, 39, 56,
76, 4, 51,
45, -3, 84,
117, 23, 48,
110, 26, 37,
67, 17, 65,
114, -8, 63,
54, 22, 120,
82, 23, 118,
70, 1, 83,
53, 18, 64,
119, 30, 81,
83, 21, 18,
57, 57, 56,
101, 63, 105,
110, 39, 47,
83, 58, 66,
103, 50, 81,
56, 15, 89,
110, 9, 54,
132, 80, 85,
83, 31, 44,
91, 14, 80,
63, 15, 14,
48, 13, 59,
112, 36, 95,
90, 34, 27,
102, 7, 5,
122, 18, 50,
78, 28, 141,
120, 3, 42,
92, 28, 47,
66, 2, 79,
119, 5, 37,
62, 69, 54,
53, 28, 33,
64, 4, 95,
119, 3, 92,
77, 45, 78,
103, 45, 39,
136, 36, 40,
121, 46, 64,
54, 55, 82,
79, 24, 73,
93, 26, 53,
68, -17, 21,
128, 14, 29,
118, 1, 40,
103, -6, 62,
141, 61, 72,
69, -10, 53,
104, 30, 7,
102, 49, 120,
80, 57, 99,
108, 48, 74,
119, 47, 45,
151, -3, 41,
83, 38, 27,
107, 50, 74,
77, 35, 52,
62, -1, 33,
85, 35, 87,
119, 54, 50,
62, 3, 71,
75, 62, 85,
64, 56, 43,
148, 20, 80,
111, -3, 67,
120, 41, 132,
81, 51, 87,
104, 44, 41,
108, 39, 53,
129, -1, 61,
120, -2, 61,
86, 7, 135,
112, 5, 59,
134, 27, 88,
144, 2, -4,
117, 56, 41,
104, 42, 24,
86, 20, 78,
63, 47, 58,
86, 18, 43,
51, 29, 77,
71, 40, 125,
85, 15, 61,
90, 27, 17,
50, 29, 56,
130, 8, 57,
77, 23, 71,
131, 22, 47,
79, 49, 55,
92, 27, 32,
73, -9, 66,
99, 45, 100,
111, 34, 65,
100, 22, 73,
86, 29, 68,
151, 70, 81,
78, 28, 88,
76, 30, 42,
48, 16, 35,
150, 60, 83,
153, 21, 57,
119, 60, 32,
134, 63, 87,
110, 40, 66,
131, 17, 69,
109, 31, 146,
89, -4, 79,
114, 25, 27,
71, 41, 26,
138, 61, 51,
90, 2, 61,
67, 14, 45,
140, 74, 78,
72, 17, 48,
107, 65, 114,
123, 45, 47,
72, -19, 38,
97, 21, 79,
73, -5, 75,
18, 37, 79,
85, 39, 127,
131, 64, 90,
100, -13, 85,
85, 40, 32,
129, 0, 96,
48, 61, 55,
105, -3, 97,
69, -14, 82,
85, 21, 28,
52, 19, 97,
83, 49, 65,
47, -18, 22,
94, -21, 19,
79, -3, 46,
45, 25, 82,
123, 54, 98,
94, 13, 92,
99, 4, 32,
57, -4, 55,
64, -22, 81,
82, 61, 83,
87, -12, 65,
100, 16, 102,
132, 10, 19,
122, 24, 12,
56, 0, 41,
144, 43, 64,
116, 28, 51,
66, 48, 40,
101, 60, 86,
110, 69, 76,
138, 2, 77,
90, -9, 23,
76, 62, 34,
88, -11, 4,
95, -11, 51,
103, 44, 68,
117, 30, 50,
54, -6, 66,
86, 25, 58,
102, -10, 38,
111, 15, 59,
97, 1, 99,
139, -7, 65,
68, 23, 8,
108, -8, 55,
73, 2, 17,
106, 17, 47,
92, 66, 61,
63, 7, 29,
78, -26, 90,
128, 49, 52,
93, -4, 76,
114, 43, 63,
89, 14, 67,
88, 18, 113,
106, 56, 96,
86, -4, 68,
72, -5, 37,
134, 73, 73,
85, 27, 60,
91, 21, 56,
71, -226, 58,
98, 14, 98,
94, 27, 53,
108, 23, 91,
111, 32, 52,
106, 25, 42,
104, 50, 57,
123, 76, 62,
135, 46, 48,
84, 51, -28,
84, 68, 47,
91, -36, 25,
105, 49, 56,
105, 2, 82,
103, 11, 52,
102, -31, 36,
67, -1, 58,
117, -5, 56,
83, 66, 40,
121, 12, 105,
107, -12, 47,
110, -19, 67,
103, 29, 64,
155, 30, 58,
98, 28, 54,
74, 24, 69,
97, 5, 12,
117, 11, 54,
95, -16, 71,
151, 1, 47,
105, 21, 72,
100, 18, 64,
113, 13, 52,
135, 24, 72,
97, -21, 106,
92, 23, 43,
131, 44, 99,
79, 23, 85,
88, 22, 25,
123, 85, 94,
117, 86, 42,
72, 23, 86,
94, 18, 60,
71, 47, 49,
131, 80, 81,
114, 30, 76,
74, 39, 11,
134, -6, 68,
88, 18, 63,
108, 23, 39,
96, 37, 90,
111, 20, 71,
105, 35, 76,
135, 16, 32,
146, 30, 82,
111, -18, 100,
86, -1, 29,
115, -21, 41,
85, 255, 37,
120, 32, 37,
114, 8, 7,
167, 14, 70,
114, 23, 55,
109, -7, 87,
130, -10, 84,
87, -1, 61,
102, 7, 52,
149, 53, 85,
35, 30, 45,
113, 18, 73,
92, 38, 104,
45, 5, 43,
120, 39, 33,
179, 34, 41,
85, 6, 52,
84, 8, 93,
122, 16, 40,
86, 4, 67,
128, 65, 109,
110, 17, 64,
112, 33, 91,
94, -12, 27,
97, 35, 27,
88, 56, 60,
103, 37, 64,
123, -48, 55,
73, 58, 106,
70, -5, 75,
98, 33, -2,
58, -20, 68,
99, -20, 89,
106, 50, 25,
136, 47, 58,
81, 37, 57,
78, 20, 87,
110, 41, 61,
66, 9, 56,
126, 42, 66,
75, 75, 86,
135, 37, 108,
84, 58, 71,
110, 18, 101,
112, 51, 102,
105, -11, 54,
115, -31, 42,
111, -14, -18,
89, 22, 54,
99, 56, 61,
66, 1, 52,
108, -6, 27,
133, 68, 35,
97, 73, 35,
116, -13, 63,
60, -18, 95,
72, 44, 47,
94, 30, 108,
68, 26, 30,
83, 39, 57,
83, 22, 60,
118, -36, 55,
89, 27, 102,
99, 49, 109,
105, 28, 30,
114, 36, 88,
71, -56, 51,
41, 9, 70,
79, 11, 30,
60, 31, 54,
73, 18, 74,
130, 47, 44,
84, 47, 25,
110, 33, 83,
116, 63, 103,
14, 16, 66,
105, -7, 46,
50, 20, 58,
124, 71, 118,
150, 15, 153,
91, 32, 36,
93, 28, 12,
129, 50, 107,
118, 65, 94,
124, 4, 68,
101, 51, 90,
71, 36, 60,
92, 74, 59,
96, 36, 63,
104, -14, 58,
71, 51, 117,
102, 2, 39,
109, 16, 54,
128, 42, 92,
105, 8, 81,
113, 42, 45,
96, 69, 80,
133, 77, 91,
96, 30, 42,
93, 46, 25,
96, 8, 26,
62, 1, 60,
126, 37, 96,
111, 49, 68,
98, -20, 34,
193, 59, 74,
124, 46, 83,
86, 24, 91,
115, -4, 82,
111, 48, 91,
117, 12, 48,
169, 47, 48,
89, 25, 99,
107, 11, 71,
88, 13, 70,
80, 46, 78,
134, 30, 89,
81, 41, 88,
107, 46, 103,
47, 38, 31,
117, -24, 51,
128, 32, 12,
106, 58, 130,
67, 12, -11,
101, 26, 100,
71, 45, 65,
115, 60, 35,
72, 2, 40,
85, -6, 39,
87, -17, 52,
103, 104, 45,
115, -23, 119,
82, -7, 76,
130, 13, 56,
35, -14, 47,
108, 36, 119,
97, 26, 12,
108, 29, 46,
107, 30, 78,
113, 6, 86,
82, 38, 82,
99, 44, 77,
91, 41, 51,
88, 22, 15,
90, 32, 2,
127, 60, 85,
151, 21, 66,
84, 9, 69,
76, 51, 49,
72, 5, 61,
107, 15, 138,
100, 18, 62,
70, 26, 50,
78, 51, 18,
51, -1, 56,
123, 9, 27,
89, 2, 41,
68, 33, 63,
85, -6, 61,
122, 23, 18,
87, 51, 43,
65, -20, 119,
86, 48, -3,
111, -32, 34,
147, 49, 56,
108, 28, 63,
104, 25, 42,
25, 3, 61,
85, 46, 73,
131, 62, 95,
99, 11, 63,
107, 31, 67,
76, 21, 43,
74, 27, 24,
103, 36, 31,
82, 39, 62,
110, 4, 31,
95, 26, 114,
80, 18, 74,
92, 47, 4,
85, 23, 39,
114, 34, 63,
86, 10, 94,
38, -10, 60,
76, 71, 25,
68, 27, 33,
75, 40, 48,
68, 51, 37,
66, -1, 67,
88, 9, 89,
114, 34, 105,
117, 56, 58,
105, 9, 54,
87, 8, 40,
100, 22, 9,
103, 59, 26,
112, 24, 43,
69, 35, 39,
90, 54, 15,
71, 59, 109,
123, 10, 45,
77, -21, 123,
73, 54, 73,
78, 32, 58,
150, 38, 108,
97, 9, 108,
96, 44, 89,
94, 21, 63,
129, -22, 105,
79, 32, 75,
81, -36, 44,
119, 20, 61,
145, 43, 28,
121, 66, 54,
83, 29, 77,
75, -14, 26,
51, 34, 42,
105, 33, -31,
179, 33, 61,
126, 40, 62,
89, 38, -34,
92, 8, 40,
79, -29, 23,
99, 21, 54,
134, 26, 29,
99, 29, 71,
67, 12, 29,
97, 22, 67,
89, -17, 70,
121, 16, 78,
47, -7, 93,
119, 22, 58,
113, 55, 61,
61, 4, 59,
163, 44, 41,
95, 62, 60,
119, 5, 51,
95, -10, -10,
128, 38, -5,
83, 55, 7,
127, 46, 134,
58, -5, 57,
79, 4, -22,
91, 22, 75,
110, -6, 75,
105, 42, 129,
75, 7, 65,
115, 11, 67,
99, 8, 22,
95, 33, 54,
110, -8, 59,
105, 43, 100,
57, 4, 83,
98, 13, 32,
131, 8, 76,
44, 14, 69,
145, 44, 105,
65, -13, 83,
93, 54, 71,
71, 3, 75,
142, 31, 21,
99, -7, 103,
95, 9, 53,
102, 22, 69,
107, 75, 144,
65, 34, 98,
106, 62, 106,
93, 48, 96,
93, -10, 55,
95, 7, 62,
75, 1, 44,
76, -19, 64,
92, 20, 33,
69, -3, 68,
87, 8, 65,
95, 41, 47,
114, 30, 108,
73, 17, 49,
83, 20, 84,
145, 35, 59,
95, -7, 101,
91, 18, 44,
50, 18, 42,
123, 30, 73,
78, 14, 39,
92, 36, 94,
111, 33, 11,
115, -11, -7,
86, 23, 28,
125, 37, 71,
60, -47, 54,
114, 8, 83,
76, 6, 67,
117, 37, 85,
77, 45, 59,
129, 27, 102,
74, 23, 100,
99, -9, 57,
94, 16, 87,
108, 67, 47,
41, 0, 29,
94, 9, 9,
124, 14, 77,
87, 41, 60,
104, 19, 63,
100, 4, 20,
103, 21, 86,
99, -8, 60,
59, 20, 26,
113, -4, 61,
62, 44, 35,
100, 3, 30,
65, 71, 88,
126, 18, 38,
94, 3, 31,
124, 5, 18,
104, 52, 55,
128, 30, 103,
124, 45, 83,
122, 13, 60,
108, 85, 9,
118, -240, 21,
96, -24, 51,
82, 54, 30,
92, 32, 7,
126, -4, 86,
103, 10, 36,
77, 13, 44,
63, 31, 54,
93, 20, 33,
91, 34, 116,
100, 26, 57,
120, 6, 65,
103, -6, 35,
119, 24, 78,
61, 45, 79,
63, 17, 110,
128, 39, 92,
66, 47, 61,
91, 31, 42,
132, 55, 60,
107, 7, 84,
108, -34, 31,
109, 61, 95,
94, 25, 54,
132, 28, 67,
132, -25, 49,
121, -30, 99,
112, 1, 78,
89, 41, 112,
135, 32, 76,
108, -6, 57,
102, -11, 72,
116, 5, 115,
91, 67, 95,
87, 10, 42,
76, 21, 20,
130, 13, 41,
100, 12, 35,
108, 42, 100,
107, 1, 56,
29, 2, 55,
58, -3, 88,
46, 39, 45,
110, 31, 30,
113, 55, 86,
40, -34, 75,
148, 25, 47,
75, 15, 79,
118, 8, 31,
68, 32, -5,
37, 54, 59,
104, 26, 61,
125, -17, 91,
65, -4, 54,
111, 16, 52,
47, -19, 45,
112, 28, 53,
111, 77, 42,
114, 60, 68,
91, 41, 86,
152, 24, 105,
94, -27, 67,
121, -6, 82,
81, 40, 97,
102, 25, 55,
91, 3, 34,
129, 34, 91,
96, 7, 62,
134, 6, 76,
67, -12, 16,
127, 60, 60,
117, -52, 114,
121, 20, 24,
96, 3, 103,
112, 24, 74,
110, 27, 60,
108, 43, 72,
110, 35, 86,
82, 50, 32,
123, 6, 31,
85, 16, 39,
97, 31, 60,
105, 29, 83,
90, 16, 35,
104, 44, 58,
84, 5, 71,
99, 72, 91,
82, 1, 43,
74, -18, 69,
98, 252, 47,
83, 30, 40,
111, 85, 96,
120, -3, 103,
123, 62, 54,
87, -13, 108,
85, 10, 17,
91, 50, 52,
89, 16, 36,
101, 37, 42,
110, 35, 49,
107, 42, 91,
83, 40, 87,
80, 21, 47,
116, 47, 51,
100, 58, 67,
119, -6, 63,
93, 60, 57,
135, 60, 41,
99, 19, 43,
93, 16, -12,
94, -3, 103,
71, 31, 45,
131, 21, 23,
101, 47, 51,
100, 28, 102,
121, 34, 81,
133, -3, 89,
99, 26, 87,
84, -38, 57,
109, -50, 78,
73, -35, 71,
61, 51, 78,
77, 15, 62,
63, 37, 44,
95, 59, 63,
77, 10, 57,
180, 61, 33,
115, 60, 79,
124, 1, 84,
113, -11, 79,
84, 1, 81,
125, 16, 52,
73, 13, 87,
118, 8, 56,
77, 18, 89,
115, 42, 28,
70, 46, 19,
69, -9, 31,
94, 22, 74,
101, -10, 68,
107, 6, 78,
84, 19, 39,
99, 72, 86,
110, 37, 46,
94, -16, 61,
137, 35, 84,
84, 9, 16,
47, 3, 91,
58, 10, 102,
72, 31, 85,
108, -28, 80,
123, 18, 31,
137, 46, 116,
139, 48, 34,
86, 6, 137,
89, 17, -5,
113, 81, 55,
74, 44, 41,
102, 35, 46,
31, 15, 84,
95, 10, 87,
133, 25, 44,
158, 15, 112,
134, 36, 21,
70, 25, 50,
98, 26, 68,
123, 13, 60,
65, -27, 30,
31, -9, -2,
91, 5, 59,
138, 13, 37,
83, 23, 62,
121, 11, 52,
91, 50, 62,
98, 2, 50,
105, 13, 69,
91, 10, 57,
69, 26, -1,
113, -15, 71,
86, 30, 72,
67, 56, 49,
92, -31, 12,
83, 27, 57,
116, 46, 44,
121, 42, 118,
99, 5, 26,
130, 41, 42,
155, 49, 73,
83, 13, 61,
114, 31, 117,
68, 25, 111,
65, -16, 68,
89, 28, 27,
109, 53, 72,
90, 0, 94,
82, -20, 75,
98, 35, 21,
143, 21, 104,
129, 7, 99,
46, 21, 53,
104, 19, 54,
87, 10, 65,
87, 30, 78,
112, 9, 52,
121, 17, 56,
79, 31, 68,
54, -9, 65,
93, -4, 5,
101, 3, 37,
119, 21, 91,
81, 29, 60,
64, 8, 89,
58, 70, 28,
129, 53, 28,
137, 43, 105,
131, 27, -4,
79, 0, 120,
99, 11, 29,
81, 47, 69,
80, 40, 31,
112, 22, 63,
78, 51, 103,
54, 41, 30,
82, 9, 69,
128, 3, 76,
71, 37, 22,
98, 30, 62,
90, -44, 24,
83, -3, 51,
118, 19, 81,
89, 45, 73,
117, 21, 103,
133, 25, 63,
111, 33, 61,
88, 35, -30,
107, 47, 73,
90, 16, 61,
102, 46, 71,
123, 30, 98,
109, 18, 109,
63, 28, 73,
100, 10, 37,
81, 3, 28,
129, 50, 62,
126, 31, 133,
99, 4, 62,
56, 16, 50,
93, 60, 18,
67, -25, 51,
109, -23, -3,
84, 40, 104,
100, 43, 126,
68, -10, 33,
144, 9, 58,
114, -21, 91,
111, 19, 103,
80, -27, 13,
109, 49, 54,
39, 0, 40,
111, 14, 63,
185, 55, 26,
96, 3, 86,
97, 39, 56,
103, 10, 73,
65, -41, 72,
125, 15, 84,
87, 44, 81,
80, 32, 38,
156, 52, 77,
110, 69, 49,
79, 18, 36,
89, -1, 58,
149, 56, 57,
88, 31, 40,
106, 38, 31,
134, 12, 71,
75, -7, 42,
119, -10, 55,
78, 9, 74,
69, -2, 75,
57, 31, 11,
105, 76, 119,
82, 20, 38,
72, 53, 30,
111, 16, 43,
75, 20, 74,
134, -12, 5,
138, 41, 54,
116, -34, 28,
121, 61, 88,
139, 36, 55,
117, 31, 14,
125, 50, 92,
109, -21, 49,
71, 8, 76,
114, 49, 93,
108, 24, 74,
127, 37, 34,
105, -22, 120,
53, 18, 86,
143, 21, 28,
76, 23, 44,
77, -10, 71,
84, 7, 26,
67, 39, 86,
95, 36, 70,
111, 33, 100,
94, -26, 20,
112, -17, 56,
119, 28, 64,
145, 35, 14,
88, -26, 36,
119, -2, 62,
129, 40, 33,
154, 9, 72,
109, 18, 67,
66, 7, 59,
78, 40, 27,
90, 78, 73,
61, 23, 62,
108, 38, 79,
141, 31, 65,
50, 50, 60,
146, 13, 41,
73, 48, 34,
87, 26, 20,
99, -14, 46,
106, -16, 60,
87, -7, 11,
138, 53, 71,
89, 27, -42,
15, -15, 46,
139, 18, 80,
94, 37, 70,
86, 9, 40,
82, 1, 95,
55, 47, 57,
118, 81, 54,
96, 37, 76,
119, 31, 67,
147, 34, 36,
103, 32, 68,
83, 39, 78,
77, 13, 75,
75, 29, 86,
57, -43, 57,
128, 18, 44,
86, 54, 62,
42, 78, 114,
129, 10, 38,
82, 11, 40,
91, 20, 65,
92, 81, 68,
68, -6, 67,
71, 20, 59,
76, 32, 125,
115, -3, 17,
74, -6, 39,
85, -17, -1,
115, 18, 49,
96, 30, 46,
127, 66, 28,
94, 28, 51,
142, 43, 84,
114, 31, 85,
96, 4, 119,
146, -11, 67,
115, 28, 59,
90, 29, 38,
160, 75, 60,
96, 33, 38,
129, 13, 81,
78, 58, 58,
76, 61, 27,
83, 7, 55,
113, 20, 45,
45, -4, 99,
106, -14, -7,
158, -6, 118,
115, 17, 74,
125, 47, 97,
87, 4, 30,
159, 47, 79,
135, 28, 32,
103, 76, 88,
110, 27, 51,
123, 29, 80,
125, 14, 22,
87, -49, 43,
89, 11, 91,
116, 4, 81,
111, 34, 34,
93, 49, 90,
88, 50, 139,
90, 32, 50,
118, 7, 13,
90, -28, 47,
62, 34, 17,
86, 62, 16,
102, 43, 74,
109, 64, 71,
136, 43, 81,
118, 25, 92,
95, -10, 104,
83, 21, 77,
52, 78, 56,
108, 30, 65,
139, 7, 36,
102, 61, 102,
122, 59, 36,
81, 50, 59,
148, 78, 53,
32, 11, 47,
123, 27, 52,
84, 5, 13,
116, 9, 73,
80, -22, 62,
112, 72, 18,
132, 39, 68,
140, 15, 13,
92, 64, 50,
74, 12, 10,
72, -2, 10,
85, 26, 64,
91, -12, 3,
153, 18, 95,
40, -39, 69,
88, 0, 22,
67, 50, 67,
75, 40, 48,
142, -12, 32,
88, 43, 74,
120, 35, 98,
70, 3, 29,
77, -42, 48,
122, 18, 82,
137, 42, 79,
83, -230, 70,
86, 52, 52,
136, 15, 69,
87, 7, 57,
100, 48, 103,
82, 8, 85,
17, 52, 55,
78, -10, 44,
98, -18, 61,
105, 40, 62,
128, 12, 45,
131, -11, 44,
85, 33, 43,
112, 31, 27,
67, -16, 53,
101, 40, 90,
100, 8, 19,
67, 49, 51,
79, 92, 44,
90, -6, 92,
117, -28, 29,
74, 31, 50,
128, 2, 70,
84, 1, 28,
41, 28, 45,
55, 43, 71,
87, 17, 39,
69, 31, 37,
74, 13, 15,
119, 31, 130,
123, 39, 65,
120, 18, 114,
81, 28, 104,
95, 45, 1,
71, 58, 39,
113, -16, 28,
108, 44, 56,
90, 40, 96,
123, 1, 45,
91, 23, 77,
58, 5, 49,
77, 54, 44,
158, 37, 58,
103, 6, 46,
87, 23, 40,
95, 6, 52,
98, 38, 38,
78, 70, 55,
163, 24, 58,
104, 38, 88,
99, 8, 47,
123, 64, 79,
123, 49, 104,
57, -9, 53,
63, 43, 51,
124, 43, 46,
108, 38, 83,
131, 27, 94,
117, -14, 56,
104, 44, 49,
135, 78, 73,
131, 30, 4,
124, 13, 75,
123, 23, 49,
87, 47, 112,
91, 4, 94,
99, 11, 23,
127, 35, 58,
49, 8, 62,
106, 42, 70,
80, -29, 9,
100, 12, 93,
70, -6, 49,
121, 40, 44,
77, 59, 57,
52, 41, -24,
166, 63, 52,
86, 10, 64,
100, 59, 107,
103, 34, 57,
89, 31, 64,
86, 24, 58,
88, 31, 82,
99, 45, 48,
77, 33, 68,
113, 18, 18,
98, -34, 82,
96, 22, 88,
92, -4, 3,
84, 28, 62,
97, 35, 52,
129, 42, 44,
61, 11, 23,
61, 14, 72,
92, -5, 62,
105, 46, 66,
95, 70, 68,
102, -13, 77,
116, 18, 10,
60, 36, 21,
121, 23, 94,
111, 54, 36,
71, -8, 106,
96, 30, 98,
117, 76, 110,
77, 57, 80,
118, -13, 46,
123, 54, 23,
99, -23, 35,
122, 52, 84,
119, -24, 85,
114, 55, 45,
70, 48, 50,
74, 31, 29,
75, 15, 31,
106, 41, 83,
85, 68, 92,
72, 24, 21,
62, 34, 44,
109, 22, 63,
111, 27, 46,
112, 11, 93,
112, 16, 30,
50, 18, 87,
90, 12, -18,
131, -20, 43,
95, 15, 37,
106, 8, 107,
93, -36, 13,
116, -4, 52,
125, 38, 39,
74, -28, 99,
93, 23, 63,
112, -15, -15,
121, 59, 72,
99, 17, 23,
110, 38, 98,
55, 0, 115,
101, 31, 58,
83, 2, 59,
104, 32, 69,
103, -18, 53,
86, 25, 69,
117, 78, 73,
94, -8, 35,
144, 10, 61,
118, 49, 36,
40, -7, 11,
73, 1, 45,
70, 59, 22,
122, 35, -2,
61, 55, 88,
107, 0, 14,
115, 25, 71,
63, 33, 7,
104, 28, 80,
62, 21, 65,
126, 56, 121,
104, 21, 61,
88, 55, 60,
103, 87, 58,
136, 56, 74,
81, 5, 71,
99, 74, 81,
85, -14, 68,
144, 40, 38,
62, -13, 96,
108, 38, 34,
88, 12, 63,
58, 22, 106,
116, 34, 126,
100, 74, 59,
67, 36, 46,
84, 24, 26,
116, 50, 3,
95, 38, 76,
126, 27, 72,
89, -25, 34,
80, 15, 95,
107, 65, 59,
101, -2, 77,
86, -18, 47,
102, 34, 52,
110, 33, 80,
105, 25, 9,
131, 52, 103,
61, 28, 1,
78, 46, 44,
101, -10, 45,
93, 47, 74,
124, 31, 56,
56, 61, 22,
111, 32, 37,
119, 78, 95,
85, 29, 43,
127, 30, 63,
132, 28, 93,
104, 6, 37,
100, 20, 44,
96, -9, 65,
110, -21, 36,
7, -5, 55,
142, 40, 41,
80, 17, 40,
124, 8, 71,
60, 2, 52,
85, -12, 70,
130, 21, 40,
99, 29, 17,
91, 20, 60,
106, 77, 83,
95, -46, 49,
125, 35, 50,
108, 3, 57,
73, 8, 34,
102, -2, 30,
80, -12, 50,
99, 2, 72,
99, 30, 29,
142, 27, 35,
73, 43, 70,
41, 41, 59,
175, 30, 67,
105, 39, 79,
84, 28, 77,
91, 34, 66,
62, -7, -6,
77, 41, 45,
43, 39, 95,
139, 46, 21,
112, 53, 66,
145, 57, 119,
97, 25, 77,
103, 56, 0,
115, 32, 34,
102, 45, 81,
72, 10, 50,
79, 52, 60,
138, 38, 60,
80, -14, 12,
80, 0, 57,
104, 59, 54,
171, 75, 83,
129, 15, 61,
105, 46, 72,
82, 15, 26,
86, 20, 79,
88, 27, 48,
32, 25, 17,
104, 50, 88,
110, 48, 53,
81, 14, 81,
136, 49, 22,
105, 20, 24,
94, 76, 99,
90, 17, 50,
96, 37, 95,
107, 39, 21,
98, 37, 53,
80, 40, 25,
106, 28, 129,
95, 3, 92,
51, 8, 42,
85, 75, 71,
73, 1, 70,
120, 49, 12,
156, 29, 28,
66, 12, 28,
101, 52, 22,
76, 12, 35,
112, 32, 61,
92, 12, 62,
100, 9, 79,
106, 2, 83,
72, 32, 26,
70, 55, 101,
131, 49, 92,
84, -13, 40,
126, -25, 48,
86, 40, 23,
97, 3, 60,
99, -10, 13,
103, 67, 55,
72, 29, 21,
55, 15, 45,
115, 46, 28,
99, -23, 66,
104, 31, 34,
105, 18, 64,
52, 5, 33,
66, 11, 57,
164, -5, 45,
110, -23, 32,
96, 75, 89,
141, 57, 40,
114, 34, 55,
73, 41, 107,
116, 21, 55,
90, 5, 41,
107, -18, 39,
105, 53, 25,
88, -5, 10,
67, 12, 74,
84, 49, 65,
72, 11, 17,
72, 20, 45,
109, 54, 99,
106, 23, 46,
114, 37, 40,
96, 24, 43,
72, 46, 52,
50, 18, 65,
71, 40, 98,
61, -2, 6,
80, 51, 80,
103, -12, 37,
119, 53, 91,
121, 51, 31,
55, 6, 27,
111, 29, 69,
107, 34, 66,
103, 76, 138,
107, 31, 95,
75, 19, 74,
31, -22, 27,
98, 25, 84,
85, 28, 75,
134, -17, 92,
82, 50, 66,
74, 57, 44,
83, 16, 47,
121, 28, 66,
65, -14, 43,
91, 51, 77,
94, 24, 45,
100, 11, 84,
117, 46, 45,
66, 33, 65,
157, -5, 121,
84, -29, 67,
93, 12, 58,
104, 24, 45,
101, 51, 56,
145, 30, 91,
125, 42, 90,
83, -1, 82,
127, 1, 13,
75, 9, 37,
122, 48, 79,
80, 1, 118,
102, 35, 98,
98, 38, 45,
103, 45, 26,
83, 48, 38,
93, -14, 33,
64, 6, 46,
118, 46, 34,
63, 37, 68,
140, 31, 101,
98, 46, 40,
89, 34, 83,
88, 23, 81,
125, 46, 37,
150, 14, 138,
118, 45, 38,
115, 38, 45,
99, 44, 42,
110, 53, 95,
69, 31, 37,
130, 49, 103,
85, -5, 50,
126, 19, 38,
134, 19, 37,
105, 21, 68,
37, 47, 46,
100, 44, 75,
109, 41, 64,
97, 17, 32,
78, 43, 72,
65, -12, 54,
94, 48, 41,
75, -13, 85,
107, -4, 31,
113, -12, 78,
141, 38, 50,
121, 36, 73,
108, 16, -15,
34, -3, 148,
96, 2, 41,
98, 42, 39,
109, 61, 61,
74, -23, 53,
69, 58, 85,
61, 47, 57,
115, 4, 58,
42, 5, 60,
77, 41, 20,
63, 0, 20,
114, 2, 52,
126, 64, 64,
73, 33, 53,
127, 8, 41,
122, 67, 45,
127, -7, 89,
71, -35, 23,
92, 26, 68,
142, 21, 70,
105, 5, 41,
136, 52, 39,
92, 16, 52,
86, 10, 69,
124, 53, 45,
108, 25, 17,
65, -28, 24,
122, 6, 117,
73, 28, 45,
74, 16, 46,
79, 14, 108,
52, 55, 108,
112, 50, 43,
84, 51, 91,
79, 23, 13,
80, -5, 53,
99, 12, 37,
108, 52, 77,
106, 56, 96,
121, 73, 53,
103, 34, 57,
82, 97, 43,
121, 39, 68,
66, 68, 69,
65, -28, 42,
79, -11, 51,
78, -13, 57,
119, 20, 37,
103, 47, 69,
85, 39, 33,
106, 69, 61,
91, 90, 94,
79, -19, 48,
124, 12, 96,
78, 46, 22,
34, 29, 111,
112, 45, 77,
51, -1, 87,
59, 24, 23,
133, 51, 84,
82, -7, 71,
106, 27, 71,
55, -25, 34,
118, 37, 58,
100, 46, 30,
93, -59, 58,
73, 41, 30,
119, -14, 85,
90, 16, 86,
77, 34, 58,
68, 37, 28,
107, -3, 16,
121, 61, 70,
85, 33, 64,
98, 42, 99,
72, -39, 23,
107, -5, 55,
80, 2, 78,
86, 16, 54,
110, 43, 60,
110, -12, 67,
100, 28, 70,
85, -42, 101,
108, 15, 99,
103, -19, 86,
108, 64, 82,
97, 47, 77,
97, 53, 73,
102, 61, 51,
70, 35, 56,
106, 59, 74,
90, 43, 55,
109, -2, 67,
83, 107, 75,
67, 22, 29,
84, 22, 55,
111, -13, 15,
88, 51, 109,
114, 31, 124,
84, -1, 55,
118, 7, 93,
99, 8, 93,
54, 30, 60,
76, 78, 85,
106, 22, 127,
106, 36, 26,
140, 11, 66,
55, 17, 104,
80, 32, 68,
71, 9, 48,
143, 26, 69,
97, -48, 20,
91, 35, 97,
103, 29, 52,
82, 12, -16,
105, 26, 35,
65, -20, 86,
95, 18, 40,
113, 18, -4,
114, 28, 69,
107, -51, 94,
109, -21, 81,
80, 19, 59,
131, 12, 35,
118, 23, 65,
80, 30, 14,
102, 41, 57,
78, -6, 66,
93, 37, 45,
124, -9, 98,
134, 37, 38,
107, -16, 76,
82, 51, 55,
105, 25, 69,
135, 24, 79,
69, 215, 78,
127, 35, 98,
80, 16, 70,
107, 23, 48,
147, 24, 80,
147, 45, 68,
108, 27, 20,
141, 16, 34,
110, -22, -13,
118, -8, 36,
89, -26, 37,
125, 23, 38,
112, -12, 42,
92, 4, 69,
99, 33, 98,
57, 59, 72,
57, 14, 58,
202, 105, 139,
128, 16, 107,
95, -8, 84,
40, -45, 55,
125, -2, 127,
106, 14, 45,
123, 42, 81,
66, 69, 116,
53, 10, 56,
95, 18, 11,
83, 34, 35,
134, -11, 89,
128, 12, 14,
122, 57, 87,
77, 31, 36,
91, 34, 34,
65, 48, 37,
104, 26, 54,
57, -19, 92,
41, 44, 59,
74, 38, 27,
75, 29, 94,
113, 62, 57,
110, 41, 119,
93, -6, 43,
136, 55, 60,
20, 17, 69,
82, -13, 90,
109, 34, 20,
70, 62, 23,
58, 32, -1,
91, -7, 50,
90, -21, 31,
146, 11, 24,
109, -4, 79,
101, -15, 20,
101, 20, 38,
116, 84, 77,
105, 57, 99,
86, 15, 38,
61, 42, 67,
126, 32, 72,
85, 38, 41,
126, -8, 51,
88, 37, -14,
115, 72, 57,
132, 50, 39,
69, 21, 8,
109, 57, 33,
162, 32, 38,
110, 20, 49,
87, -31, 47,
61, -43, 25,
156, 40, 93,
86, 24, 36,
94, 8, 54,
103, 47, 44,
119, -15, 17,
92, 68, 58,
95, 72, 22,
114, 32, 61,
100, 0, 50,
91, -4, 83,
36, -43, 69,
133, 25, 47,
83, 3, 46,
90, 16, 50,
106, 90, 67,
103, -1, 94,
71, 9, 58,
91, 14, 77,
90, 52, 42,
89, 5, 82,
92, -3, 8,
69, 3, 66,
86, 50, 77,
124, 23, 36,
108, 8, 36,
107, -3, 72,
27, -7, 98,
108, 11, 83,
98, 34, 78,
73, -26, 43,
113, 79, 43,
133, 14, 75,
94, -10, 45,
84, 8, 70,
98, 72, 64,
95, -19, 26,
115, 31, 69,
106, -10, 68,
141, 28, 64,
118, 6, 46,
75, 47, 68,
100, 25, 115,
96, 30, 35,
116, 90, 46,
105, 16, 64,
115, 67, 84,
95, 12, 42,
118, 24, 46,
72, 0, 66,
75, -19, 73,
31, 8, 92,
112, -30, 16,
104, 35, 77,
132, 42, 69,
122, 5, 72,
111, 19, 53,
96, 42, 68,
118, 61, 48,
91, 32, 49,
101, 42, 41,
124, 62, 46,
108, 12, 83,
96, 45, 82,
129, -26, 39,
75, 1, 31,
122, 58, 63,
72, 45, 52,
77, -15, 33,
73, 56, 79,
111, 27, 54,
107, 33, 94,
105, 45, 54,
59, 45, 74,
111, 3, 52,
80, -3, 64,
85, 2, 92,
72, 23, 41,
92, -56, 25,
99, 35, 68,
198, 75, 99,
65, -39, 31,
48, 46, 43,
60, -39, 30,
116, 38, 96,
107, 19, 71,
108, 66, 1,
81, 17, 74,
77, 14, 50,
101, 28, 66,
61, 28, 79,
99, 48, 46,
69, -1, 18,
99, 36, 33,
73, 26, 89,
72, 7, 26,
117, 0, 48,
104, 61, 118,
66, 13, 55,
115, -3, 95,
66, 25, 74,
102, -1, 109,
155, 34, 51,
151, 28, 83,
95, 48, 68,
87, 32, 114,
83, 58, 6,
86, 11, 45,
75, 3, 33,
76, 3, 54,
36, 54, 65,
81, 3, 53,
94, -9, 9,
108, 32, 75,
104, 63, 33,
100, -18, 58,
89, -11, 34,
54, 21, 50,
56, 22, 45,
65, 88, 41,
62, 30, 38,
130, 81, 45,
90, 30, 72,
70, -21, 20,
103, 16, 100,
86, -76, 89,
100, 44, 68,
96, -7, 94,
51, 27, 50,
163, -2, 42,
120, 10, 15,
89, 9, 77,
110, 16, 52,
113, 32, 46,
74, 70, 20,
116, 18, 75,
104, 48, 99,
85, 37, 46,
39, 20, 107,
95, -4, 110,
102, 255, 48,
123, -15, 8,
97, 18, 47,
87, 8, 92,
115, 17, 63,
90, 1, 81,
121, -1, 45,
120, 64, 52,
83, -34, 40,
56, -7, 71,
64, 31, 38,
82, -10, 73,
92, 21, 51,
83, 22, 68,
85, -6, 48,
56, 38, 97,
89, 36, 76,
108, 36, 46,
107, -18, 48,
89, 27, 135,
101, 6, 83,
75, 18, 26,
66, -14, 46,
107, 58, 90,
75, 77, 37,
70, 61, 55,
94, 5, 98,
83, 48, 33,
89, -19, 51,
79, 3, 86,
84, 65, 76,
101, 7, 78,
94, 40, 38,
74, 34, 13,
78, 40, 91,
123, 36, 67,
73, 49, 27,
113, 45, 137,
96, 10, 104,
60, -15, 17,
148, 67, 72,
86, 27, 22,
86, 61, 40,
89, -57, 79,
115, 42, 56,
91, 36, 73,
87, 80, 62,
150, 18, 99,
76, -2, 69,
129, 16, 39,
62, 28, 41,
156, 20, 71,
118, -18, 88,
108, 24, 79,
114, 5, 62,
126, 32, 64,
116, 57, 5,
97, -17, 68,
124, -236, 78,
139, 36, 60,
112, 6, 38,
97, -16, -4,
112, 49, 101,
53, -12, 37,
86, 24, 91,
88, 14, 60,
68, 38, 67,
96, 28, 71,
79, 43, 39,
111, 56, 74,
72, 44, 87,
97, 43, 66,
96, -9, 64,
89, 23, 106,
100, 20, 41,
126, 21, 69,
133, 24, 86,
94, 4, 86,
22, 11, 10,
128, 64, 59,
83, 24, 51,
98, -5, 71,
61, 58, 50,
64, -27, 24,
104, 39, 32,
64, 47, 74,
113, 40, 107,
71, 62, 53,
86, -2, 25,
105, 26, 113,
94, 20, 38,
79, 7, 42,
77, 44, 44,
73, 31, 92,
93, -5, 79,
69, -12, 28,
124, 53, 135,
128, 68, 141,
60, 41, 93,
109, -1, 75,
111, 13, 69,
99, -24, 90,
86, 9, 37,
117, 40, 87,
42, 14, 66,
79, 31, 31,
84, 22, 78,
101, 55, 96,
76, -1, 59,
115, 93, 30,
105, -3, 54,
108, 32, 84,
109, 17, 68,
104, 12, 41,
85, -24, 53,
65, 2, 51,
107, 251, 61,
104, 19, 31,
126, 22, 47,
87, 17, 88,
74, -23, 61,
85, 29, 57,
87, 28, 69,
70, 27, 18,
131, 38, 67,
105, 14, 149,
50, -5, 44,
145, 36, 94,
119, 46, 91,
116, 3, 40,
67, 43, 92,
108, 43, 74,
130, 47, 108,
85, -7, 62,
92, 61, -8,
130, 26, 58,
80, 62, 74,
124, 32, 77,
147, 35, 72,
83, 38, 45,
87, 62, 106,
82, 30, 72,
115, -6, 59,
94, -14, 56,
112, 64, 103,
98, 64, 55,
79, 50, 87,
91, 32, 68,
77, -1, 53,
105, 28, 101,
144, 15, 43,
78, -30, 10,
79, 2, 86,
97, 8, 45,
49, 62, 66,
120, 43, 18,
123, 39, 66,
101, 76, 164,
139, -33, 82,
76, 51, 35,
151, 59, 99,
78, 17, 67,
73, 39, 99,
132, 8, 51,
89, 8, 56,
96, 16, 88,
125, 20, 32,
68, 29, 0,
128, 69, 90,
49, 4, 2,
89, 45, 31,
94, -28, 64,
84, 41, 85,
90, 27, 48,
120, 26, 73,
117, 94, 64,
99, 42, 83,
101, 14, 47,
73, -11, 10,
110, 68, 139,
128, 9, 74,
120, 46, 20,
110, 15, 76,
114, 40, 102,
84, 20, 33,
108, 30, 95,
56, 16, 44,
103, 18, 54,
108, 39, 62,
77, 31, 91,
160, 23, 73,
67, 31, 89,
93, 0, 97,
103, 27, 63,
125, 30, 72,
105, 38, 62,
148, 36, 79,
119, -9, 56,
87, 13, 85,
84, 29, 53,
73, 10, 104,
104, -36, -7,
98, 24, 85,
70, 52, 77,
44, -32, 53,
107, 9, 88,
104, -16, 11,
88, 17, 24,
105, 69, 21,
147, 30, 71,
125, 62, 113,
91, 29, 56,
82, 6, 60,
91, 53, 88,
76, 17, 52,
76, 5, 104,
100, -15, 47,
90, 49, 35,
71, 45, 22,
80, 17, 28,
133, 28, 107,
51, 15, 53,
113, 8, 55,
105, 6, 94,
56, 37, -247,
136, 33, 57,
69, 57, 113,
85, 21, 73,
48, 24, 101,
122, 64, 39,
113, 19, 44,
92, 11, 62,
16, 23, 33,
84, 4, 83,
109, 42, 49,
74, -3, 13,
86, 50, 36,
98, 24, 62,
110, -19, 42,
30, 39, 64,
62, 60, 92,
120, -4, 48,
108, -28, 56,
121, 27, 51,
80, 11, 49,
93, 30, 64,
64, -9, 23,
60, 28, 34,
99, 32, 54,
116, -11, 7,
82, 40, 98,
76, -5, 71,
90, -59, 102,
110, 80, 115,
72, 9, 47,
131, 48, 69,
105, 28, 100,
97, 8, 68,
108, 41, 85,
48, -6, 46,
85, 19, 41,
86, 59, 24,
122, 4, 67,
114, 43, 84,
85, 37, 97,
93, 27, 52,
102, 5, 28,
54, -19, 50,
69, -20, 68,
96, -4, 7,
68, -11, 64,
102, 61, 31,
75, 6, 7,
67, 18, 62,
137, -16, 35,
103, 42, 38,
33, -5, 72,
58, -21, -6,
138, 65, 14,
120, 18, 116,
139, 5, 56,
108, 41, 48,
122, 86, 96,
97, 25, 97,
114, 84, 79,
60, 19, 90,
71, 41, 56,
146, 58, 114,
65, 9, 61,
101, 60, 138,
97, -48, 39,
78, -9, 23,
64, 75, 45,
117, 2, 24,
76, 68, 60,
92, 23, 72,
102, -14, 90,
53, 12, 44,
109, 25, 61,
95, 30, 86,
71, 50, 95,
93, -11, 65,
90, 55, 97,
121, 31, 118,
150, 39, 71,
37, -17, 38,
81, -38, 57,
77, 52, 61,
103, 34, 86,
63, 77, 53,
116, 53, 49,
55, 75, 84,
84, -2, 37,
107, 28, 69,
125, 29, 87,
145, 8, 17,
98, -5, 88,
72, -21, 62,
77, -5, 105,
111, 6, 72,
102, 15, 85,
80, 35, 25,
88, 48, 74,
104, 10, 69,
138, 33, 76,
73, -22, 55,
69, 62, 44,
123, 38, 51,
107, 13, 18,
110, 9, 71,
100, -5, 46,
155, 38, 24,
99, 32, 38,
118, -11, 8,
79, -6, 67,
94, 34, 74,
103, 21, 103,
119, 5, 9,
132, 18, 39,
121, 22, 81,
84, -21, 37,
136, 6, 98,
120, -47, 54,
118, 7, 80,
78, 1, 68,
118, 58, 94,
106, 36, 92,
57, 33, 93,
105, 37, 85,
128, 31, 44,
67, 50, 43,
56, 34, 60,
114, 11, 60,
61, 10, 89,
86, 15, 62,
69, 53, 100,
82, 3, 58,
88, 20, 14,
101, 14, 42,
56, 23, 32,
66, 31, 57,
101, 17, 53,
84, 48, 41,
74, 32, 96,
80, 3, 60,
153, 69, 68,
94, 49, 83,
115, 21, 39,
70, -8, 42,
136, 67, 39,
28, 20, 98,
115, 44, 95,
90, 13, 54,
123, 39, 34,
128, 28, 74,
114, 81, 63,
72, -15, 20,
60, 18, 71,
84, -6, 100,
157, 59, 60,
82, 59, 57,
96, 53, 36,
111, 19, 60,
117, 30, 100,
73, 58, 51,
102, 22, 86,
85, 23, 58,
94, 14, 82,
95, -2, 52,
104, 63, 90,
112, 25, 50,
44, 19, 62,
93, 49, 86,
77, 25, 58,
107, 36, 88,
105, 34, 61,
105, 43, 59,
74, 6, 98,
72, 36, 108,
102, 8, 46,
98, 10, 101,
85, 17, 28,
79, 58, 72,
108, 70, 96,
114, 17, 48,
75, 13, 14,
103, 63, 94,
103, 27, 42,
135, -13, 85,
90, 3, 44,
82, 59, 68,
89, 0, 75,
132, 18, 81,
91, 44, 94,
103, 48, 64,
94, -2, 77,
123, 15, 99,
63, 18, 85,
86, 10, 21,
126, 28, 12,
97, 57, -21,
151, 40, 85,
84, -39, 75,
92, 34, 57,
105, 71, 44,
51, 7, 104,
92, 0, 92,
87, -5, 61,
39, 3, 64,
111, 4, 72,
127, 32, 81,
107, 43, 35,
150, 63, 79,
111, 2, 50,
134, 10, 99,
69, 65, 56,
88, 24, 130,
78, 13, 42,
137, 21, 65,
108, 57, 106,
48, 56, 59,
91, -5, 77,
101, 23, 107,
95, 39, 107,
133, -16, 28,
97, 42, 45,
127, 82, 39,
65, 36, 60,
93, 15, 58,
102, 7, 76,
93, 25, 91,
61, 6, 58,
85, -6, 47,
109, 3, 67,
79, 11, 80,
102, 33, 59,
120, 24, 52,
98, -6, 80,
130, 14, 73,
97, 16, 84,
95, 10, 97,
120, -17, 126,
69, 7, 38,
59, -14, 23,
125, 26, 54,
102, 5, 66,
104, -1, 15,
71, -15, 63,
137, 53, 34,
66, 0, 46,
77, 3, 86,
131, 35, 97,
84, -20, 49,
133, 49, 92,
118, 94, 79,
113, 13, 9,
64, 17, 40,
70, 27, 33,
94, 20, 44,
103, 45, 74,
130, -23, 56,
150, 36, 74,
92, 25, 45,
122, 73, 38,
113, -21, 54,
41, 13, 44,
121, 55, 109,
126, 25, 64,
70, 40, 96,
72, 31, 66,
154, -2, 11,
128, 48, 30,
136, 36, 77,
94, 24, 98,
129, 3, 60,
50, -10, 3,
152, 99, 90,
116, -3, 39,
88, 10, 22,
147, 25, 44,
81, 21, 26,
54, -17, 108,
126, 41, 58,
77, -5, 91,
72, 45, 101,
87, 0, 9,
113, 91, 67,
143, 21, -5,
68, 62, 61,
82, 61, 37,
100, -3, 91,
82, 21, 67,
63, 52, 91,
109, 34, 40,
119, 14, 73,
73, 29, 73,
80, 50, 42,
111, 33, 96,
123, 3, -12,
105, 34, 59,
89, 9, 58,
147, 19, 67,
147, 26, 32,
129, 22, 70,
111, 57, 67,
49, -21, 54,
109, 51, -27,
168, -13, 60,
74, 33, 44,
136, 51, 58,
127, 24, 77,
149, 21, 65,
131, 43, 71,
151, 12, 44,
116, 46, 66,
72, 31, 55,
93, 17, 25,
70, -5, 58,
84, 39, 31,
91, 58, 53,
81, 24, 21,
100, 6, 40,
18, 8, 44,
90, 21, -24,
114, 13, 78,
102, 64, 63,
116, 69, 24,
72, 6, 11,
64, 23, 38,
138, 74, 23,
125, 37, 110,
78, -25, 54,
123, 59, 83,
122, 20, 110,
46, 51, 34,
115, 10, 60,
43, -31, 11,
67, 37, 80,
56, 32, 73,
117, 65, -6,
41, -41, 72,
112, -12, 83,
119, 31, 117,
118, -12, 73,
94, 42, 81,
100, 17, 43,
145, 82, 85,
64, 18, 74,
72, 29, 92,
94, 51, 40,
76, 56, 82,
147, 34, 53,
50, 0, 46,
106, 22, 17,
44, 52, 95,
51, 21, 24,
114, 55, 78,
129, 25, 41,
136, 44, 45,
71, 34, 73,
154, 53, 67,
117, 15, 21,
88, -9, -16,
98, 41, 119,
133, 12, 86,
72, 68, 56,
96, 50, 39,
119, 31, 49,
133, 20, 56,
92, 65, 93,
124, 35, 84,
143, 37, 71,
102, 92, 59,
117, -6, 67,
106, 31, 62,
124, 29, 119,
128, 57, 90,
142, -17, 27,
83, -12, 33,
108, 25, 54,
127, 33, 87,
137, 40, 66,
64, -3, 59,
88, -11, 100,
72, 25, 32,
103, 24, 91,
102, 27, 101,
106, 33, 31,
64, 40, -7,
112, 58, 89,
61, 28, 38,
49, 85, 79,
84, 36, 23,
152, 35, 41,
95, 16, 40,
62, 14, 45,
94, 38, 58,
98, 18, 82,
149, 35, 86,
83, 28, 56,
73, 50, 114,
84, 50, 54,
81, -1, 41,
149, 37, 98,
54, 5, 23,
128, 65, 86,
111, 3, 56,
98, -5, 129,
61, 25, 75,
126, 14, 20,
32, 76, 53,
68, 34, 74,
76, 14, 42,
114, 16, 70,
92, 33, 75,
88, 22, 42,
80, 59, 98,
76, 27, 64,
121, 4, 61,
109, -33, 74,
148, 71, 81,
83, 29, 75,
105, 37, 47,
118, -33, 74,
107, 0, 79,
101, 48, 40,
79, 31, 37,
106, 21, 56,
101, 44, 48,
112, 12, 67,
126, -5, 75,
52, 2, 23,
85, 29, 69,
85, 23, 109,
93, 6, 9,
107, 32, 61,
99, 5, 102,
85, 10, 60,
77, 39, 18,
78, -12, 47,
112, 38, 61,
85, -4, 13,
64, 61, 81,
104, 46, 38,
33, 1, -2,
100, 18, 74,
116, 31, 92,
154, 21, 0,
74, 17, 65,
114, 54, 51,
35, 43, 78,
112, 35, 25,
73, 25, -5,
72, 59, 13,
86, 55, 22,
94, -4, 37,
118, 41, 77,
116, 34, 84,
109, 42, 3,
111, 39, 46,
33, 62, 65,
99, 7, 102,
66, 10, 43,
101, 43, 74,
68, 49, 129,
94, 23, 102,
100, 68, 58,
60, 68, 77,
76, 50, 68,
81, 70, 71,
65, 32, 114,
122, -8, 42,
79, 21, 88,
110, 76, 68,
80, -16, 73,
47, 33, 80,
111, 28, 11,
120, 29, 90,
154, 8, 71,
84, 49, 95,
82, 15, 1,
132, 79, 113,
83, 26, 79,
76, 57, 42,
58, 7, 44,
87, 23, 71,
78, 31, 64,
93, 49, 42,
59, 6, 108,
67, 24, 55,
54, 32, 31,
48, -10, 36,
70, 26, 48,
110, 16, 64,
122, 22, 67,
71, 9, 24,
62, 13, 68,
108, 50, 51,
53, -30, 38,
74, 12, 62,
110, 6, 63,
87, 23, 104,
82, 31, 49,
93, 40, 73,
153, 64, 61,
73, 53, 78,
96, 63, 55,
76, 17, 75,
96, 61, -20,
59, 10, 20,
117, -2, 80,
93, 64, 88,
73, 18, 89,
75, 33, 74,
81, 22, 32,
161, 48, 59,
140, 23, 98,
135, -22, 41,
129, 16, 13,
126, 61, 25,
118, 39, 81,
108, -6, 83,
111, 32, 81,
75, 10, 8,
61, 39, 58,
86, 19, 85,
104, 20, 59,
75, 24, 63,
144, 32, 48,
150, 28, 108,
89, -24, 57,
121, 79, 95,
93, 11, 67,
83, 34, 53,
94, 26, 35,
80, -28, 58,
142, 30, 65,
70, 32, 29,
112, 253, 71,
138, -25, 59,
149, 18, 92,
135, 68, 54,
85, 16, 44,
126, 48, 82,
96, -16, 59,
113, 40, 64,
85, 12, 68,
104, -25, 63,
108, 16, 46,
120, 20, 62,
104, -10, 73,
78, 64, 53,
108, 20, 95,
62, 15, 37,
114, 54, 30,
70, 12, 101,
96, 7, 17,
98, 50, 42,
87, 49, 24,
103, 5, 57,
81, -10, 14,
74, -33, 103,
69, -5, 67,
106, 41, 45,
103, -3, 94,
128, 38, 34,
33, 54, 10,
166, 14, 74,
76, -11, 17,
110, -242, 50,
79, 46, 89,
146, 9, 54,
101, 21, 55,
78, 61, 73,
70, 20, 79,
57, 16, 41,
104, 36, 59,
77, 37, 33,
91, 21, 100,
135, 25, 47,
103, 43, 85,
67, 47, 76,
107, 3, 42,
92, 48, 56,
76, 32, 35,
114, 22, 83,
87, 3, 38,
125, 53, 71,
81, 45, 56,
71, 58, 17,
112, 34, 15,
144, 65, 76,
72, -15, 53,
69, 28, 37,
77, 0, 53,
60, -1, 77,
131, 15, 23,
123, 19, 41,
111, 13, 19,
59, 21, 60,
87, -18, 31,
139, -33, 42,
99, 0, 97,
117, 30, 89,
121, 22, 32,
100, 38, 82,
82, 21, 78,
108, 15, 94,
111, 49, 81,
98, -19, 7,
126, 53, 65,
73, 35, 9,
154, 29, 54,
121, 50, 84,
77, 11, 70,
131, 50, 50,
70, 13, 53,
131, 61, 42,
103, 30, 88,
90, 26, 148,
75, 1, 64,
118, -11, 53,
88, 53, 54,
110, 35, 67,
119, 41, 139,
103, 27, 101,
79, 35, 65,
130, 4, 102,
87, 47, 69,
58, 17, 61,
63, 94, 78,
121, 26, 6,
75, 15, 10,
119, 2, 66,
78, -8, 50,
130, 77, 75,
77, 54, 76,
104, 11, 52,
81, 30, 51,
82, -6, 63,
95, 1, 59,
81, 41, -14,
112, 24, 134,
92, 12, 43,
74, 25, 115,
33, 16, 60,
131, 8, 52,
75, 35, 39,
79, 69, 79,
82, 84, 41,
86, 57, 46,
121, 5, 95,
94, 11, 73,
104, 0, 11,
121, 17, 79,
73, -22, 74,
130, 15, 79,
41, 17, 84,
93, 60, 48,
96, 4, 97,
33, 45, 90,
138, -8, 20,
103, 56, 81,
129, 32, 11,
85, 45, 47,
96, 65, 67,
89, 92, 40,
51, 10, 87,
127, 12, 41,
95, -21, 41,
102, 31, 23,
88, -29, 54,
116, 10, 46,
121, 15, 110,
92, 38, 98,
97, 25, 75,
83, 10, 24,
98, -52, 28,
143, 33, 59,
81, 45, 30,
169, 33, 49,
90, 45, 53,
144, 9, 81,
135, 19, 73,
76, 43, 55,
51, 51, 74,
126, 40, 69,
109, 4, 8,
98, 40, 89,
105, 25, 16,
78, 17, 102,
140, 13, 52,
61, 42, 50,
86, 7, 26,
66, 40, 73,
102, 73, 118,
88, 51, 46,
74, -25, 0,
127, 36, 73,
62, 53, 73,
61, 36, 22,
104, 35, 43,
89, 44, 102,
133, 36, 52,
114, 46, 96,
35, 11, -17,
93, 21, 77,
126, 18, 56,
63, -2, 49,
63, 38, 45,
125, 25, 63,
85, 38, 62,
36, 10, 83,
83, 35, 57,
107, -21, 71,
70, 12, 70,
57, -13, 38,
113, 34, 94,
58, 15, 76,
77, 15, 36,
107, 20, 59,
93, 4, 61,
135, 55, 76,
50, 44, 111,
120, 60, 57,
87, 4, 39,
56, 18, 102,
77, 47, 53,
132, 58, 30,
72, 12, 26,
96, 52, 86,
73, -9, 11,
101, 40, 62,
83, 16, 89,
119, 13, 110,
103, 27, 82,
114, 57, 40,
108, -20, 60,
111, 40, 94,
130, -12, 33,
142, 47, 31,
98, 8, 81,
68, 32, 63,
132, 19, 45,
126, 11, 35,
93, 25, 51,
54, 30, 50,
105, 22, 59,
103, 28, 116,
115, 36, 75,
70, 49, 118,
81, -29, 24,
104, 0, 73,
69, -11, 45,
88, 18, 84,
64, 18, 48,
153, 25, 56,
62, 73, 72,
113, 77, 10,
137, -17, 33,
108, 39, 73,
59, 78, 73,
80, 61, 43,
140, 28, 73,
83, 41, 95,
122, 35, 85,
45, 23, 70,
80, 19, 71,
79, -6, -12,
133, -43, 20,
77, 57, 103,
128, 27, 25,
89, 7, 76,
123, 63, 57,
75, -4, 37,
100, 15, 85,
131, 18, 30,
86, 42, 97,
87, 69, 77,
100, 33, 96,
82, 41, 80,
120, 60, 61,
84, 29, 85,
123, 14, 64,
84, 11, -17,
85, 63, 53,
111, 7, 43,
75, 21, 110,
96, -19, 58,
97, 23, 134,
67, 5, 34,
87, -3, 56,
103, 49, 78,
85, 54, 249,
88, 66, 37,
82, 24, 61,
84, 9, 59,
75, 11, 68,
150, 46, 84,
129, -11, 53,
95, 4, 25,
116, 52, 60,
93, -3, 40,
85, -11, -4,
103, 23, 67,
101, 58, 66,
88, -12, 48,
70, 45, 52,
57, 85, 103,
87, 36, 5,
102, 7, 104,
109, 29, 38,
93, 41, 43,
99, 31, 13,
107, -19, 72,
131, 14, 93,
98, 43, 77,
154, 20, 72,
102, -15, 69,
91, -8, 81,
76, 33, 79,
105, 52, 69,
98, 26, 58,
49, 34, 70,
87, 40, 37,
119, 14, 57,
100, -18, 56,
83, 50, 36,
130, 30, 122,
82, -4, 28,
45, 40, 58,
112, 9, 80,
85, -11, 26,
71, 27, 30,
39, 24, 42,
122, 20, 39,
66, 39, 90,
98, 32, 48,
90, 23, 44,
94, 5, 68,
90, 10, 81,
120, 15, 67,
122, 74, 74,
92, 39, 63,
163, 15, 30,
107, 32, 71,
80, 16, 17,
93, -3, 70,
109, 31, 80,
78, 38, 98,
100, 32, 60,
89, -28, 46,
143, 38, 78,
76, 21, 34,
146, 32, 59,
85, 3, 27,
102, 54, 56,
43, 24, 99,
117, 26, 76,
124, 22, 60,
85, 28, 29,
131, 48, 96,
139, 6, 83,
70, 20, 54,
98, 1, 60,
139, 52, 40,
92, 78, 62,
70, 7, 45,
83, 33, 126,
116, 65, 65,
96, -12, 34,
86, 60, 10,
140, 56, 60,
72, -21, 34,
68, 34, 20,
72, 18, 60,
83, 21, 93,
88, 59, 12,
138, 46, 30,
62, 5, 83,
105, 12, 61,
61, -17, 33,
104, -14, 61,
116, 21, 50,
45, 18, 45,
114, 67, 73,
72, 19, 29,
76, 38, 67,
128, 30, 23,
66, -4, 30,
99, 48, 39,
67, 12, 42,
119, -15, 57,
68, 12, 61,
110, 14, 75,
96, 36, 65,
108, 30, 86,
88, 40, 39,
28, 44, 56,
78, -12, 76,
30, -8, 77,
92, -1, 68,
54, -13, 73,
83, -15, 49,
133, 27, 23,
91, 22, 84,
109, 8, 56,
81, 26, 21,
85, -13, 66,
108, 35, 101,
125, 36, 82,
68, 14, 68,
114, -13, 92,
114, 43, 43,
101, 51, 29,
86, 37, 61,
124, 39, 73,
79, 21, 66,
108, 13, 81,
105, 0, 79,
108, 69, 76,
86, 58, 96,
122, 40, 42,
128, 59, 49,
99, 31, 30,
84, 27, 50,
83, -8, 59,
61, -14, 54,
58, -25, -6,
113, 48, 79,
102, 19, 42,
98, 43, 25,
121, 70, 85,
124, -2, -6,
137, -13, 26,
81, -24, 56,
104, 84, 112,
122, 10, 38,
134, 56, 91,
76, 38, 60,
111, 34, 70,
117, 66, 83,
69, -4, 64,
104, 22, 71,
114, 38, 20,
81, 20, 16,
71, 20, 49,
93, 42, 63,
114, 44, 65,
91, 34, 79,
121, 13, 3,
93, 42, 65,
106, 29, 73,
69, 24, 70,
83, 17, 55,
115, 6, 62,
149, 9, 45,
138, 21, 53,
88, 16, 67,
85, 27, 81,
81, 30, 33,
112, 51, 62,
81, 10, 39,
106, 21, 79,
111, 9, 58,
98, 45, 104,
54, -22, 53,
106, 47, 109,
81, 17, 30,
108, 60, 117,
78, 12, 71,
107, 24, 69,
146, 29, 59,
115, 42, 1,
77, 25, 62,
104, 17, 52,
70, -33, 49,
98, 21, 64,
109, -3, 142,
72, 49, 43,
98, -7, 33,
98, 4, 27,
100, -4, 80,
80, 47, 46,
-1, 0, 33,
140, 33, 35,
104, -13, 112,
125, -2, 66,
61, 37, 65,
141, 24, 101,
68, 13, 56,
126, 55, 75,
113, 30, 73,
79, 37, 55,
84, 12, 65,
63, 57, 47,
57, -33, 33,
110, 24, 67,
154, 36, 85,
41, 31, 18,
129, 11, 56,
126, -16, 64,
65, 30, 60,
109, 17, 61,
117, 67, 79,
105, 13, 14,
81, 61, 95,
102, -14, 26,
81, -25, 101,
99, 60, 70,
91, 12, 47,
90, 33, 47,
126, 13, 31,
106, 38, 41,
104, -33, 46,
95, -10, 19,
68, 17, 51,
100, 36, 98,
86, 63, 59,
102, 20, 59,
115, -28, 39,
93, 32, 37,
114, 34, 74,
101, 15, 77,
123, 36, 87,
108, 30, 41,
140, 69, 75,
68, 14, 59,
103, -14, 101,
76, 14, 41,
101, 42, 56,
111, 30, 50,
131, 34, 55,
100, 41, 80,
100, 40, 53,
87, 12, 71,
106, -5, 58,
122, 47, 58,
106, 52, 91,
147, 22, 34,
65, 24, 18,
143, 1, 49,
124, 43, 83,
65, 10, 73,
139, 38, 67,
98, 54, 79,
81, 100, 20,
111, -4, 71,
93, -32, 63,
73, 62, 63,
106, 34, 87,
106, 19, 26,
70, -22, 59,
76, 24, 49,
125, 36, 75,
62, 5, 61,
84, 42, 18,
36, -3, 70,
67, 60, 59,
109, 30, 32,
124, 35, 90,
100, 26, 26,
54, -7, 67,
97, 39, 62,
84, 49, 32,
118, 37, 56,
67, 67, 67,
122, 0, 85,
125, 28, 43,
90, 17, -17,
124, 42, 68,
74, -18, 62,
112, 15, 40,
78, 63, 55,
115, 20, 33,
84, 30, 81,
127, 37, 78,
93, 49, 72,
114, 16, 121,
103, 22, 54,
136, 37, 72,
129, 39, 80,
114, 11, 93,
97, 55, 56,
123, -19, 77,
114, -3, 72,
73, 5, 62,
91, 3, 97,
100, 53, 95,
85, 6, -1,
113, 11, 50,
51, -5, 22,
66, 11, 92,
85, 9, 64,
95, 53, 77,
80, 18, 90,
94, 33, 59,
116, 89, 93,
52, 22, 98,
49, -11, 20,
94, 21, 47,
141, 90, 56,
91, 35, 44,
68, 33, 87,
80, 51, 62,
91, 28, 96,
103, 7, 4,
74, 35, 87,
60, 18, 75,
98, 38, 89,
152, -15, 55,
145, 61, 75,
42, -16, 77,
93, 35, 52,
137, 39, 67,
108, -8, 38,
88, 10, 46,
85, 10, 7,
116, 45, 49,
104, 34, 62,
79, 29, 69,
72, 36, 61,
71, 16, 28,
157, 11, 44,
80, 22, 65,
45, 1, 58,
100, 45, 37,
106, -27, 55,
128, 25, 55,
96, 30, 35,
132, 27, 61,
95, 37, 93,
136, 37, 30,
54, -19, 36,
98, 34, 22,
153, 17, 48,
100, 42, 7,
106, 14, 22,
97, 9, 77,
126, -5, -13,
56, -11, 79,
125, 40, 92,
116, 44, 66,
122, 37, 86,
90, 40, 91,
111, 24, 3,
74, 69, 71,
37, 22, 19,
85, 28, 75,
45, -2, 53,
89, 16, 19,
82, 21, 52,
111, 9, 40,
117, -28, 64,
146, -4, 29,
105, 85, 53,
101, 25, 65,
70, 38, 73,
124, 46, 22,
112, 28, 27,
82, 33, 89,
104, 30, 89,
90, 49, 142,
79, -18, 29,
157, 34, 65,
105, 85, 43,
41, 6, 9,
148, 33, 50,
164, 49, 91,
29, 2, 62,
118, 51, 94,
93, -41, 15,
102, 26, 56,
71, 0, 60,
82, 40, 37,
131, 18, 75,
74, -18, 39,
92, 26, 103,
131, 16, 24,
124, 29, 41,
107, 56, 64,
106, -8, 38,
93, 29, 91,
85, 18, 32,
149, 37, 48,
52, 32, 89,
80, 14, 37,
125, 29, 29,
71, 43, -15,
113, 51, 79,
89, 68, 26,
95, 22, 9,
115, 81, 42,
31, -10, 58,
107, 47, 49,
53, 35, 50,
104, -1, 78,
85, 26, -22,
97, -12, 12,
92, 38, 102,
109, 19, 43,
60, 46, 116,
115, 63, 17,
90, 55, 60,
158, 33, 118,
115, 32, 45,
96, 11, 5,
87, 35, 66,
82, 39, 113,
90, 34, 108,
128, 50, 92,
83, -19, 84,
121, 49, 55,
7, 43, 78,
82, -3, 73,
128, -6, 39,
101, 45, 61,
58, 15, 37,
91, 7, 52,
71, 61, 77,
130, 13, 65,
94, -19, 75,
94, -37, 7,
104, 29, 49,
87, 62, 70,
86, 21, 92,
72, 23, 35,
24, 2, 54,
101, 40, 81,
108, 45, 57,
86, 98, 63,
72, 3, 36,
89, 6, 111,
149, 54, 67,
96, 31, 63,
143, 73, 109,
74, 21, 47,
124, 53, 57,
94, 15, 104,
92, 44, 43,
93, 16, 38,
113, 30, 83,
36, 40, 85,
101, 47, 67,
126, 28, 47,
90, 4, 66,
135, 34, 55,
92, 30, 10,
115, 20, 12,
87, 11, 40,
90, 18, 76,
76, 24, 64,
92, 42, 15,
129, 36, 44,
114, 23, 62,
79, 31, 17,
116, 55, 43,
90, 1, 46,
110, 48, 27,
120, 13, 24,
92, -1, 30,
109, 38, 18,
65, 40, 66,
78, 20, 42,
138, 58, 117,
128, 5, 75,
82, 44, 66,
71, 32, 49,
82, 27, 64,
139, 15, 18,
79, 43, 44,
31, -38, 36,
111, 70, 82,
132, 44, 74,
111, 36, 130,
114, 30, 75,
96, 55, 45,
63, -16, 35,
103, 8, 72,
104, 51, 4,
62, 54, 93,
95, 29, 63,
85, 67, 74,
102, 15, -13,
128, -18, 87,
75, 19, 52,
78, 40, 64,
72, -10, 79,
84, 34, 50,
63, 4, 57,
134, 5, 44,
127, 18, 72,
107, 46, 118,
71, -20, 36,
80, 8, 70,
97, 12, 81,
104, 39, 44,
71, 15, 65,
106, 31, 101,
102, 9, 103,
77, -1, 107,
100, -25, 99,
65, 42, 39,
95, -13, 62,
97, 29, 50,
82, 33, 55,
109, 9, 46,
97, 0, 98,
65, 7, 56,
89, 18, 69,
127, 31, 80,
114, 32, 63,
74, 73, 60,
115, 21, 52,
86, 45, 108,
119, 19, 35,
47, 22, 34,
91, 33, 74,
85, 4, 60,
97, 36, 54,
111, 42, 70,
104, 40, 70,
77, 65, 62,
92, 27, 100,
167, 41, 107,
70, 35, 55,
99, 5, 70,
115, 44, 44,
113, 19, 28,
91, 41, 68,
102, 8, 87,
92, 68, 8,
54, 36, 20,
122, 94, 141,
82, 58, 41,
93, 1, 23,
109, -2, 68,
96, 49, 63,
124, 12, 28,
113, 76, 124,
24, 14, 100,
110, 1, 66,
162, 8, 82,
99, -29, 49,
108, -4, 44,
57, -8, 68,
93, 32, 15,
111, -6, 60,
101, -4, 67,
121, 54, 63,
123, 61, 141,
79, 53, 77,
107, 59, 27,
72, 3, 52,
113, 27, 88,
99, -4, 75,
115, 25, 67,
123, 30, 84,
70, 20, 71,
133, 38, 32,
126, 45, 63,
106, 7, 43,
103, 56, 66,
76, 14, 33,
89, 13, 60,
52, 7, 81,
98, 2, -7,
100, 34, 122,
98, -5, 49,
169, 71, 44,
100, 34, 90,
87, -15, 44,
108, 10, 47,
83, 59, 75,
104, 78, 42,
85, 29, 149,
72, -14, 29,
97, 56, 17,
127, 6, 20,
70, 15, 53,
120, 39, 30,
74, -13, 55,
164, -13, 107,
104, -1, 77,
80, 50, 35,
150, 28, 60,
86, -33, 46,
95, 1, -1,
91, -9, 88,
107, 34, 100,
84, 22, 36,
115, 16, 42,
90, -5, 88,
53, 37, 81,
86, 4, 69,
100, 14, -2,
152, 29, 65,
97, -2, 44,
123, 51, 73,
102, 31, 73,
104, 15, 25,
124, 61, 78,
135, 35, 76,
149, 38, 45,
104, 33, 66,
96, 58, 134,
57, 1, 55,
83, 13, 87,
54, 1, 62,
104, -7, 33,
113, 30, 11,
138, 23, 36,
70, -19, 76,
100, -8, 97,
128, 38, 56,
80, 35, 21,
113, 20, 59,
96, 64, 90,
123, 35, 38,
75, 3, 76,
106, 0, 65,
114, 18, 54,
90, 56, 83,
155, 40, 51,
147, 17, 24,
50, -3, 39,
98, -31, 72,
62, 32, 76,
127, 9, 91,
100, -5, -14,
73, 23, 68,
120, 11, 75,
115, 46, 76,
66, -10, 39,
108, 49, 100,
43, -37, 81,
80, 47, 70,
117, 28, 96,
75, 23, 88,
136, 22, 18,
146, -29, 63,
135, 43, 53,
44, -21, 27,
115, 42, 66,
84, 60, 46,
84, 10, 45,
81, 59, 76,
66, 20, 50,
63, 42, 103,
107, 38, 74,
125, 12, 84,
121, 2, 74,
64, 21, 54,
111, 10, 52,
65, 50, 79,
68, -12, 77,
110, -26, 49,
84, 19, 57,
105, 64, 65,
91, 19, 54,
119, 35, 83,
102, 54, 61,
127, 9, 73,
130, 77, 66,
63, 17, 59,
118, -5, 44,
87, -4, 97,
92, 31, 84,
71, -2, 15,
99, 25, 42,
58, -3, 48,
23, 18, 48,
70, 3, 65,
97, -17, 62,
98, 56, 65,
115, 22, 124,
101, 29, 26,
81, 77, 69,
76, 13, 63,
103, -2, 74,
137, 2, 59,
91, 8, 78,
106, 34, 116,
62, 6, 7,
114, 12, 85,
90, 5, 43,
60, -11, 88,
90, 36, 80,
102, 79, 117,
129, -12, 119,
61, 93, 96,
113, 9, 87,
121, 32, 100,
100, 82, 70,
83, 61, 45,
93, -24, 72,
63, 46, 39,
89, 19, 60,
122, 47, 71,
120, 15, 67,
71, 6, 68,
97, -243, 80,
141, 36, 59,
80, 22, 30,
112, 86, 88,
117, 49, 52,
49, 50, 48,
122, 3, 57,
91, 24, 28,
119, 15, 123,
96, 10, 74,
83, 55, 74,
96, 21, 29,
126, 39, 44,
77, -10, 84,
62, 19, 51,
113, 44, 108,
116, 46, 109,
62, 14, 45,
84, 23, 83,
67, 20, 4,
83, 63, 49,
91, 41, 116,
72, -16, 32,
91, 3, 98,
143, -6, 132,
92, 39, 80,
39, 38, 39,
84, 34, 43,
95, 19, 54,
136, -4, 51,
100, 18, 98,
151, 37, 28,
104, 60, 48,
72, 4, 67,
76, 11, 29,
126, 25, 39,
92, 23, 59,
117, 21, 49,
103, 36, 65,
68, 38, 60,
95, -24, 38,
66, -12, 67,
107, 52, 38,
55, 44, 82,
63, -25, 24,
104, 49, 57,
96, 39, 98,
89, -10, 5,
108, 49, 50,
91, 46, 72,
139, 21, 33,
100, -16, 130,
111, 21, 92,
150, 69, 99,
116, 41, 1,
147, 17, 41,
130, 73, 88,
22, 13, 15,
106, 41, 55,
135, 20, 89,
83, 27, 65,
98, 13, 21,
34, 9, 20,
120, 50, 65,
101, 0, 46,
141, 52, 126,
80, 41, 92,
122, 38, 58,
89, 20, 66,
116, -8, 56,
93, 35, 47,
90, -4, 65,
84, -13, 54,
54, -20, -9,
132, 23, 98,
80, 37, 31,
117, 2, 62,
91, 8, -16,
96, 32, 54,
120, -6, 78,
115, 14, 131,
118, 69, 38,
94, 17, 30,
167, -39, 99,
118, 38, 93,
74, 31, 61,
126, 21, 56,
92, 23, 62,
130, 49, 65,
75, 1, 21,
78, -12, 48,
120, 80, 97,
93, 24, 105,
90, -22, 42,
109, 17, 52,
132, 58, 55,
90, 2, 48,
56, -4, 68,
110, 49, 61,
103, -12, 109,
75, 1, 57,
136, 37, 60,
97, 38, 102,
75, 15, 14,
72, 38, 45,
105, -11, 46,
80, -10, 21,
93, 5, 72,
110, 36, 112,
68, -32, 52,
137, 67, 44,
126, 1, 53,
132, -14, 16,
125, 25, 90,
70, 6, 66,
106, 10, 67,
112, 34, 83,
90, 36, 110,
111, 9, 63,
136, 3, 30,
74, -10, 70,
132, 91, 85,
131, 14, 28,
71, 0, 48,
69, 9, 71,
76, 46, 84,
99, 20, 64,
103, 23, 124,
79, 52, 68,
109, 85, 47,
93, 13, 79,
99, 1, 94,
122, 35, -25,
83, 68, 52,
115, 7, 78,
91, 21, 61,
116, 20, 85,
99, -9, 111,
130, 36, 17,
80, -33, 40,
105, 43, 87,
138, -1, 109,
122, 24, 60,
134, -13, 57,
115, 51, 110,
63, -24, 40,
107, 62, 32,
99, 13, 50,
57, 37, 79,
100, 38, 32,
85, -17, 12,
93, -2, 33,
40, -26, 6,
127, 52, 8,
122, 40, 75,
122, -13, 38,
103, 23, 7,
98, 41, 89,
103, 32, 19,
83, -45, 83,
114, 52, 26,
98, 10, 60,
123, 53, 58,
119, 5, 39,
124, 0, 51,
120, 26, 93,
111, 25, 67,
126, 10, 41,
106, 38, 89,
85, 38, 42,
104, 31, 82,
87, 49, 70,
103, 15, 27,
101, 61, 18,
66, 11, 43,
88, 18, 54,
75, 67, 91,
111, 34, 80,
78, 2, 93,
87, 7, 104,
57, 5, 73,
100, 7, 56,
59, -13, 40,
104, 51, 91,
89, 41, 68,
91, -19, 29,
134, 67, 77,
110, 17, 114,
156, 30, 65,
114, 35, 34,
63, 34, 84,
81, -1, 43,
112, 32, 37,
139, 10, 65,
67, 45, 74,
119, -18, 81,
140, 25, 91,
65, 4, 46,
160, 18, 16,
84, 10, 74,
104, 31, 71,
99, 41, 47,
127, 62, 60,
129, 20, 125,
94, -14, 93,
122, 20, 49,
115, -16, 43,
108, 49, 98,
84, 35, 76,
102, -16, 21,
131, 33, 37,
32, 15, 44,
58, 42, 13,
104, 9, 55,
94, 47, 40,
120, 21, 98,
94, 37, 0,
128, 7, 47,
148, 66, 54,
75, 19, 72,
64, 34, 57,
72, 1, 74,
106, 34, 58,
84, 11, 86,
107, 47, 74,
129, 30, 66,
62, 38, 64,
76, 17, 46,
64, 19, 3,
77, 94, 97,
85, 51, 61,
127, 9, 126,
105, 75, 40,
130, 21, 60,
143, 2, -14,
112, 43, 80,
119, 9, 57,
130, 11, 47,
86, 18, 40,
105, -4, 75,
104, -7, 55,
100, 7, 63,
120, 35, 112,
137, 71, 86,
96, 53, 66,
51, 3, 91,
82, 67, 55,
72, 49, 67,
99, 77, 32,
33, 48, 44,
87, 48, 9,
51, 73, 109,
116, -16, 131,
163, 15, 77,
68, 21, 73,
88, 27, 58,
152, 8, 55,
110, 27, 25,
107, 8, 85,
66, 17, 32,
133, -3, 66,
120, 23, 124,
113, 62, 80,
51, 38, 24,
139, 22, 80,
106, 23, 41,
60, 37, 15,
111, 48, 74,
115, 32, 62,
79, 27, 120,
110, 20, 69,
112, 55, 93,
101, 24, 43,
115, 18, 88,
93, 64, 43,
151, 23, 41,
114, 21, 45,
120, 5, 66,
58, 18, 79,
93, 44, 26,
70, 17, 19,
100, -14, 92,
91, 19, 44,
63, 34, 32,
72, 11, 14,
117, 59, 98,
89, 7, 52,
72, 126, 102,
116, 57, 97,
111, 16, 75,
75, 44, 80,
64, 10, 78,
86, 41, 60,
83, 73, 59,
110, 219, 38,
76, 25, 30,
90, -13, -2,
80, 41, 62,
93, 98, 96,
120, 2, 138,
137, 47, 46,
94, 18, 34,
99, 86, 25,
121, 24, 81,
65, -27, 41,
112, 38, 76,
102, 11, 67,
45, 11, 66,
120, 8, 65,
129, 43, 54,
69, -4, 103,
118, 3, 54,
96, 36, 72,
77, -27, 47,
120, 20, 42,
41, -2, 13,
119, 4, 105,
81, 51, 69,
80, 13, 54,
82, 71, 103,
133, 39, 81,
54, -22, 53,
123, 52, 61,
100, 21, 81,
127, 27, 112,
81, 43, 27,
96, 100, 74,
67, 16, 58,
38, -13, 37,
58, 65, 62,
109, 29, 45,
89, 28, 88,
72, 38, 47,
169, 26, 98,
119, 39, 63,
117, 25, 74,
80, 19, 45,
49, 1, 23,
58, 39, 70,
84, 4, 69,
158, 37, 76,
121, 41, 50,
106, 23, 61,
136, 16, 89,
138, 26, 111,
40, 32, 70,
66, 56, 20,
63, 45, 93,
103, 50, 75,
120, 5, 77,
107, 4, 57,
85, 12, 41,
140, 50, 75,
76, 49, 53,
42, 15, 75,
88, 52, 34,
108, -15, 50,
109, 26, 42,
82, -2, 27,
52, -7, 24,
136, -15, 87,
65, 56, 30,
111, 13, 42,
113, 15, 94,
111, -8, 63,
58, -13, 73,
97, 19, 56,
54, 51, 86,
47, 20, 53,
101, 40, 65,
145, 26, 23,
71, 13, 78,
65, -14, 71,
55, 9, 68,
85, -23, 47,
127, 36, 81,
65, -21, 68,
93, 13, 45,
92, -10, 78,
90, 59, 68,
78, 12, 86,
103, 40, 86,
104, 34, 97,
85, 0, 76,
82, 49, 52,
120, 31, 76,
103, 78, 96,
45, 22, 40,
123, 35, 59,
65, 20, 43,
36, -9, 21,
114, 18, 86,
116, 56, 85,
103, 26, 89,
62, 28, 56,
123, 29, 31,
106, 18, 34,
101, -2, 7,
107, -4, 74,
109, -8, 34,
63, -1, -18,
80, 17, 55,
54, 2, 65,
95, 44, 125,
77, -18, -10,
112, 54, 35,
126, 41, 59,
96, -4, 53,
89, -33, 62,
130, 21, 58,
94, -255, 41,
90, -8, 5,
109, 24, 105,
78, 40, 82,
55, 29, 8,
119, 65, 136,
114, 54, 111,
87, 22, 37,
126, 37, 48,
98, 14, 64,
41, 15, 19,
153, 51, 88,
72, 12, 72,
110, 55, 49,
119, -7, 64,
69, 97, 34,
104, 36, 87,
70, 15, 99,
123, -17, 49,
124, 19, 59,
76, 58, 28,
101, 41, 89,
91, 47, 63,
128, 16, 141,
59, 4, 48,
95, 14, 41,
101, 5, 65,
78, 7, 62,
90, 19, 91,
111, -6, 81,
55, -14, 44,
129, 20, 86,
72, 9, 82,
101, 19, 99,
81, 3, 8,
156, 92, 73,
77, 8, 98,
104, 57, 101,
119, 17, 94,
93, 50, 72,
97, 7, 43,
147, 26, 78,
106, 57, 58,
145, -6, 58,
91, 0, 48,
95, 30, 60,
72, 22, 44,
110, 34, 47,
111, -12, 18,
116, 3, 33,
127, 55, 55,
121, -44, 54,
60, 21, 113,
117, -13, 34,
99, -39, 49,
112, -11, 97,
77, 44, 28,
132, 47, 45,
101, -214, 92,
88, 21, 91,
71, -14, 33,
106, 14, 74,
115, -35, 64,
98, 8, 65,
115, 31, 4,
75, -32, 13,
104, 30, 64,
105, -16, 45,
94, 17, 30,
121, 22, 44,
61, -1, 66,
99, 56, 39,
83, 34, 90,
118, 23, 51,
124, 76, 88,
74, -3, 79,
112, 28, 99,
76, -34, 74,
74, 17, 66,
147, 41, 78,
62, 62, -3,
94, 29, 27,
73, 20, 69,
135, 7, 80,
71, 19, 93,
97, 42, 87,
101, 41, 3,
102, 44, 88,
87, 63, 86,
97, 41, 105,
79, 28, 49,
64, -1, 49,
91, 35, 42,
82, 14, 111,
88, -9, 66,
