90, 43, 77,
81, 27, 64,
113, 66, 77,
119, 45, 37,
97, 29, 48,
95, 41, 49,
139, 22, 55,
149, 51, 52,
121, 34, 74,
88, -39, 37,
56, 46, 78,
68, 17, 22,
74, -22, 58,
91, 83, 48,
92, -12, 54,
84, 24, 2,
138, 5, 64,
82, -2, 48,
137, -6, 77,
103, 42, 23,
71, 16, 82,
93, -2, 78,
156, 38, 51,
87, 25, 66,
100, 55, 66,
126, 13, 92,
142, 24, 53,
160, 11, 56,
71, 16, 80,
111, 51, 20,
113, 29, 63,
119, 18, 68,
64, 14, 83,
99, 7, 120,
88, 14, 9,
81, 19, 41,
121, -4, 88,
101, 17, -13,
124, 65, 103,
78, 24, 88,
113, 27, 81,
123, 0, 56,
54, 9, 99,
46, 41, 66,
106, -6, 125,
74, 32, 76,
115, 29, 51,
104, -35, 46,
111, 37, 47,
85, 27, 69,
97, 25, 44,
115, 43, 42,
128, -12, 23,
97, 20, 83,
127, 61, 110,
108, 35, 108,
62, 32, 13,
122, 52, 25,
114, 19, 59,
101, -14, 28,
118, -5, 5,
120, 2, 70,
162, 89, 95,
85, 29, 15,
121, -13, 45,
26, -1, 76,
65, 38, 35,
47, 25, 25,
69, 1, 42,
119, 58, 30,
127, 2, 22,
71, 3, -6,
111, 36, 101,
61, 22, 79,
86, -10, 52,
90, 34, 33,
90, 54, 78,
109, 44, 56,
94, 32, 54,
113, 54, 84,
99, 31, 50,
151, -15, 53,
107, -2, 58,
109, 17, 46,
73, 4, 69,
81, 19, 44,
108, 27, 76,
46, -3, 50,
103, 16, 87,
90, 12, 49,
101, -3, 123,
114, 77, 45,
104, -26, 24,
69, 30, 39,
110, 0, 60,
119, 36, 78,
88, 34, 73,
104, 32, 72,
83, 21, 6,
106, 31, 40,
64, -7, 75,
115, 33, 131,
121, 28, 82,
95, 64, 65,
107, 14, 132,
113, 52, 49,
86, 55, 106,
117, 0, 59,
75, 42, 76,
82, -16, 58,
98, -4, 54,
85, 33, 70,
70, 60, 68,
71, 13, 51,
71, 3, 74,
150, 0, 50,
105, 54, 64,
109, 24, 37,
83, 40, 71,
105, -26, 67,
118, 60, 82,
110, 36, 97,
127, 18, 88,
37, 26, 82,
122, 44, 83,
94, 27, 70,
95, -14, 67,
80, -7, 99,
61, 22, 120,
111, -17, 46,
98, -9, 46,
115, 59, 29,
98, 4, 73,
101, 12, 100,
97, 37, 74,
51, 31, 14,
96, 16, 31,
105, 67, 50,
80, -3, 111,
135, 56, 51,
51, 43, 48,
131, 81, 57,
59, 77, 45,
55, 10, 38,
96, 70, 76,
129, -12, 66,
90, -6, 87,
95, 84, 75,
119, 15, 60,
97, 68, 60,
89, 19, 76,
101, 37, 47,
95, 43, 105,
85, -19, 67,
85, 86, 33,
84, 38, 58,
62, 24, 63,
95, 41, 29,
122, 13, 98,
72, -9, 79,
113, -20, 66,
75, 12, 76,
116, 55, 84,
51, 15, 62,
139, 55, 62,
87, 61, 63,
110, 48, 155,
78, 32, 20,
88, 42, 54,
112, 23, 69,
89, 39, 86,
146, 21, 94,
134, 29, 109,
84, 3, 55,
133, 47, 109,
125, -5, 75,
95, 19, 7,
46, 27, 16,
120, 13, 83,
147, 31, 45,
43, 57, 59,
163, 19, 19,
103, 83, 42,
90, 84, 86,
121, 48, 63,
95, -15, 57,
131, 46, 53,
88, 23, 37,
112, 38, 88,
76, 12, 52,
147, 52, 44,
96, -1, 65,
122, 31, 63,
104, 10, 50,
76, 34, 89,
109, 22, 110,
116, 57, 75,
113, 69, 83,
120, 7, 81,
90, 52, 69,
82, 59, 109,
144, 56, 61,
111, 6, 36,
139, -13, 54,
75, 19, 67,
87, 37, 39,
58, 62, 73,
62, 58, 65,
119, 35, 91,
109, -11, 55,
151, 30, 63,
96, 27, 42,
95, 25, 80,
111, 51, 54,
143, 29, 106,
34, 13, 69,
114, 73, 91,
66, -21, 122,
98, 8, 73,
112, -6, 39,
148, 32, 76,
88, 21, 56,
96, 66, 86,
133, 14, 31,
138, 19, 63,
115, 44, 76,
72, 28, 42,
97, 35, 72,
111, 48, 60,
79, 34, 52,
72, 48, 78,
91, 0, 84,
50, 23, 72,
86, 38, 43,
85, 40, 45,
129, -1, 40,
88, 45, 63,
110, 33, 68,
117, 29, 52,
132, 28, 6,
108, 20, 46,
121, 53, 94,
78, 41, 36,
99, 16, 56,
55, 1, 25,
121, 48, 32,
128, 45, 69,
90, -29, 37,
77, 20, 69,
97, 19, 4,
107, 25, 79,
101, 50, 106,
47, 28, 70,
143, 62, 77,
80, 19, 20,
73, -6, 78,
105, 62, 29,
117, -19, 31,
109, -20, 30,
142, -7, 14,
69, 4, 40,
59, 20, 11,
101, 29, 51,
98, 60, 99,
96, 39, 103,
121, 53, 84,
99, -28, 33,
119, 73, 125,
84, -1, 18,
99, 8, 15,
132, 10, 51,
61, 13, 66,
107, 70, 29,
34, 4, 6,
119, 1, 71,
132, 41, 86,
47, 9, 29,
99, 31, 13,
124, 42, 67,
87, 33, 60,
90, 37, 60,
89, 51, 78,
61, -7, 66,
62, 13, 93,
88, -23, 75,
97, 36, 10,
109, 4, 53,
114, 69, 116,
118, 13, 70,
102, 16, 47,
117, 51, 115,
47, 42, 31,
122, 82, 109,
105, 10, 61,
152, 40, 54,
60, 25, 49,
70, -10, 31,
102, 81, 76,
43, 26, 68,
90, 37, 74,
110, 17, 48,
46, 34, 38,
97, 36, 100,
59, 1, 67,
124, 42, 115,
55, 45, 50,
91, 81, 21,
89, 37, 84,
131, 34, 100,
105, 25, 29,
88, -27, -8,
85, 22, 47,
91, 19, 57,
128, 12, 78,
78, 20, 108,
110, 36, 92,
134, -13, 62,
94, -8, 46,
120, -14, 46,
128, 17, 45,
112, 58, 60,
101, 23, 62,
61, 2, 110,
106, 36, 48,
121, 32, 84,
106, 43, 67,
106, 51, 36,
80, 65, 70,
79, 5, 24,
82, 19, 31,
91, 19, 25,
156, 64, 45,
126, 0, 36,
27, 38, 51,
60, 47, 27,
154, 75, 54,
117, 1, 43,
99, 62, 70,
117, 25, 19,
111, 1, 32,
94, 24, 60,
94, -5, 34,
106, 30, 97,
84, 4, 70,
105, 81, 106,
107, 16, 43,
138, 67, 72,
122, 11, 1,
81, 24, 57,
105, 33, 68,
103, 65, 64,
102, 2, 7,
117, 36, 63,
110, 30, 7,
132, 10, 74,
141, 99, 75,
130, 61, -187,
128, 39, 38,
139, 39, 81,
122, 52, 101,
69, 20, 21,
141, 47, 113,
70, -14, 63,
133, 40, 57,
97, 32, 48,
97, 47, -13,
84, 12, 15,
79, 47, 61,
149, 11, 54,
88, 20, 52,
110, 37, 76,
106, 31, 45,
112, 71, 36,
129, 3, 6,
122, 75, 71,
100, 27, 45,
100, 13, 78,
80, 34, 28,
85, -29, 81,
122, 17, 81,
117, 11, 46,
56, 7, 43,
155, 37, 40,
115, 65, 88,
102, -4, 51,
93, 11, 75,
149, 41, 84,
129, 8, 79,
71, 54, 60,
82, 24, 99,
97, -13, 24,
109, 51, 121,
89, 33, 109,
106, 20, 71,
103, 76, -5,
74, 11, 0,
125, 56, 34,
97, 22, 44,
71, 67, 50,
80, 80, 117,
43, 44, 74,
87, 27, 69,
131, 28, 117,
82, 23, 95,
134, 13, 69,
136, 28, 93,
128, 75, 113,
48, 33, 92,
92, 40, 19,
135, 89, 100,
152, 102, 109,
105, 3, 101,
106, 30, 157,
63, 76, 33,
81, 12, 104,
84, 49, 53,
112, 29, 29,
92, 37, 110,
85, 8, 6,
92, 31, 37,
135, 43, 68,
81, 31, -13,
122, 24, 65,
143, -21, 99,
81, 56, 118,
94, 5, 56,
128, 69, 72,
122, -16, 89,
102, -5, 83,
125, 33, 64,
99, 30, 101,
73, 9, 9,
69, 16, 50,
73, 17, 18,
75, -7, 48,
13, 45, 57,
112, 20, 37,
125, 15, 75,
107, 28, 82,
95, -2, 14,
92, -36, 65,
76, 41, 71,
98, 22, 57,
83, 21, 65,
67, 45, 31,
106, 0, 66,
128, -17, 64,
56, -9, 38,
107, 2, 76,
115, 74, 32,
112, 76, 77,
97, 6, 11,
101, 36, 57,
147, 46, 46,
75, 14, 55,
97, 81, 29,
104, 24, 47,
96, 21, 71,
116, 27, 29,
60, 5, 59,
105, 68, 70,
108, 28, 44,
104, 22, 71,
99, 36, 16,
69, -13, 114,
76, 18, 99,
74, 1, 67,
132, 51, 26,
96, 51, 119,
88, 3, 59,
103, 27, 46,
74, 44, 86,
39, 54, 103,
108, 47, 86,
82, 23, 75,
112, 5, 63,
75, 35, 93,
44, 11, 7,
145, 30, 39,
124, 25, 60,
67, 31, 105,
102, -2, 64,
87, 30, 38,
42, 31, 56,
70, -11, 58,
90, 30, -2,
133, 25, 88,
94, 7, 74,
66, 6, 21,
90, 41, -35,
130, 59, 152,
119, 14, 65,
102, 84, 78,
42, 34, 73,
101, 51, 65,
74, -5, 51,
101, 37, 37,
79, 21, 42,
52, 49, 20,
73, -27, 91,
94, 11, 27,
93, 38, 56,
70, 63, 58,
115, 57, 130,
81, 37, 46,
102, 78, 66,
97, 18, 82,
96, 9, 58,
65, 0, 50,
122, 65, 85,
90, 55, 35,
89, -3, 52,
49, 25, 67,
116, 55, 87,
118, 20, 42,
77, -16, 30,
140, 17, 64,
112, 37, 48,
138, 37, 30,
123, 19, 30,
70, 10, 47,
71, 3, 127,
162, 56, 75,
105, 51, 39,
80, 63, 76,
114, 45, 55,
100, 47, 74,
103, 19, 59,
83, 20, 82,
123, 55, 5,
80, -2, 44,
114, 3, 72,
83, 29, 46,
98, 9, 39,
90, -24, 51,
103, 4, 21,
90, 9, 88,
125, 22, 26,
141, 46, 67,
118, 17, 77,
116, 7, 65,
87, -12, 71,
113, 57, 82,
96, 40, 24,
76, 82, 35,
114, 25, 30,
69, 23, 37,
101, 25, 41,
94, 56, 75,
52, 24, 114,
121, 38, 56,
91, 14, 50,
108, 65, 87,
38, 24, 64,
71, 49, 71,
57, 39, 40,
100, -26, 70,
57, 25, 60,
55, 37, 5,
74, 23, 84,
60, -6, 59,
115, 27, 91,
119, 6, 52,
88, -13, 47,
62, 23, 59,
109, 18, 67,
90, 2, 15,
130, 7, 87,
113, 38, 59,
115, 28, 85,
74, -8, 47,
94, 52, 89,
67, 40, 56,
94, 5, 36,
159, 0, 46,
98, 15, 98,
140, -12, 97,
98, 30, 48,
116, 14, 64,
85, 45, 64,
105, 50, 101,
113, 47, 36,
46, -8, 3,
115, 33, 94,
57, 13, 52,
92, 34, 47,
117, 19, 25,
94, 38, 18,
91, 18, 54,
91, 24, 36,
105, 30, 98,
108, 39, 121,
93, 53, 25,
77, 49, 52,
79, 63, 70,
80, -9, 20,
107, -2, 56,
101, 66, 64,
83, 45, 81,
92, -21, 50,
83, -1, 5,
153, 31, 63,
129, 13, 24,
89, 55, 11,
133, -7, 28,
91, -3, 69,
107, 41, 115,
103, 24, 30,
109, 44, 55,
59, 55, 45,
142, -12, 75,
107, 15, 31,
152, 0, 38,
103, -40, 18,
108, 37, 76,
68, -47, 61,
138, 29, 64,
109, 25, 62,
95, 35, 16,
98, 8, 46,
117, 24, 65,
133, 42, 80,
91, 28, 51,
94, -8, 28,
85, 55, 50,
86, 3, 74,
139, 49, 51,
70, -2, 70,
87, -10, 40,
88, 13, 41,
89, 56, 54,
107, 16, 86,
93, 22, 110,
88, 53, 79,
115, 30, 46,
70, 45, 70,
121, 52, 91,
61, 14, 36,
118, 1, 48,
71, 44, 47,
86, 34, 72,
106, 92, 49,
91, 5, 22,
59, -31, 68,
90, 64, 117,
93, 71, 68,
56, -1, 51,
71, 42, 63,
53, 25, 27,
68, 82, 62,
92, 26, 131,
115, 80, 94,
108, 71, 93,
119, 15, 25,
112, 3, 55,
114, -12, 79,
100, 35, 29,
114, -11, 73,
53, -7, 72,
65, 22, 73,
71, 40, 78,
95, 29, 72,
147, 63, 45,
61, 12, 40,
78, 43, 98,
128, 72, 42,
34, 30, 80,
79, 13, 74,
93, 56, 38,
68, 11, 48,
110, 13, 71,
62, 29, 57,
103, 68, 29,
101, -30, 64,
95, 23, 104,
92, 36, 64,
69, 22, 50,
85, -38, 53,
106, 8, 81,
103, 61, 12,
100, 16, 21,
118, 66, 79,
105, 15, 88,
102, 20, 52,
122, 4, 49,
92, 28, 59,
63, 10, 21,
134, 69, 72,
100, 27, 51,
95, 38, 53,
83, -6, 57,
67, 20, 44,
92, 40, 21,
119, 18, 103,
82, -12, 71,
134, 7, 43,
124, 31, 62,
168, 28, 54,
106, -23, 81,
94, 36, 90,
116, 60, 62,
118, 56, 35,
118, 39, 25,
81, 25, 38,
121, 34, 33,
89, 16, 85,
71, -28, 24,
123, 32, 77,
58, -12, 11,
111, 53, 52,
96, 41, 40,
85, 20, 68,
131, 38, 75,
94, 20, 79,
60, 34, 37,
78, 44, 71,
123, 51, 85,
108, 46, 94,
91, -26, 9,
72, 15, 48,
116, 14, 61,
101, 26, 113,
83, -4, 78,
117, 76, 94,
109, 36, 76,
78, 39, 73,
107, 24, 39,
108, 71, 37,
61, 42, 79,
65, 26, 122,
108, 4, 86,
99, 49, 77,
96, 26, 78,
63, 45, 92,
117, -17, 50,
98, 40, 49,
119, -9, 69,
55, 42, 47,
103, 10, 19,
56, 43, 83,
76, 75, 61,
104, 47, 22,
129, 95, 82,
107, 21, 93,
93, 34, 46,
117, 50, 99,
102, 41, 41,
93, 49, 78,
87, 30, 34,
77, 31, -15,
132, 36, 92,
136, 32, 12,
83, 12, 99,
127, 20, 73,
134, 29, 86,
88, 43, 103,
85, 18, 107,
68, 41, 45,
112, 40, 50,
108, 3, 119,
70, -10, 64,
133, 15, 26,
106, 71, 36,
75, -41, 33,
104, 39, 38,
115, 49, 84,
88, 6, 59,
54, 35, 60,
130, -38, 57,
95, 12, 65,
71, 15, 55,
100, -22, 43,
96, 20, 26,
142, 53, 50,
138, 81, 105,
96, 15, 94,
16, 13, 72,
113, 27, 86,
91, 34, 67,
21, 15, 1,
89, 6, 3,
119, 16, 33,
65, 5, 98,
108, 26, 20,
142, 24, 68,
131, 25, 76,
94, 15, 47,
118, 51, 75,
101, 8, 63,
74, 18, 62,
127, 38, 53,
48, 10, 90,
86, 29, 53,
106, -8, 41,
124, 34, 15,
90, 18, 79,
72, 47, 57,
96, 14, 62,
155, 45, 90,
91, 19, 90,
95, 11, 68,
81, 18, 46,
110, 38, 57,
112, 7, 84,
124, 37, 48,
120, 32, 74,
113, 4, 49,
68, 5, 93,
117, 33, 60,
120, 32, 59,
132, 56, 56,
146, 57, 92,
93, 91, 70,
85, 51, 106,
51, -4, 79,
89, 39, 46,
101, 26, 61,
99, -10, 52,
110, 36, 25,
43, 12, 49,
87, 64, 76,
139, 20, 96,
97, 31, 23,
158, 34, 86,
97, 59, 61,
138, 64, 28,
104, 18, 46,
99, 41, 21,
46, -3, 72,
129, 63, 60,
102, -1, 37,
78, 17, 65,
73, 5, 87,
97, 32, 63,
119, 58, 61,
63, -4, 47,
97, 40, 56,
130, 13, 73,
75, 12, 92,
104, -44, 20,
70, 37, 13,
124, 19, 76,
93, 20, 86,
110, 56, 74,
50, 33, 38,
81, 53, 14,
130, 59, 77,
93, 31, 55,
31, -19, 60,
63, 34, 83,
116, 3, 20,
84, 43, 52,
39, 25, 14,
104, 58, 67,
109, 53, 24,
87, 28, 83,
76, 45, 85,
95, 18, 53,
91, 37, 60,
139, 62, 38,
69, 54, 88,
94, -22, 40,
106, 14, 46,
111, 49, 63,
109, 41, 80,
91, 22, 47,
127, 50, 77,
116, 78, 13,
101, 43, 63,
75, 73, 120,
98, 39, 43,
85, 43, 94,
99, 37, -1,
111, 32, 71,
46, -31, 7,
78, -23, 56,
117, 27, 84,
106, 27, 41,
97, 4, 45,
68, -29, 50,
78, -1, 11,
90, 13, 112,
90, 7, 51,
110, 59, 55,
156, -17, 46,
121, -15, 65,
103, 14, 29,
81, 63, 39,
78, 5, 59,
100, -2, 80,
91, 20, 58,
114, 38, 56,
72, 21, 26,
80, 104, 93,
124, 23, 22,
118, 34, 91,
97, 11, 41,
79, 41, 57,
108, 22, 86,
105, 22, 75,
105, 47, 56,
103, 4, 21,
41, 49, 75,
134, 28, 31,
81, -31, -30,
75, -6, 43,
94, -11, 69,
83, 74, 36,
74, 5, 10,
115, -1, 105,
125, 13, 46,
136, 68, 31,
132, 57, 48,
76, 5, 50,
99, 65, 63,
63, -2, 47,
111, 53, 110,
166, 32, 62,
99, 10, 89,
85, 19, 45,
98, 25, 63,
76, 36, 42,
83, 2, 31,
61, 44, 36,
58, -9, 13,
39, 43, 78,
96, 46, 61,
107, 21, 77,
77, -1, 50,
104, 4, 51,
124, 7, 70,
106, 36, 65,
113, 10, 58,
122, 33, 80,
127, 21, 96,
54, 9, 59,
136, -21, 82,
105, 36, 38,
88, 0, 39,
113, 40, 42,
102, -13, 47,
114, 4, 63,
88, 41, 10,
70, -32, 80,
114, 14, 41,
106, 21, 51,
138, 18, 14,
120, 5, 104,
102, 25, 42,
110, 70, 112,
53, -46, 30,
91, 25, 53,
87, 11, 88,
88, 21, 102,
105, 51, 72,
161, 4, 21,
139, 33, 50,
105, 5, 73,
106, -28, 7,
99, 47, 64,
107, 31, 96,
126, -19, 17,
89, 46, 56,
89, 52, 67,
120, 16, 74,
87, 62, 89,
125, 31, -7,
72, 54, 31,
113, 42, 41,
68, -30, 72,
80, 43, 82,
66, -5, 56,
106, 31, 64,
51, -13, 61,
77, 12, 63,
117, 38, 60,
95, 4, 79,
67, 45, 139,
98, 25, 63,
111, -7, 75,
87, 7, 37,
71, -6, 108,
104, 61, 50,
81, -8, 13,
72, 2, 67,
116, 22, 91,
91, 32, 105,
153, 45, 144,
131, 14, 100,
127, 30, 71,
110, 47, 115,
100, 26, 73,
61, 1, 25,
69, -26, 29,
78, 4, 36,
87, 47, 67,
98, 1, 81,
111, -10, 36,
86, 4, 18,
57, 27, 56,
92, 53, 64,
77, 11, 104,
99, 43, 54,
93, 43, 73,
102, 4, 95,
89, 52, 66,
60, 44, 55,
149, 30, 20,
119, 20, 31,
88, 1, 57,
96, 38, 50,
66, 34, 24,
89, 57, 66,
82, 1, 53,
102, 12, 66,
107, 54, 90,
96, 19, 53,
117, 47, 122,
73, 12, 51,
105, 37, 72,
131, 2, 67,
55, -8, 17,
131, 53, 50,
89, -19, 74,
137, 54, 80,
130, 42, 75,
49, 17, 35,
136, 35, 92,
63, -36, 52,
122, 52, 72,
93, -1, 116,
102, 23, 88,
107, 13, 13,
98, 16, -2,
84, 9, 73,
62, 38, 16,
122, -13, 89,
92, 49, 78,
76, 50, 29,
96, 33, 102,
99, 3, 31,
61, 47, 57,
125, 51, 47,
136, 6, 45,
60, 22, 50,
64, 22, 55,
80, 4, 38,
131, -15, 86,
123, 55, 61,
83, 13, 30,
146, 32, 73,
113, 31, 54,
95, 7, 34,
98, 25, 68,
121, 49, 93,
90, 35, 49,
98, 47, 25,
60, 10, 11,
84, -19, 60,
121, 31, 80,
68, 32, 91,
121, 42, 30,
64, -15, 86,
90, 26, 28,
117, 19, 19,
106, 23, 83,
125, 9, 45,
104, 39, 58,
80, -1, 78,
98, 55, 53,
66, 15, 54,
120, 32, 85,
87, 14, 40,
100, 95, 43,
101, 68, 61,
101, 10, 64,
86, 43, 39,
99, 36, 73,
120, 22, 87,
83, 8, 73,
94, 52, 76,
124, 62, 56,
46, 33, -1,
100, 57, 49,
80, 28, 70,
10, 57, 62,
78, -5, 62,
31, -3, 35,
141, -24, 60,
127, 71, 68,
96, 28, 42,
135, 43, 56,
118, 53, 30,
73, -18, 58,
120, 23, 71,
66, 32, 65,
68, 41, 68,
146, 40, 63,
61, -17, 35,
106, 30, 77,
160, 38, 93,
80, -3, 44,
154, 25, 76,
104, 46, 77,
100, 35, 37,
97, 87, 71,
84, 23, 75,
83, 34, 52,
153, 51, 46,
116, 27, 51,
115, 26, 35,
87, 26, 70,
72, 7, 97,
106, 30, 77,
84, 53, 59,
92, 54, 66,
56, 1, 3,
131, 12, 70,
87, 30, 41,
112, -31, 39,
114, -8, 61,
73, -15, -3,
104, 33, 81,
54, 9, 18,
101, -9, 49,
72, 42, 80,
54, 4, 76,
81, 30, 71,
85, 3, 43,
57, 25, 62,
93, 71, 6,
126, 25, 47,
111, -2, 61,
121, 57, 54,
84, 17, 69,
87, 44, 74,
94, 17, 55,
137, 27, 105,
145, 30, 65,
73, 30, 36,
62, 32, 103,
81, -7, 58,
93, 45, 65,
56, 3, 72,
87, 55, 3,
144, 20, 77,
101, 34, 79,
68, 40, 100,
101, -8, 53,
87, 36, 80,
70, -7, 81,
79, 29, 79,
80, 34, 73,
73, 251, 81,
111, 5, 41,
125, 11, 44,
100, 38, 74,
112, 11, 38,
94, -11, 77,
90, 75, 31,
140, 45, 25,
89, -10, 25,
101, -46, 12,
94, 35, 118,
72, 13, 46,
131, 64, 43,
67, 42, 92,
130, 18, 96,
105, 66, 22,
104, 73, 32,
122, 33, 65,
70, 14, 53,
130, 21, 100,
96, 38, 33,
153, 67, 70,
70, 30, 97,
98, 36, 92,
68, 69, 12,
88, 25, 22,
135, 14, 112,
72, 27, 108,
87, 12, 40,
111, 25, 57,
96, -3, 44,
108, 19, 59,
107, 49, 64,
88, 54, 74,
92, 21, 61,
132, 11, 55,
111, 36, 105,
92, 5, 60,
80, 37, 78,
115, 50, 91,
55, -5, 57,
73, 24, 24,
99, 36, 23,
113, 9, 2,
98, 32, 52,
94, 42, 122,
100, -7, 94,
94, -7, 23,
91, 19, 53,
104, 15, 8,
42, 57, 7,
60, -1, 41,
106, -7, 45,
108, 23, 29,
90, 43, 143,
71, -2, 58,
101, 9, 46,
54, -7, 73,
159, 50, 42,
105, 3, 65,
133, 72, 54,
107, 24, 71,
114, 27, 89,
94, 16, 82,
101, 18, 100,
81, 49, 32,
65, 38, 46,
103, 34, 37,
73, 50, 45,
87, 29, 57,
62, 56, 57,
76, 44, 61,
73, 50, 50,
103, 61, 47,
105, 0, 57,
114, 63, 74,
83, 59, 51,
121, 20, 82,
116, 57, 43,
117, 53, 123,
83, -23, 60,
76, 24, 50,
93, 44, 42,
138, 49, 117,
98, 13, 32,
121, 53, 91,
106, 30, 82,
109, 31, 69,
91, 41, 81,
95, 90, 78,
87, 23, 31,
106, 68, 68,
92, 19, 41,
69, -3, 57,
63, -18, 73,
60, 30, 67,
100, 0, 36,
119, 40, 141,
139, 11, 90,
47, -5, 15,
113, 36, 18,
98, 40, 3,
108, -36, 126,
83, 26, 27,
127, 78, 26,
54, 36, 21,
103, -19, 30,
88, 28, 93,
104, 67, 56,
167, -11, 57,
127, 2, 75,
86, 60, 28,
92, -11, 103,
170, 43, 91,
93, 58, 51,
132, 46, 66,
108, 49, 58,
146, 78, 12,
56, -16, 41,
85, 8, 74,
50, -17, 25,
73, 18, 78,
105, 61, 107,
92, 48, 104,
116, 24, 46,
106, 69, 117,
73, -18, 39,
98, 21, 74,
128, 63, 17,
103, 15, 90,
54, 48, 58,
55, 51, 95,
109, 69, 84,
36, 41, 63,
65, 25, 48,
139, 49, 104,
62, -3, 46,
91, 62, 57,
120, 2, 87,
68, -26, 36,
112, -11, 13,
64, 14, 28,
128, 45, 37,
101, 67, 68,
72, 75, 52,
64, 28, 117,
80, 26, 31,
100, 243, 79,
89, 22, 68,
96, 18, 77,
94, 33, 74,
105, 53, 51,
101, 23, 127,
73, -16, 101,
50, 5, 30,
124, 62, 94,
71, -40, 54,
116, 14, 52,
77, 29, 18,
68, 57, 49,
91, -18, 54,
108, 46, 43,
110, 49, 52,
50, 16, 23,
77, 5, -4,
99, 44, 85,
55, 36, 50,
12, 12, 69,
79, 17, 48,
90, 14, 10,
98, -16, 55,
95, 34, 27,
67, 39, 58,
113, -6, 59,
133, -6, 90,
92, 25, 21,
100, -65, 66,
137, 18, 16,
90, 30, 23,
87, 47, 17,
110, 71, 98,
81, 55, 75,
103, 3, 63,
88, 57, 50,
95, 38, 51,
127, 34, 34,
126, 18, 47,
112, 56, 50,
41, 22, 36,
71, 33, 46,
134, 17, 60,
93, 29, 72,
102, 32, 71,
107, 45, 49,
140, 19, 37,
108, 67, 46,
155, 30, 80,
73, -50, 96,
66, 40, 90,
104, 30, 6,
83, 57, 87,
135, 15, 49,
109, 18, 3,
69, 50, 104,
47, 59, 67,
71, 45, 50,
87, 54, 41,
137, 63, 94,
106, 9, 38,
106, 49, 19,
96, 37, 55,
105, 47, 10,
87, 76, 52,
67, -2, 72,
105, 4, 106,
89, 36, 58,
102, -6, 49,
85, 5, 81,
92, -8, 61,
95, 49, 48,
86, 34, -3,
94, -23, 138,
80, 67, 17,
91, 41, 30,
113, 28, 79,
121, 54, 20,
84, -20, 57,
77, 13, 67,
70, 39, 42,
99, 61, 28,
128, 98, 65,
100, 21, 65,
59, 29, 28,
150, 31, 49,
77, 70, 48,
46, -4, 53,
99, 39, 102,
112, 17, 83,
85, 15, 93,
98, 79, 69,
81, 17, 51,
40, 57, 36,
98, -11, 29,
111, 27, 48,
121, 17, 50,
115, 8, 76,
75, 40, 62,
110, 38, 34,
69, 32, 27,
118, 21, 118,
90, 54, 11,
106, 53, 64,
81, 32, 69,
26, -8, 44,
99, 15, 26,
110, 16, -21,
92, 8, 71,
122, 49, 94,
123, 56, 63,
90, 18, 94,
64, 72, 58,
128, 17, 57,
104, -2, 35,
89, -226, 122,
107, 30, 20,
130, 83, 63,
97, 27, 114,
100, 32, 81,
108, 28, 70,
132, 20, 91,
66, 41, 55,
100, 32, 112,
123, 24, 71,
107, -1, 87,
69, 51, 73,
99, 39, 48,
60, 16, 73,
124, 15, 57,
96, -17, 62,
79, 29, 29,
104, 21, 54,
110, 6, 75,
92, 8, 24,
98, 16, 65,
86, 20, 26,
68, -1, 21,
143, 19, 14,
76, 37, 87,
77, 49, 91,
133, 35, 28,
108, 5, 85,
86, 6, 63,
130, 61, 92,
64, -11, 47,
69, -10, 68,
121, 32, 92,
106, 42, 60,
97, 16, 63,
100, 26, 38,
138, 19, 21,
128, 8, 61,
89, 4, 66,
72, 50, 12,
125, 59, 46,
129, 32, 72,
122, -19, 101,
132, 49, 54,
117, -7, 36,
149, 31, 64,
65, 0, 54,
111, 49, 84,
77, 4, 63,
122, 36, 73,
128, 54, 38,
87, 33, 66,
102, 40, 39,
111, 30, 163,
108, 46, 65,
80, 56, 39,
91, 56, 94,
116, 10, 65,
101, 33, 29,
111, 0, 66,
116, -1, 30,
104, 17, 26,
87, 15, 42,
72, 30, 109,
130, 8, 57,
120, 30, 74,
146, 80, 62,
108, 8, 42,
148, 81, 31,
82, -12, 45,
107, 66, 56,
112, -4, -9,
136, 19, 103,
125, 5, 36,
70, 56, 29,
116, 56, 54,
102, 45, 37,
94, 15, 57,
69, 27, 16,
101, 29, 77,
78, -22, 40,
106, 1, 31,
63, 32, 16,
48, 6, 90,
82, 3, 45,
130, -1, 6,
76, 83, 78,
138, 33, 76,
114, 45, 70,
89, 47, 69,
79, -3, 32,
91, -17, 72,
89, 25, 65,
95, 51, 43,
55, -17, 27,
59, 26, 46,
82, 11, -5,
123, 68, 79,
48, 50, 76,
124, 8, 74,
88, 8, 79,
71, 26, 76,
110, 28, 77,
23, 30, 57,
76, 14, 62,
58, 22, 13,
99, 21, 44,
111, 34, 40,
115, -5, 232,
109, 42, 38,
68, 11, 98,
118, 22, 27,
70, 40, 49,
139, 30, 59,
94, 5, 56,
32, 4, 60,
100, 14, 42,
83, 9, 38,
94, 8, 46,
66, 24, -28,
93, 77, 63,
92, 47, 61,
128, 58, 81,
73, -6, 18,
75, 26, 81,
135, 47, 61,
113, -7, 94,
91, 30, 42,
94, 46, 66,
76, 15, 70,
115, 5, 47,
65, 36, 32,
142, 39, 25,
100, 25, 118,
114, 28, 52,
92, 12, 25,
135, 31, 42,
32, -22, -9,
38, 5, 65,
91, 35, 53,
77, 2, 75,
117, 63, 25,
105, 11, -16,
71, 15, 41,
114, 1, 37,
88, 31, 40,
85, -3, 32,
97, 50, 47,
79, 48, 94,
48, 1, 64,
63, 6, 31,
92, 75, 43,
93, 61, 40,
92, 42, 20,
138, 36, 79,
51, -39, 105,
72, -2, 101,
78, 105, 108,
89, 50, 62,
70, 20, 69,
128, 16, 97,
119, 3, 84,
62, 64, 53,
133, 77, 77,
127, 60, 57,
121, 28, 11,
38, -36, 47,
82, 9, 82,
118, 53, 50,
91, 37, 46,
101, 13, 47,
89, 19, 33,
124, 10, 74,
67, 21, 57,
126, 58, 87,
112, -49, 23,
96, -3, 12,
67, 67, 19,
78, 23, 52,
142, 57, 26,
100, 19, 103,
113, 13, 51,
124, 51, 80,
132, 28, 63,
122, -36, 114,
95, 2, 59,
33, 29, 37,
113, 13, 63,
117, 23, 33,
93, 59, 3,
79, 68, 61,
138, 33, 114,
93, 16, 66,
102, 14, 104,
97, 19, 105,
110, 14, 67,
59, 8, 74,
84, 70, 107,
100, 4, 52,
125, 35, 93,
118, 15, 47,
99, 51, 75,
55, 35, 65,
117, 5, 82,
104, 43, 72,
116, 53, 22,
93, 11, 38,
113, -30, 72,
120, 6, 12,
88, -20, 45,
69, 9, 52,
128, 13, 41,
95, 32, 41,
82, 28, 45,
99, -11, 77,
107, 31, 73,
154, 49, 135,
47, 19, 91,
148, 23, 67,
88, 25, 24,
95, 64, 101,
81, 0, 20,
74, 0, 30,
135, 45, 112,
64, 2, 74,
105, 57, 77,
92, 46, 25,
113, 15, 125,
98, 31, 104,
98, 109, 25,
100, 25, 20,
93, 25, -3,
128, 40, 48,
93, 51, 89,
47, 21, 57,
134, 30, 57,
62, 63, 28,
89, 30, 77,
115, 6, 90,
75, -40, 52,
102, 7, 49,
141, 11, 32,
100, 2, 54,
99, -27, 31,
126, 15, 89,
117, 56, 69,
29, 7, 49,
107, 35, 38,
79, 28, 45,
63, 3, 78,
136, 29, 72,
68, 5, 71,
118, -7, 90,
125, 19, 58,
120, 18, 76,
62, -16, 88,
104, 21, 82,
104, 9, 28,
52, 48, 51,
32, 4, 46,
123, 10, 57,
128, 52, 64,
94, -7, 26,
100, 39, 32,
89, 17, 37,
119, 86, 61,
79, 15, 70,
75, 14, 47,
107, 56, 76,
80, 25, 46,
101, -14, -8,
106, 14, 42,
109, 26, 84,
90, 4, 64,
82, 9, 20,
111, 50, 65,
101, 16, 60,
119, -10, 10,
90, 72, 35,
68, 22, 22,
129, 32, 97,
78, 26, 104,
116, 27, 98,
109, 14, 103,
117, 36, 59,
99, 30, 66,
78, 39, 44,
87, 25, 28,
106, 16, 59,
29, 6, 25,
67, 49, 2,
95, 54, 61,
126, 31, 79,
50, 14, 4,
136, 74, 38,
105, 35, 24,
109, 36, 93,
60, -31, 5,
108, 14, 81,
104, 20, 119,
74, 31, 66,
74, -15, 6,
79, 40, 41,
28, 6, 29,
80, 34, 49,
86, 50, 70,
105, 40, 44,
98, 62, 53,
119, 18, 46,
131, 38, 41,
83, -1, 32,
96, 22, 56,
120, 49, 101,
84, 24, 37,
51, 27, 13,
100, 23, 105,
94, 4, 30,
70, -36, 63,
115, -14, 102,
90, 64, 62,
75, 16, 78,
167, 55, 90,
98, 29, 37,
79, 44, 54,
72, 15, 15,
93, 22, 88,
85, 29, 22,
66, -8, 89,
105, -2, 63,
142, 20, 50,
129, 56, 96,
36, 40, 52,
123, 19, 24,
101, 16, 110,
77, -8, 60,
54, 66, 81,
88, -30, 45,
107, 49, 69,
143, 44, 54,
121, 7, 125,
103, 47, 69,
93, 20, 48,
98, 35, 54,
119, 80, 98,
85, 4, 66,
71, 21, 44,
105, 13, 9,
77, -3, 79,
81, 70, 53,
84, 48, 38,
94, 32, 77,
122, 72, 119,
91, -2, 54,
91, 15, 90,
82, 22, 92,
110, -13, 71,
93, 34, 79,
86, -53, 80,
115, 67, 74,
111, 52, 122,
53, 18, 82,
107, 34, 30,
100, 125, 75,
61, -5, 37,
99, 30, 66,
136, 58, 85,
135, 56, 60,
52, 31, 69,
132, 69, 13,
128, 37, 57,
87, 21, 59,
115, 65, 106,
30, 24, 83,
97, 40, 113,
69, 24, 69,
80, 32, 59,
144, 50, 55,
127, 32, 86,
78, 38, 127,
112, 242, 94,
102, 6, 39,
100, 55, 50,
78, 72, 69,
79, 13, 46,
131, -10, 33,
54, 7, 88,
36, 72, 82,
52, 67, 49,
129, 23, 83,
96, 30, 104,
78, 12, 60,
122, 55, 52,
112, 32, 60,
49, -9, -26,
103, -16, 52,
90, -16, 38,
141, -51, 95,
89, 15, 52,
148, -35, 55,
103, 35, 69,
83, 46, 0,
14, -12, 18,
102, 28, 84,
102, 64, 57,
133, 34, 109,
104, -10, 5,
120, 75, 32,
50, -12, 103,
63, 56, 49,
95, 40, 67,
91, 30, 64,
69, 13, 58,
103, 15, 79,
148, 40, 85,
116, 21, 58,
152, 9, 67,
77, -4, 54,
97, 14, 59,
78, 32, 41,
126, 54, 99,
82, 58, 89,
124, 35, 90,
145, 34, 86,
143, 31, 14,
55, 27, 51,
111, -8, 75,
56, -16, 57,
106, 64, 100,
65, 14, 43,
83, 40, 13,
117, 49, 87,
116, 36, 68,
71, -9, 43,
106, 5, 35,
66, -3, 19,
114, 0, 93,
121, 10, 76,
63, 255, 92,
76, 24, 89,
99, 6, 57,
127, 9, 47,
96, -12, 55,
77, 29, 74,
109, 38, 19,
106, 68, 27,
33, 10, 54,
92, 67, 102,
75, 17, 45,
111, 18, 75,
129, 25, 98,
77, 24, 54,
88, 3, 57,
49, 2, 43,
69, -33, 79,
90, -4, 13,
86, 21, 84,
94, 58, 68,
102, 62, 51,
90, -14, 52,
101, 32, 62,
81, 23, 55,
135, 28, 80,
73, 12, 40,
135, 21, 35,
91, 56, 52,
137, 60, 71,
105, 51, 43,
117, 12, 65,
153, 8, 28,
122, 56, 46,
98, 6, 106,
55, 47, 47,
95, 33, 90,
100, 55, 62,
98, 20, 35,
103, 3, 48,
91, 19, 42,
82, 22, 76,
77, 22, 50,
61, 13, 39,
81, 27, 28,
62, 27, 49,
143, 30, 31,
136, 17, 84,
96, 19, 54,
78, 14, 38,
114, 36, 112,
117, 14, 96,
106, 53, 54,
113, 48, 74,
38, 46, 46,
82, 19, 45,
62, 16, 131,
96, 21, 38,
120, 65, 25,
78, 24, 89,
95, -4, 55,
124, 2, 107,
147, 64, 53,
120, -13, 56,
133, 41, 72,
67, 38, 60,
106, 114, 67,
88, 60, 88,
88, 21, 34,
131, 46, 113,
98, -4, 90,
125, -8, 85,
102, 9, 42,
46, 33, 79,
102, 38, 61,
126, 43, 57,
127, 16, 44,
137, 51, 109,
103, -15, 64,
119, 70, 77,
68, -33, 76,
116, 41, 24,
101, 23, 97,
66, 3, 72,
111, 49, 16,
98, 21, 31,
79, 9, 87,
91, -5, 10,
116, -41, 16,
70, 66, 58,
83, 242, 15,
92, 25, 79,
116, 43, 58,
121, 29, 72,
67, 35, 119,
122, 39, 51,
117, 21, 13,
93, -7, 77,
107, 35, 58,
96, -10, 98,
106, -1, 63,
127, 50, 59,
114, 47, 80,
95, -10, 95,
105, 57, 53,
133, 23, 27,
106, 63, 45,
89, 7, 52,
136, 54, 39,
101, -1, 73,
109, 2, 81,
79, 33, 63,
74, 12, 75,
114, 15, 52,
109, 70, 87,
75, 51, 50,
113, 31, 66,
131, 82, 79,
88, 4, 38,
89, 20, 27,
77, 4, 91,
106, 16, 65,
122, -12, 86,
101, -8, 40,
122, 70, 45,
110, -2, 75,
67, 3, 55,
113, 33, 75,
132, 2, 54,
96, -12, 84,
79, 30, 23,
114, -37, 44,
47, 4, 76,
43, 76, 98,
116, 2, 77,
60, 17, 49,
111, 47, 55,
75, 73, 45,
52, 7, 82,
106, 77, 35,
87, 19, 51,
125, 30, 37,
105, 33, 63,
96, -14, 3,
80, -6, 12,
100, -4, 72,
136, 65, 53,
51, 1, 38,
91, 9, 38,
65, 4, 75,
102, 1, 53,
127, 67, 120,
89, 45, 22,
55, 42, 47,
111, 41, 96,
111, 5, 79,
131, 28, 34,
77, -1, 34,
104, -5, 62,
121, 70, 33,
84, 2, 19,
77, 61, 23,
111, 7, 15,
96, 16, 73,
73, 57, 15,
123, 14, 57,
80, -1, 25,
105, 39, 29,
94, 3, 27,
154, 32, 64,
102, 9, 75,
93, -15, 37,
129, 21, 73,
119, -19, 71,
141, 65, 73,
66, -23, 69,
40, 28, 96,
58, 27, 38,
98, 78, 53,
96, 15, 14,
73, 79, 65,
61, 9, 62,
77, 46, 29,
98, -13, 37,
121, 33, 54,
76, 35, 82,
59, 38, 19,
90, 11, 77,
124, 37, 77,
49, 20, 41,
140, 51, 46,
73, -5, 55,
108, 45, 76,
136, -22, 43,
104, 20, 85,
56, 22, 34,
102, 2, 41,
91, 30, 52,
109, 2, 24,
78, 2, 107,
109, -19, 35,
91, 2, 51,
114, 2, 55,
136, 34, 49,
86, 17, 33,
125, 43, 108,
82, 15, 60,
96, 20, 58,
112, 39, 39,
106, 48, 64,
97, 29, 57,
100, 10, 88,
69, 63, 77,
77, 52, 52,
108, 8, -2,
92, -1, 117,
78, 25, 98,
92, 6, 115,
92, 44, 41,
139, 8, 104,
93, -13, 29,
59, 6, 18,
113, 51, -3,
88, 39, 62,
101, 41, 31,
93, 42, 91,
78, 27, 39,
72, 17, 22,
82, 18, 43,
65, 0, 12,
89, 49, 100,
150, 23, 52,
55, -15, 57,
140, 55, 104,
116, 30, 17,
102, -5, 97,
75, 34, 67,
101, 3, 35,
110, 54, 35,
80, 18, 93,
61, 21, 37,
102, 32, 27,
82, 15, 80,
88, 16, 45,
78, 30, 32,
92, 70, 93,
80, 11, 54,
116, 10, 42,
122, 26, 58,
61, 24, 43,
71, -4, 69,
132, -38, 45,
73, 13, 68,
102, 41, 53,
108, 14, 37,
112, 35, 53,
96, 8, 68,
111, 20, 18,
109, -15, 58,
96, 12, 16,
91, 35, 88,
104, -3, 34,
82, 45, 30,
53, 19, 65,
105, 27, 26,
119, 41, 56,
96, 19, 59,
146, 47, 52,
76, 25, 41,
105, 40, 110,
79, 15, 63,
110, 39, 136,
87, 18, 64,
77, 4, 73,
97, 34, 109,
100, -12, 47,
118, 42, 65,
70, 68, 97,
106, 50, 89,
92, -10, 90,
82, 7, 102,
63, -2, 27,
92, -1, 103,
115, -2, 78,
98, -1, 68,
113, 41, 27,
109, 52, 69,
82, 55, 71,
102, -33, 43,
54, 3, 72,
115, 77, 37,
106, 53, 57,
115, 23, 54,
61, 55, 72,
77, -15, 44,
107, 14, 50,
84, 19, 65,
103, 17, 56,
96, 35, 47,
116, 49, 82,
102, 45, 50,
107, 4, 16,
114, 14, 55,
93, -1, 52,
92, 35, 78,
118, 56, 92,
99, 6, 83,
65, 11, 13,
84, 33, 38,
112, 5, 101,
93, -4, 65,
76, 8, 78,
112, 32, 28,
136, 11, 55,
69, 50, 16,
42, 37, 18,
92, 27, 53,
81, -22, 63,
95, 14, 33,
125, 45, 65,
72, 26, 34,
118, -14, 83,
105, 41, 27,
140, 33, 76,
103, 13, 64,
89, 69, 54,
81, 11, 34,
115, 18, 37,
99, 30, 38,
99, 20, 49,
112, 10, 45,
107, 20, 112,
63, 14, 21,
133, 52, 47,
107, 25, 58,
82, 4, 79,
61, 63, 51,
133, 62, 97,
91, -4, 24,
130, 29, 109,
88, -1, 16,
92, -32, 53,
97, 22, 10,
56, 34, 33,
163, 53, 77,
121, 7, 55,
77, -9, 26,
112, -5, 43,
29, 16, 33,
93, -7, 125,
102, 48, 29,
89, 34, 99,
95, 7, 42,
110, 1, 40,
77, 35, 69,
93, 57, 81,
111, 20, 69,
145, 5, 38,
96, 33, 46,
94, 23, 52,
91, 14, 58,
115, 27, 67,
147, 24, 73,
78, 39, 49,
70, 53, 61,
124, 41, 32,
114, 55, 41,
124, -30, 85,
134, 0, 63,
88, 37, 90,
70, 18, 43,
119, 20, 131,
92, 63, 85,
105, 11, 58,
68, 6, 66,
51, -39, 43,
90, 8, 43,
112, 62, 113,
71, 42, 61,
75, 36, 48,
103, 4, 108,
97, 29, 64,
113, 57, 85,
100, 67, 109,
119, 15, 33,
77, 16, 23,
117, 29, 81,
86, -5, 14,
59, -6, 39,
65, 89, 85,
136, 14, 26,
72, 45, 62,
70, 46, 60,
124, -3, 79,
90, 22, 62,
72, 19, 60,
101, 81, 53,
117, 23, 43,
109, -15, 42,
87, 23, 75,
89, 9, 104,
65, 35, 53,
145, 13, -3,
90, 36, 71,
109, -4, 70,
133, 92, 53,
81, -13, 89,
89, 11, 30,
53, 44, 89,
100, 6, 15,
128, 28, 40,
80, 249, 9,
76, -19, 86,
88, 41, 51,
92, 15, 72,
96, 35, 47,
119, 31, 30,
67, 19, -34,
87, 54, 73,
72, 23, 54,
91, 40, 36,
92, 23, 78,
100, 12, 42,
100, -5, 94,
129, 11, 49,
95, 52, 128,
163, 13, 79,
105, 30, 110,
104, 74, 151,
90, 18, 46,
77, 16, 57,
95, 44, 92,
67, 42, 86,
77, 40, 62,
75, 20, 94,
108, 30, 69,
51, -36, 9,
115, 68, 97,
75, 44, 111,
58, 19, 41,
113, 12, 90,
98, 43, 89,
83, 20, 110,
71, 2, 108,
66, 61, 64,
132, 27, 26,
112, 12, 59,
87, 34, 7,
92, 7, 98,
88, 51, 44,
90, 36, 58,
87, 31, 2,
123, 32, 82,
97, -18, 51,
67, 2, 45,
135, 40, 62,
93, 36, 93,
102, 12, 38,
127, 49, 102,
114, 21, 41,
124, 47, 17,
69, 64, 133,
102, 65, 58,
77, -31, 13,
108, -13, 48,
121, 27, 13,
79, 39, 54,
71, 32, 29,
125, 33, 128,
86, 15, 49,
90, -28, 1,
77, 73, 64,
98, 27, 35,
77, 81, 49,
98, 50, 47,
104, 56, 12,
96, 38, 110,
95, 32, 64,
133, 30, 1,
75, 38, 52,
72, 26, 53,
66, 22, 87,
122, 27, 18,
64, 42, 63,
115, 29, 119,
144, 44, 0,
108, 41, 122,
45, 6, 66,
112, 19, 82,
118, 15, 74,
135, 22, 42,
66, 85, 49,
115, 48, 1,
121, 39, 56,
94, 45, 101,
103, 12, 97,
103, 47, 91,
103, 44, 27,
123, 52, 76,
81, 51, 73,
127, -41, 94,
86, 11, 32,
124, 32, 32,
100, 90, 97,
108, -24, 31,
96, 30, 30,
130, 78, 72,
115, 35, 91,
97, 33, 41,
131, 52, 82,
101, 15, -12,
111, 14, 75,
93, 55, 74,
126, 41, 95,
108, 36, 38,
97, 56, 85,
81, 42, 67,
118, 7, 16,
145, 30, 19,
126, 47, 36,
100, 25, 34,
124, 10, 58,
68, 17, 36,
111, 50, 70,
82, 83, 53,
76, 29, 23,
59, 1, 79,
83, -249, 93,
100, 43, 33,
106, 26, 45,
102, 38, 62,
115, 36, 103,
116, 23, 67,
81, 23, 65,
163, 37, 103,
148, 65, 102,
140, 35, 87,
100, 18, 81,
96, 23, 95,
131, 38, 61,
30, 21, 34,
99, 31, 81,
131, 8, 74,
98, 47, 34,
62, 22, 80,
89, -22, 41,
141, 35, 74,
96, 65, 37,
63, 74, 49,
95, -9, 61,
75, -16, 91,
118, -18, 50,
126, 34, 52,
105, 41, 26,
63, 43, 78,
86, -25, 85,
120, 58, 86,
75, 26, 30,
127, 7, 7,
88, 18, 25,
134, 52, 73,
79, -20, 25,
129, 28, 34,
80, 21, 69,
95, 21, 72,
99, 35, 87,
117, 63, 117,
86, 12, 93,
112, 35, 35,
80, 17, 85,
106, 15, 60,
81, 10, 92,
68, 30, 64,
92, 27, 47,
139, 9, 65,
71, 10, 26,
89, 24, 60,
67, -14, 73,
121, 28, 92,
90, 15, 77,
105, 37, 114,
69, -23, 95,
40, 34, 93,
86, -8, 43,
83, 14, 52,
74, 18, 54,
53, -8, 14,
88, -3, 35,
63, -34, 74,
113, 25, 73,
135, -3, 21,
80, 36, 78,
45, 3, 42,
103, 21, 52,
86, 50, 65,
82, 38, 43,
121, 19, 59,
130, 36, 112,
119, 27, 77,
100, 14, 25,
103, 19, 30,
96, 7, 9,
138, 47, 86,
52, 50, 83,
86, 50, 101,
82, -15, 70,
74, 9, 77,
73, -18, 66,
69, 21, 26,
92, 38, 57,
85, 21, 52,
84, -6, 28,
96, 42, 70,
91, 32, 98,
116, 9, 21,
168, 43, 73,
88, 27, 48,
129, 33, 59,
80, 17, 59,
56, 54, 52,
103, 61, 39,
76, 66, 13,
134, -31, 84,
108, 70, 3,
41, 36, 83,
92, 43, 103,
87, 24, 42,
85, 2, 75,
105, 31, 43,
108, 52, 84,
119, 23, 101,
82, 34, 1,
63, 45, 62,
91, 21, 47,
119, 26, 85,
112, 43, 92,
68, 24, 89,
81, 11, 11,
97, 19, 48,
54, 4, -51,
138, 37, 105,
125, 18, -28,
110, 40, 30,
59, 62, 88,
110, 24, 54,
132, 23, 20,
156, 19, 77,
130, 12, 88,
37, -4, 38,
127, 8, 23,
135, 63, 74,
70, 43, 31,
82, 1, 26,
70, 24, 90,
108, 19, 49,
44, -4, 11,
93, 29, 31,
47, 25, 67,
100, 40, 47,
104, 32, 74,
81, 22, 101,
81, 14, 63,
67, 14, 50,
58, 31, 100,
168, 6, 39,
94, -18, 59,
103, 3, 55,
118, 2, 82,
136, 59, 74,
80, 40, 72,
135, 47, 113,
113, 22, 52,
107, -32, 55,
94, 29, 6,
73, 16, 81,
99, 22, 37,
110, 56, 94,
97, 44, 54,
85, 45, 23,
108, 2, 57,
95, 74, 55,
81, 35, 41,
61, 26, 34,
47, -12, 61,
103, 15, 66,
75, 26, 29,
132, -17, 45,
105, 15, 43,
151, 50, 78,
74, 9, 80,
45, -9, 60,
74, 66, 34,
87, 8, 67,
100, 1, 20,
138, 23, 33,
102, 14, 109,
133, 10, 91,
101, 15, 63,
59, 30, 15,
111, 49, 62,
99, 27, 41,
69, 14, 36,
106, -51, 36,
100, 48, 97,
61, 47, 142,
105, 6, 98,
106, 28, 31,
95, -14, 71,
128, 13, 31,
121, 47, 47,
74, 16, -4,
95, 8, 122,
116, 26, 35,
74, 22, 49,
76, -24, 37,
103, 6, 62,
136, 27, 68,
45, 49, 82,
21, 2, 37,
90, 24, 125,
66, 31, 38,
64, 26, 49,
99, 1, 46,
109, -33, 99,
67, 15, 65,
82, 18, 81,
70, 50, 7,
106, 32, 55,
115, 11, 108,
117, 21, 80,
93, 19, 63,
138, 32, 18,
110, 241, -1,
77, 33, 46,
72, 47, 116,
134, 40, 72,
127, 62, 64,
103, 65, 87,
77, 24, 22,
133, 24, 58,
73, 6, 16,
60, 41, 84,
99, 9, 36,
58, 63, 56,
79, 5, 83,
69, 24, 81,
102, 31, 67,
92, 25, 16,
64, 38, 47,
90, 0, 77,
92, 22, 87,
87, 36, 254,
127, 4, 39,
71, 14, 23,
103, 31, 79,
96, 7, 72,
99, 27, 57,
62, -13, 72,
75, -23, 39,
113, 25, 81,
68, -41, 110,
102, 7, 72,
125, 8, 72,
93, 51, 39,
81, 48, 67,
135, 4, 46,
64, 16, 34,
88, 13, 27,
97, 12, 64,
109, -14, 79,
124, -1, 79,
92, -2, 29,
125, 60, 53,
84, 18, 61,
97, 10, 52,
95, -6, 80,
99, 12, 65,
80, 22, 79,
117, 16, 36,
93, 51, 38,
124, 67, 68,
114, 14, 61,
111, 28, 49,
92, 22, 61,
131, 29, 62,
56, 66, 98,
130, 69, 104,
99, 49, 29,
98, 14, 69,
70, 26, 42,
124, 9, 100,
100, 78, 91,
130, 24, 52,
139, 17, 74,
124, 45, 50,
108, 44, 87,
101, -4, 100,
109, 52, 84,
39, 17, 89,
88, 55, 47,
90, 32, 85,
106, 12, 135,
60, 53, 108,
123, 31, 83,
87, 31, 38,
88, 21, 141,
87, 26, 46,
71, 50, 25,
64, -11, 76,
94, 3, 31,
92, 52, 69,
94, 18, 17,
71, 43, 113,
131, 80, 91,
102, 31, 17,
77, -1, 59,
127, 51, 52,
91, 5, 40,
106, 66, 93,
100, 30, 52,
111, 12, 90,
80, 65, 72,
109, 55, 54,
124, 65, 69,
103, 44, 5,
60, 22, 86,
64, 46, 82,
106, 26, 45,
111, -9, 55,
154, 81, 44,
72, 71, 105,
116, 26, 67,
88, 28, 59,
100, 47, 113,
114, 40, 35,
141, -14, 43,
69, 17, 95,
75, 25, 89,
102, 12, 81,
119, 32, 10,
145, 48, 100,
77, -21, 41,
114, 38, 101,
133, 9, 71,
118, 31, 142,
84, 71, 87,
126, 25, 38,
106, -15, 66,
83, 41, -11,
89, 63, 86,
102, 27, 134,
99, 44, 61,
54, 34, 42,
60, 47, 69,
113, -5, 71,
67, 28, 25,
96, 36, 95,
126, 17, 87,
129, 28, 77,
94, -1, 34,
106, 54, 117,
67, -1, 47,
119, 18, 91,
96, 36, 45,
56, 31, 28,
84, 55, 28,
104, 23, 47,
71, 27, 89,
77, 12, 64,
66, 20, 79,
61, 27, 101,
29, 49, 83,
80, 10, 107,
128, 20, 50,
149, 34, 13,
121, 55, 59,
93, 18, 53,
107, 31, 105,
103, 9, 121,
93, 20, 33,
113, 18, 38,
118, 71, 97,
113, 33, 23,
98, 14, 52,
108, 7, 92,
147, 61, 69,
59, 44, 63,
90, 30, 38,
77, 13, 73,
85, 24, 116,
126, 65, 59,
79, -16, 56,
159, -23, 50,
88, 9, 26,
110, 72, 48,
95, 52, 69,
97, 24, 45,
116, 44, 40,
68, 41, 81,
118, 22, 21,
110, 19, 48,
133, 34, 95,
100, 58, 25,
81, -28, -7,
100, -6, 54,
119, 46, 40,
52, 253, 60,
72, 33, 50,
120, 36, 100,
100, 10, 92,
61, 37, 22,
98, 24, 32,
90, 3, 68,
101, -11, 44,
106, 28, 78,
109, 4, 69,
88, 0, 45,
112, 32, 73,
131, 36, 85,
135, 36, 69,
70, 61, 78,
95, 35, 37,
47, 5, 40,
137, 22, 49,
121, 39, 89,
121, 30, 47,
108, 42, 78,
118, 30, 56,
92, 68, 55,
134, 73, 137,
94, 49, 84,
97, -32, 42,
77, 48, 90,
73, -23, 42,
90, 24, 17,
78, 44, 97,
120, 3, 97,
140, -19, 55,
48, 27, 39,
113, 38, 7,
40, 7, 11,
152, 18, 53,
91, 4, 42,
38, -7, 28,
78, 14, 77,
101, 59, 72,
104, 38, 114,
133, 27, 86,
87, 28, 16,
64, -23, 36,
132, 98, 60,
97, -10, 50,
69, 38, 47,
44, -5, 53,
55, 55, 62,
77, 11, 80,
112, 7, 54,
89, 56, 67,
105, 46, 11,
157, 56, 82,
115, 22, 4,
113, 36, 28,
99, 23, 98,
96, 23, 50,
164, 62, 93,
86, 47, 80,
109, 2, 105,
55, 52, 75,
56, -14, 32,
134, 5, 62,
70, 29, 32,
29, 27, 103,
92, 36, 71,
63, 20, 94,
80, 0, 12,
96, -22, 66,
82, 35, 71,
106, -7, 19,
80, 35, 56,
32, 37, 64,
84, 57, 88,
134, 67, 84,
90, 11, 101,
120, 20, 63,
157, 28, 76,
88, 31, 98,
106, -42, 34,
55, 31, 61,
112, 13, 76,
103, 33, 31,
97, 70, 61,
84, 22, 26,
73, 44, 62,
98, 27, 18,
101, -6, 25,
126, 46, 42,
92, 24, 84,
103, 2, 83,
95, 35, 83,
68, 40, 25,
48, -11, 64,
107, 23, 121,
77, 35, 63,
86, -23, 88,
107, 32, 79,
73, 26, 10,
89, 57, 81,
116, 24, 75,
116, 35, 39,
72, -9, -16,
91, -15, 40,
97, 48, 67,
131, 43, 78,
127, 22, 63,
107, -7, 13,
92, 6, 97,
66, -4, 18,
137, 23, 27,
90, 28, 73,
89, 33, 62,
89, 26, 23,
104, 12, 54,
151, 60, 87,
101, -16, 21,
57, -12, 28,
50, 44, 41,
22, 21, 86,
78, 30, 54,
70, 25, 88,
101, 45, 43,
48, -20, 25,
63, 23, 38,
70, 15, 102,
82, 47, 3,
74, 8, 36,
15, -29, 52,
109, -37, 37,
80, 7, 39,
105, 1, 88,
59, 0, 26,
108, -5, 36,
87, 35, 84,
117, -14, 4,
74, -13, 47,
97, 9, 44,
80, -2, 72,
108, 32, 48,
145, 25, 85,
87, -43, 53,
128, 10, 108,
71, 51, 38,
115, 26, 45,
54, -1, 69,
107, 27, 81,
90, 32, 26,
104, 13, 36,
85, 9, 26,
94, -11, 25,
104, 18, 94,
141, 45, 39,
81, 23, 67,
102, -11, 52,
70, 40, 23,
63, 39, 58,
107, 10, 62,
105, 4, 57,
136, 42, 55,
163, 31, 103,
131, -2, 56,
86, 25, 55,
78, 63, 55,
90, 6, 34,
81, 36, 43,
139, 29, 68,
117, 23, 76,
111, 51, 69,
57, 41, 29,
113, 24, 83,
84, -3, 116,
113, 35, 57,
89, 57, 101,
83, 12, 40,
105, 22, 45,
86, 40, 86,
97, 17, 73,
140, 47, 62,
138, 47, 25,
85, 90, 94,
123, 64, 59,
120, 34, 20,
109, 58, 73,
98, 52, 83,
108, -3, 79,
93, 20, 74,
83, -33, 22,
33, 17, 62,
108, 41, 97,
56, 25, 29,
108, 41, 119,
99, 32, 68,
68, 8, 74,
119, 26, 70,
103, 37, 63,
77, 13, 74,
130, 68, 88,
112, 17, 46,
158, 22, 61,
118, -8, 2,
156, 46, 82,
112, 26, 25,
111, 23, 50,
85, 38, 86,
86, 19, 76,
93, 31, 75,
79, 26, 65,
84, 13, 56,
72, 30, 37,
78, 16, 112,
64, 32, 47,
65, 35, 40,
94, 31, 83,
141, 34, 64,
101, 83, 40,
104, 16, 112,
85, 31, 46,
83, 60, 43,
89, 34, 103,
104, 48, 56,
75, -2, 60,
144, 54, 50,
107, 37, 63,
82, 70, 121,
124, 12, 58,
114, 20, 79,
132, 22, 94,
89, 1, 89,
110, 25, 91,
110, 36, 69,
92, 38, 37,
64, 35, 8,
147, 53, 66,
39, 13, 50,
121, 71, 114,
158, 48, 60,
102, -5, 40,
121, 37, 67,
90, 56, 30,
88, 28, 72,
97, 6, 60,
79, 46, 87,
56, 34, 2,
96, -29, 55,
97, 53, 48,
84, 56, 86,
111, 2, 46,
133, 32, 46,
81, 31, 44,
75, -39, 23,
130, 34, 81,
86, 36, 13,
89, 11, 40,
99, 59, 46,
77, 10, 73,
125, 39, 103,
148, -18, 81,
82, -19, 93,
105, 12, 9,
120, 18, 36,
151, 49, 82,
124, 55, 56,
122, 14, 58,
119, 21, 67,
103, 77, 39,
112, 25, 42,
97, -10, 99,
136, 36, 84,
161, 34, 43,
93, -26, 89,
89, 68, 95,
151, 51, 49,
132, 31, 11,
115, 18, 13,
112, 63, 84,
55, 50, 65,
94, 38, 10,
85, 23, 16,
75, 33, 58,
98, 3, 43,
78, 5, 252,
50, 29, 31,
96, -2, 4,
75, -9, 33,
87, 48, 85,
111, 22, 57,
138, 41, 31,
65, 38, 74,
107, 27, 59,
68, -20, 71,
103, 3, 49,
125, -3, 114,
66, 12, 25,
105, -24, 110,
71, 13, 76,
141, -3, 148,
123, 37, 39,
97, 27, 48,
121, 26, 90,
136, -18, 34,
135, 4, 19,
102, 22, 65,
80, 25, 60,
151, 41, 53,
95, 35, 42,
117, 9, 49,
60, 40, 99,
87, 20, 48,
90, -7, 60,
78, 20, 95,
77, -12, 54,
116, 43, 65,
117, 71, 24,
71, -11, 73,
128, -20, 86,
124, 44, 75,
74, 10, 59,
74, 32, 42,
127, 4, 72,
111, 42, 49,
96, 6, 96,
58, 26, 44,
84, 63, 12,
120, -9, 88,
89, 6, 66,
68, 65, 58,
46, 31, 69,
59, 28, 35,
104, 5, 60,
63, 35, 108,
54, -3, 67,
111, 49, 52,
82, -27, 50,
126, 39, 73,
138, 21, 104,
81, 16, 69,
77, 41, 50,
91, -3, 58,
144, 22, 39,
110, 35, 30,
104, -4, 109,
59, 30, 61,
122, 22, 67,
77, 38, 81,
99, 22, 43,
117, 40, 85,
99, 93, 45,
97, 58, 60,
101, 7, 131,
120, 67, 75,
123, 24, 65,
66, 37, 12,
79, 58, 53,
78, 6, 63,
98, 36, 55,
65, 5, 47,
122, 56, 67,
74, 12, 33,
111, 68, 72,
138, 47, 92,
137, 56, 98,
105, 38, 83,
91, -11, 4,
28, 26, 58,
127, 49, 38,
112, 39, 140,
81, -34, 13,
116, 18, 44,
98, 37, 34,
44, -18, 44,
151, 19, 56,
91, 59, 43,
99, 9, 69,
75, -2, 83,
44, 19, 72,
32, 36, 68,
27, 40, 127,
47, 3, 20,
108, 36, 107,
120, 53, 41,
86, 4, 114,
73, 9, 60,
89, -11, 97,
101, 20, 139,
91, 17, 13,
110, 37, 120,
95, 43, 77,
87, 53, 68,
121, 55, 112,
79, 26, 61,
76, 34, 112,
93, 88, 116,
131, 71, 88,
69, -4, 89,
40, 20, 125,
95, 32, 19,
78, 46, 77,
113, 1, 51,
137, 67, 81,
61, 20, 93,
98, -13, 15,
144, -2, 64,
89, 32, 69,
76, -6, 58,
182, 55, 85,
50, 51, 119,
57, 26, 50,
108, 80, 49,
156, 47, 52,
73, 14, 68,
141, 67, 66,
87, 29, 70,
83, -40, 50,
92, 53, 74,
131, 26, 68,
83, 6, 61,
64, -15, 78,
90, 0, 45,
84, 30, 76,
112, -41, 37,
46, -41, 47,
106, 23, 66,
82, -23, 26,
39, -4, 55,
66, 8, 69,
108, 21, 131,
80, 25, 28,
49, 0, 30,
113, 57, 127,
91, 3, -29,
119, 27, 100,
53, 45, 33,
73, -19, 56,
70, 38, 57,
79, 18, 54,
83, 34, 113,
98, 23, 34,
124, 37, 60,
124, 52, 75,
92, 29, 83,
103, 15, 46,
119, 14, 22,
112, 85, 61,
81, 33, 24,
88, 40, 27,
82, 49, 26,
136, -11, 75,
70, 31, 104,
150, -12, 98,
121, 72, 75,
92, 70, 11,
101, 12, 42,
112, 12, 42,
72, 54, 123,
67, 26, 43,
78, 27, 69,
76, 14, -15,
126, 50, 74,
112, 105, 89,
100, -15, 63,
98, 0, 32,
85, -20, 64,
101, 42, 68,
57, -12, 70,
57, 13, -19,
75, 17, 60,
142, 60, 83,
123, 41, 60,
70, 35, 60,
96, 45, 41,
154, 27, 62,
109, 12, 15,
119, 58, 45,
57, 51, 20,
91, 73, 27,
64, 8, 31,
94, 6, 50,
81, 32, 104,
131, 24, 2,
78, -3, 34,
104, 11, 25,
118, 83, 78,
105, 60, 100,
120, 35, 48,
82, -20, 24,
128, 51, 83,
63, 50, 68,
75, 9, 102,
131, 54, 118,
113, -12, 64,
73, 41, 80,
115, 54, 25,
84, 21, 47,
123, 21, 90,
102, 17, 45,
106, 33, 81,
88, 31, 61,
87, 25, 61,
69, 25, 44,
119, 25, 60,
69, -15, 91,
110, 11, 21,
88, 45, 91,
81, 8, 65,
101, 16, 95,
102, 73, 115,
74, -28, 36,
50, 26, 61,
152, 18, 75,
98, 41, 56,
155, 29, 115,
83, 18, 15,
137, 33, 94,
115, 18, 57,
84, 59, 58,
75, -4, 68,
94, 73, 148,
109, -1, 22,
88, 40, 91,
87, 24, 70,
33, -35, 32,
49, 17, 83,
44, -33, 72,
114, -2, 83,
126, 50, 46,
63, 38, 34,
63, 14, 101,
81, -13, 58,
83, 40, 113,
87, 28, 33,
100, 10, 43,
122, 77, 61,
81, 27, 51,
115, 56, 75,
116, 55, 101,
72, 13, 46,
51, 43, 76,
108, 93, 104,
128, 78, 73,
89, 41, 109,
139, 14, 89,
72, -5, 61,
76, 47, 88,
72, 31, 46,
78, -4, 48,
119, 12, 92,
98, 15, 63,
104, 25, 64,
113, 15, 88,
85, 5, 89,
114, 34, 76,
76, 52, 78,
67, 20, 48,
136, 53, 57,
118, 15, 64,
105, 15, 72,
106, 38, 51,
93, 91, 141,
28, -30, 61,
102, -10, 53,
64, -24, 44,
90, 35, 64,
98, 49, -12,
110, -16, 5,
136, 49, 16,
108, 21, 60,
119, 38, 77,
175, 36, 31,
71, 42, 77,
132, 35, 61,
90, 42, 49,
120, 36, 47,
102, 37, 64,
128, -3, 53,
123, 30, 39,
127, 6, 113,
112, 3, 16,
120, -1, 54,
130, 2, 147,
113, 38, 26,
124, 22, 61,
93, -27, 29,
77, -251, 65,
125, 75, 122,
76, 32, 117,
50, 24, 47,
122, 29, 85,
46, -29, 81,
79, 4, 67,
50, 74, 42,
114, 62, 92,
66, 9, 75,
130, 23, 37,
114, 45, 47,
72, -9, 55,
90, 52, 47,
57, -16, 29,
86, 48, 48,
105, 47, 47,
114, 66, 34,
111, 3, 109,
77, 36, 73,
109, 60, 31,
173, 53, 46,
112, 16, 54,
96, 61, 73,
146, 14, 104,
140, -6, 54,
108, -23, 47,
104, 1, 113,
157, 72, 44,
80, -34, 61,
85, 23, 14,
67, 43, 111,
118, -1, 46,
85, 23, 47,
111, 92, 76,
31, 7, 90,
118, 46, 45,
73, 28, 33,
104, 49, 57,
64, 61, 28,
79, -14, 96,
93, 24, 67,
119, 21, 67,
87, 43, 8,
124, 13, 124,
21, -5, 11,
108, 36, 74,
81, 10, 46,
83, 55, 61,
151, 85, 93,
115, 35, 86,
141, 65, 90,
84, 18, 48,
82, 21, 37,
116, 93, 99,
74, -16, 69,
116, 26, -14,
127, -11, 104,
90, 46, 71,
75, 22, 126,
103, -10, 2,
100, 12, 49,
106, -25, 80,
150, -4, 83,
145, -10, 30,
119, 37, 78,
109, 68, 88,
98, 43, 28,
112, 29, 53,
106, 26, 10,
83, -1, 56,
93, 13, 57,
113, 15, 3,
134, 54, 104,
103, 25, 49,
115, 6, 71,
140, 25, 40,
115, 21, 59,
54, 56, 25,
122, 21, 36,
71, 43, 75,
131, -8, 66,
103, 38, 70,
127, 50, 31,
104, 30, 16,
76, 13, 87,
103, 53, 72,
112, -1, 57,
48, 14, 60,
79, 7, 73,
119, -8, 36,
89, 34, 38,
109, -15, 16,
91, 11, 50,
139, 85, 100,
80, 12, 103,
111, -6, 68,
59, -2, 35,
100, 26, 104,
112, 28, 82,
121, 25, 21,
66, 44, 95,
102, 48, 119,
91, 30, 47,
56, 50, 19,
133, 40, 83,
89, -12, 11,
106, -41, 56,
87, 75, 254,
110, 4, 62,
132, 75, 108,
116, 31, 42,
59, 39, 23,
105, 22, 33,
106, 31, 47,
110, 41, 35,
106, -242, 72,
132, 38, 82,
55, 30, 53,
100, -12, 99,
131, -14, 70,
106, 21, 30,
94, -23, 68,
134, 29, 108,
125, 55, 44,
127, -15, 87,
123, 35, 75,
72, 35, 59,
51, -21, 60,
100, -43, 29,
93, 29, 62,
82, 17, 79,
104, 33, 49,
87, 34, 88,
133, 26, 93,
44, 88, 47,
88, 93, 22,
118, 57, 19,
62, -16, 18,
60, 83, 66,
66, 30, 44,
68, 3, 3,
110, 4, 96,
79, 32, 77,
146, 19, 119,
111, 43, 58,
85, 35, 51,
120, 42, 60,
81, -38, 25,
80, -14, 80,
101, -10, 43,
89, 56, 45,
123, 23, 33,
112, 25, 86,
125, 38, 55,
93, -3, 45,
92, 8, 45,
99, 31, 18,
107, -44, 65,
76, 10, 58,
85, 25, 31,
106, 51, 59,
116, 30, 39,
110, 4, 68,
88, 30, 97,
118, -21, 65,
100, 32, 53,
104, 16, 52,
93, 82, 98,
101, 68, 79,
108, 45, 26,
107, 11, 58,
126, 32, 40,
50, 57, 57,
64, 50, 43,
56, -12, 43,
55, 32, 57,
118, -7, 46,
156, 6, 126,
18, 37, 20,
67, -5, 55,
79, 24, 42,
140, 38, 86,
113, 53, 92,
118, 9, 68,
93, 50, 25,
108, 30, 59,
97, 24, 51,
125, 32, 100,
107, 13, 66,
144, 47, 76,
81, 13, 87,
108, 60, 50,
46, 2, 60,
152, 74, 80,
31, -8, 9,
135, 50, 34,
48, 11, 41,
54, 12, 86,
101, 80, 90,
102, 34, 82,
77, 7, 37,
116, 48, 74,
81, 1, 74,
118, 113, 65,
75, 243, 48,
122, 1, 22,
132, 56, 64,
49, 16, 102,
70, 0, 21,
116, 93, 89,
135, 15, 113,
144, 37, 120,
101, -40, 74,
142, 38, 87,
88, 13, 82,
71, -18, 89,
63, -4, 79,
135, 42, 102,
78, 6, 78,
106, -14, 69,
77, 30, 84,
112, 1, 50,
108, 40, 52,
96, 15, 107,
107, 48, 99,
125, 26, 27,
161, 33, 69,
76, 7, 71,
43, -8, -7,
77, 43, 88,
76, 19, 51,
149, -37, 71,
120, -25, 24,
119, 15, 97,
82, 52, 110,
37, 47, 88,
108, 32, 70,
48, -6, 33,
116, 37, 67,
83, -44, 107,
88, 24, 53,
149, 35, 50,
71, 37, 27,
62, 15, 99,
121, 64, 92,
103, 66, 98,
108, 22, 75,
130, 9, 5,
111, 75, 67,
87, 13, 12,
104, 4, 27,
85, 77, 57,
137, 34, 46,
83, 22, 53,
66, 21, 56,
90, 18, 63,
142, 36, 62,
97, 40, 43,
99, -40, 59,
68, 26, 78,
111, -41, 42,
110, 47, 69,
80, 1, 88,
117, 53, 14,
95, 59, 56,
106, 17, 38,
90, 63, 69,
100, 1, 47,
108, 31, 80,
115, 4, 61,
75, 23, 48,
71, 19, 85,
92, 39, 39,
83, 27, 65,
116, 58, 104,
118, 38, 72,
84, -18, 52,
108, 35, 44,
124, -1, 105,
128, -2, 19,
58, 27, 29,
102, 55, 97,
118, 1, 40,
55, 35, 0,
114, 71, 102,
80, -43, 45,
105, 31, 105,
98, 20, 90,
88, 30, 76,
56, 10, 18,
120, 90, 82,
134, 27, 129,
72, -12, 64,
125, 28, 23,
81, 23, 37,
64, 26, 82,
91, 68, 64,
68, 9, 115,
110, 40, 135,
103, 28, 71,
83, 48, 27,
74, -9, 32,
98, 63, 81,
110, 22, 44,
121, 38, 67,
115, 33, 74,
110, 16, 43,
59, 21, 44,
120, 29, 57,
90, 14, 70,
115, 35, 29,
95, 50, 90,
139, 46, 94,
126, 41, 76,
92, 40, 38,
79, 35, 53,
81, -28, 44,
54, 11, 71,
128, 37, 11,
69, -36, -11,
149, 67, 46,
76, 34, 95,
98, -22, 117,
82, 0, 59,
93, 6, 52,
89, -13, 59,
135, 13, 37,
90, 33, 120,
79, 42, 106,
114, 31, 48,
92, 54, 62,
102, 62, 52,
91, 11, 56,
68, 17, 47,
76, 70, 87,
93, 54, 107,
88, -22, 98,
123, 0, 103,
111, 12, 67,
90, 58, 104,
75, 34, 55,
95, -1, 26,
64, -17, 69,
87, 45, 40,
133, 55, 68,
47, 4, 66,
107, 45, 82,
138, 10, 0,
44, 7, 57,
95, -20, 60,
85, 36, 91,
105, 33, 101,
90, 33, 64,
107, 6, 93,
71, 29, 105,
82, 9, 68,
107, -2, 7,
87, 48, 68,
133, 74, 3,
105, 46, 97,
103, 23, 107,
121, 61, 42,
121, 23, 100,
86, 52, 70,
57, -3, 40,
77, 19, 78,
127, 53, 118,
126, 31, 52,
55, -20, 25,
138, 32, 66,
118, 34, 86,
94, 30, 65,
85, -27, 36,
122, 44, 90,
110, 63, 62,
94, 20, 108,
83, -3, 35,
98, -2, 91,
79, 10, 77,
54, 30, 93,
40, 2, 93,
103, 73, 35,
97, 50, 64,
91, -31, 66,
72, 21, 87,
110, 3, 19,
98, 15, 39,
82, -46, 84,
148, 2, 105,
113, 9, 66,
101, 3, 66,
128, 63, 98,
117, 38, 61,
43, 29, 78,
71, 21, 75,
87, 13, 14,
131, 102, 61,
90, 10, 55,
119, 20, 72,
121, 40, 50,
104, 28, 81,
133, 38, 110,
73, 5, 83,
105, 55, 43,
135, 7, 95,
106, 5, 72,
64, 5, 50,
81, 55, 76,
70, 3, 17,
123, 23, 97,
89, 10, 57,
41, 10, 64,
115, 50, 72,
83, 26, 78,
132, 70, 40,
66, 16, 61,
109, 43, 52,
132, 6, 84,
80, 36, 14,
83, 49, 28,
154, 67, 51,
39, 4, 26,
107, -6, 77,
89, 90, 50,
123, 3, 111,
113, 68, 58,
79, -25, 71,
104, 41, 60,
73, -11, 19,
119, 56, 72,
112, 12, 45,
70, -8, 123,
116, 11, 63,
116, 37, 37,
150, 24, 50,
113, 4, 43,
97, 26, 40,
88, 64, 16,
119, 39, 80,
135, 65, 36,
111, 33, 98,
91, 42, 82,
66, 56, 59,
130, 11, 51,
95, 22, 33,
106, 30, 72,
80, -14, 18,
56, 39, 65,
149, -41, 63,
45, 40, 92,
76, 16, 16,
61, -2, 91,
94, 58, 70,
66, 25, 37,
30, 3, 77,
98, 34, 84,
139, 10, 24,
117, 17, 17,
102, 35, 90,
93, 6, 41,
125, 13, 38,
91, 0, 21,
45, -8, 58,
63, 46, 74,
141, 41, 50,
164, 19, 129,
81, 25, 99,
97, 51, 25,
84, -34, 113,
123, -11, 59,
58, 75, 34,
110, 65, 45,
117, 43, 77,
151, 42, 97,
144, 3, 78,
80, 17, 89,
51, 18, 75,
131, 92, 37,
68, 68, 82,
131, 3, 58,
104, 28, 56,
79, 20, 79,
87, 31, 46,
85, 2, 35,
120, 14, 148,
89, -13, 78,
134, -6, 54,
65, -17, 20,
101, 42, 22,
83, 20, 78,
127, 66, 77,
91, 33, 75,
91, 3, 42,
95, 60, 45,
66, 44, 79,
86, 54, 114,
75, -11, 25,
77, 42, 98,
106, 16, 63,
125, 3, 100,
93, -46, 69,
77, 70, 53,
151, 57, 67,
62, 6, 74,
98, 0, 26,
142, 45, 61,
56, 23, 91,
118, 43, 58,
121, 4, 23,
73, -37, 84,
109, 14, 50,
103, 22, 66,
139, -1, 95,
82, -24, 12,
102, 99, 19,
92, 24, 27,
86, 38, 74,
116, -15, 64,
51, 10, 69,
109, -16, 7,
48, 13, 52,
92, 42, 64,
119, -3, 45,
89, 21, 8,
80, 75, 93,
95, 32, 78,
93, 26, 70,
95, 39, 65,
88, 39, 83,
141, 45, 51,
93, 9, 86,
125, 15, 56,
71, 51, 28,
151, 31, 103,
106, 22, 9,
111, -2, 67,
76, 4, 90,
104, 45, 103,
122, 38, 78,
96, -13, 39,
91, 40, 79,
91, -9, 71,
129, 34, 46,
118, 4, 48,
97, 19, 61,
126, 34, 57,
94, 10, 29,
105, 0, 36,
77, 32, 91,
115, 52, 136,
91, 30, 100,
90, 26, 119,
130, 9, 39,
85, 15, 79,
116, 62, 88,
111, 14, 56,
130, 0, 19,
100, 46, 88,
120, 25, 36,
37, 12, 37,
47, 4, 64,
103, 47, 43,
110, 35, 86,
126, 69, 58,
74, 11, 64,
102, -18, 104,
75, 25, 73,
103, 56, 29,
146, 14, 40,
77, -4, 90,
37, 45, 65,
108, 5, 113,
120, 71, 53,
75, -8, 86,
130, 12, 112,
111, -1, 116,
106, 63, 60,
138, 38, 89,
68, 29, 55,
82, 18, -13,
101, 50, 94,
123, 39, 64,
116, 52, 114,
14, 2, 54,
128, 38, 80,
119, 49, 11,
111, -3, 59,
84, 1, 39,
125, 67, 54,
120, 12, 60,
44, 37, 104,
116, 29, 46,
62, -5, 52,
112, 11, 27,
80, 31, 56,
100, 75, 71,
101, 28, 83,
76, 25, 51,
58, -13, 64,
64, 33, 85,
133, 66, 97,
62, 39, 33,
34, -11, 121,
138, 38, 29,
121, 14, 39,
96, 60, 72,
113, 52, 57,
72, 44, 74,
67, 1, 27,
134, -25, 98,
74, 35, 85,
101, 39, 51,
108, 6, 83,
95, 60, 27,
89, 26, 96,
93, -39, 73,
89, 12, 34,
96, -2, 82,
166, 24, 72,
77, 4, 8,
78, 25, 61,
96, 81, 88,
71, 15, 72,
93, -1, 102,
112, 5, 66,
93, -46, 26,
102, 43, 21,
129, 48, 58,
87, 46, 49,
106, 11, 25,
128, 28, 11,
86, 38, 71,
111, 51, 91,
98, 55, 33,
81, 0, 81,
126, 23, 88,
90, 14, 54,
102, 39, 95,
62, 46, 70,
97, 16, 31,
87, 54, 22,
106, 79, 90,
118, 20, 61,
94, 22, 120,
106, 1, 47,
137, 70, 73,
74, 37, 94,
67, 1, 53,
70, -16, 96,
116, 11, -13,
94, 22, 72,
108, 24, 58,
108, -5, 32,
114, 38, 95,
96, -26, 70,
85, 38, 64,
99, -11, 70,
81, 52, -1,
128, 37, 50,
76, 33, 79,
100, 34, 114,
114, -4, 54,
138, 1, 81,
67, 57, 49,
84, 4, 137,
72, 2, 38,
117, 22, 56,
69, 20, 52,
104, 19, 24,
97, 12, 55,
59, 56, 94,
44, -30, 53,
113, 5, 92,
91, -28, 69,
121, 48, 35,
80, 19, 62,
110, -6, 48,
102, 38, 92,
101, 7, 37,
145, 30, 76,
130, 64, 90,
136, 9, 95,
125, 8, 50,
72, -22, 33,
97, 16, 24,
108, 64, 82,
84, 5, 67,
108, 68, 64,
101, 24, 62,
37, 42, 56,
120, 69, 73,
59, 59, 32,
90, 6, 84,
104, 32, 76,
113, 24, 62,
40, 2, 91,
53, 9, 86,
108, 81, 53,
141, -18, 83,
103, -1, 112,
125, 33, 83,
94, 32, 70,
124, 40, 86,
121, 32, 47,
112, 15, 88,
67, 45, 55,
54, 36, 34,
54, 24, -7,
140, 82, 60,
102, 60, 45,
82, 35, 62,
116, 32, 41,
131, 50, 67,
138, 5, 48,
68, 6, 57,
103, 36, 78,
89, 19, 74,
111, 11, 56,
99, 29, 95,
101, -3, 12,
129, 58, 82,
106, 46, 52,
124, 23, 95,
104, 69, 53,
107, 20, 70,
107, 26, 75,
122, 17, 61,
126, 83, 92,
137, 23, 57,
155, 70, 65,
107, 14, 19,
97, 6, 64,
96, 21, 90,
120, 58, 31,
86, 0, 86,
121, 15, 134,
115, 12, 19,
105, 0, 15,
96, 19, 35,
162, 45, 75,
94, 8, 84,
123, 9, 76,
126, -25, 80,
91, 35, 12,
108, 45, 48,
114, 33, 105,
119, 10, 49,
113, 9, 89,
40, 20, 56,
159, 70, 105,
108, 32, 68,
35, 20, 72,
42, 32, 33,
105, 78, 84,
115, 65, 115,
55, 47, 86,
40, -2, 108,
64, 54, 70,
88, 21, 37,
112, 7, 21,
53, 56, 76,
114, -13, 70,
85, -1, 23,
98, 10, 30,
82, 66, 37,
95, -21, 39,
104, 29, 60,
113, 45, 67,
95, 23, 44,
131, 36, 26,
117, 50, 48,
81, 53, 61,
76, 19, 48,
81, -30, 88,
86, 34, 47,
110, 3, 51,
75, 27, 43,
110, 39, 94,
106, 27, 62,
121, -10, 63,
88, 92, 46,
93, 70, 39,
137, 55, 57,
111, 33, 29,
105, -1, 44,
118, 36, 106,
134, 12, 100,
85, 27, 85,
76, 48, 40,
94, 53, 29,
92, 17, 51,
114, 43, 51,
75, 9, 85,
93, 25, 82,
126, 33, 30,
116, 4, 94,
73, 47, 25,
76, 28, 46,
106, 3, 37,
106, 44, 114,
95, 28, 129,
97, 1, 56,
138, 37, 79,
133, -4, 37,
52, 44, 81,
99, 22, 21,
75, 60, 39,
24, 26, 95,
130, 30, 6,
129, 56, 53,
129, 32, 47,
81, 70, 78,
96, 47, 84,
75, 10, 95,
124, 22, 82,
76, 59, 71,
109, 15, 96,
110, 50, 76,
120, 54, 88,
82, -21, -4,
106, 23, 54,
93, 65, 37,
117, 1, 59,
109, 40, 94,
127, -9, 67,
50, -22, 54,
95, 37, 63,
93, 60, 63,
114, 79, 80,
85, 32, 49,
124, 68, 55,
110, 61, 48,
85, 28, 29,
122, 29, 24,
110, 42, 84,
143, 34, 110,
62, 13, 37,
83, 39, 80,
113, 43, 76,
83, 22, 85,
84, 80, 59,
111, 65, 51,
112, 35, 35,
108, 9, 40,
122, 15, 16,
124, 0, 47,
105, 61, 57,
83, 30, 63,
82, 36, 17,
93, 69, 48,
96, 33, 59,
107, 24, 7,
97, 58, 84,
77, -17, 34,
66, 42, 59,
120, 29, 57,
135, 37, 43,
108, 21, 92,
89, 27, 99,
144, -6, 83,
128, 3, 57,
105, 28, 77,
138, 47, 83,
88, 26, 52,
101, -3, 93,
110, 51, 100,
95, 7, 33,
103, -14, 66,
125, 4, 67,
118, 12, 39,
148, 68, 76,
82, 26, 91,
61, 47, 15,
105, 39, 102,
75, 7, 62,
99, 5, 78,
132, 67, 100,
85, -7, 30,
157, 37, 58,
79, 28, 62,
89, 40, 60,
137, 25, 50,
109, 45, 63,
100, 16, 65,
119, 43, 10,
85, 17, 41,
75, -5, 96,
100, 60, 41,
100, 30, 11,
116, 22, 62,
80, 7, -5,
114, 7, 63,
108, 47, 62,
125, 28, 56,
118, 12, 57,
113, 47, 80,
75, 67, 31,
82, 35, 70,
95, 57, 42,
121, 41, 68,
75, 17, 51,
101, 21, 69,
109, 43, 145,
115, 65, 63,
116, 64, 14,
106, 24, 112,
113, 23, 84,
83, 72, 82,
80, 58, 75,
104, 42, 51,
74, -4, 36,
100, 60, 43,
98, 32, 20,
123, 4, 37,
102, 36, 56,
51, -9, 56,
77, 4, 49,
110, 45, 59,
46, 15, 58,
121, 51, 100,
132, 48, 42,
92, -9, 35,
48, 37, 38,
104, 27, 46,
124, 8, 66,
111, -5, 47,
88, 31, 95,
55, 46, 167,
71, 21, 27,
95, 33, 61,
108, 35, 75,
51, 30, 32,
123, 83, 48,
70, -7, 75,
99, -14, 71,
71, 84, 51,
103, 58, 109,
103, 83, 99,
77, 32, 63,
78, 32, 99,
78, 8, 81,
118, 60, 86,
78, 28, 77,
101, 72, 93,
73, 11, 117,
93, 74, 74,
120, -12, 84,
105, 7, 63,
86, 20, 87,
139, 64, 102,
72, -31, 45,
115, 7, 56,
99, 34, 88,
72, 17, 63,
105, 3, 63,
38, -6, 81,
88, -21, 77,
135, 41, 122,
55, -6, 52,
82, 34, 87,
115, -8, 27,
74, 31, 42,
62, 254, 71,
84, 72, 50,
116, 29, 65,
57, 13, 57,
33, -16, 4,
130, 55, 16,
115, 32, 74,
77, -7, 70,
99, 21, 103,
138, 18, 108,
33, 38, 70,
105, 19, 114,
156, -10, 38,
110, 35, 137,
114, 78, 45,
123, 23, 58,
120, 34, 61,
73, 51, 47,
89, 4, 77,
151, 55, 243,
143, 40, 124,
111, 39, 42,
126, 26, 58,
102, 4, 65,
144, 48, 80,
93, 46, 91,
120, 39, 57,
81, 20, 79,
103, 53, 43,
122, -16, 96,
103, 13, 61,
106, 28, 58,
24, -33, 41,
113, 55, 84,
125, 0, 52,
117, 16, 59,
113, 57, 69,
115, 43, 34,
118, 15, 112,
89, -31, -14,
51, 17, 60,
111, 48, 80,
75, 34, 85,
78, 35, 30,
89, 60, 32,
116, 24, 50,
73, -12, 44,
140, 32, 88,
101, 18, 43,
157, -9, 80,
127, 58, -224,
76, 23, 80,
110, 40, 126,
108, 40, 59,
70, 2, 84,
144, 6, 58,
76, 39, 61,
59, 40, 37,
131, 40, 85,
52, 29, 15,
142, 45, 111,
73, 8, 52,
72, -21, 34,
115, -18, 79,
101, -7, 57,
126, 45, 59,
91, 4, 99,
116, 63, 60,
134, 75, 63,
78, 40, 44,
88, 11, 56,
107, 39, 121,
115, 23, 73,
101, -19, 71,
85, 21, 38,
105, 33, 25,
101, 51, 79,
26, -27, -16,
98, 7, 37,
66, 48, -19,
103, -15, 9,
96, 36, 43,
99, 54, 50,
78, 57, 70,
123, -16, 57,
76, 0, 103,
105, 17, 79,
71, 41, 47,
95, -5, -3,
76, 21, -1,
114, 43, 108,
97, 69, 97,
114, -21, 45,
97, 58, 98,
117, -1, 110,
107, 33, 51,
128, 4, 63,
126, 4, 54,
110, 48, 53,
84, 31, 50,
121, -20, 47,
96, 18, 93,
138, 53, 95,
113, 13, 47,
81, 36, 28,
101, -14, 9,
74, -51, 94,
69, 30, 67,
90, 4, 64,
132, -18, 53,
83, 62, 51,
81, 50, 60,
71, 38, 77,
94, -13, 48,
78, -9, 47,
38, 6, 48,
146, 61, 111,
89, 53, 93,
110, 27, 41,
91, 19, 52,
100, 64, 80,
141, 66, -11,
71, 19, 42,
88, 32, 85,
88, 3, 98,
77, -18, 56,
83, 35, 59,
33, 22, 45,
119, 6, 69,
100, 16, 51,
98, 38, 40,
102, 10, 12,
61, 32, 83,
108, 36, 67,
82, 23, 53,
79, 8, 69,
71, 53, 52,
96, 18, 36,
100, 7, 41,
123, 49, 83,
93, 59, 105,
82, 3, 45,
56, 0, 72,
109, 41, 75,
63, 16, 82,
98, -12, 40,
75, 19, 60,
83, 36, 67,
106, 3, 60,
87, 35, 66,
76, 68, 21,
117, 61, 96,
149, -24, 60,
85, 22, 57,
149, -4, 75,
149, 20, 71,
91, 9, 32,
95, 8, 41,
149, 40, 18,
63, 1, 76,
85, -2, 21,
64, 47, 76,
118, 55, 66,
150, 35, 54,
172, 35, 85,
98, 81, 134,
87, 9, 112,
80, 11, 74,
69, 13, 57,
46, 47, 32,
93, 4, 49,
55, 51, 44,
81, 65, 46,
89, 3, 74,
130, 47, 139,
124, 14, 103,
77, 24, 101,
120, 54, 82,
108, 1, 55,
94, 47, 91,
44, 46, 73,
123, 46, 103,
130, 37, 87,
139, 60, 36,
111, 30, 72,
85, -8, 62,
80, 63, 58,
124, 14, 72,
74, 50, 67,
78, 49, 75,
94, -2, 74,
112, -23, 37,
75, -3, 59,
89, 69, 78,
68, -1, 37,
137, 34, 53,
90, 16, 38,
64, 37, 63,
93, 25, 86,
82, 13, 114,
117, 60, 89,
125, 15, 45,
93, -4, 114,
95, 102, 85,
94, 27, 46,
137, 23, 133,
91, 17, 95,
103, 32, 56,
80, 10, 45,
75, 24, 64,
95, 9, 99,
117, 48, 98,
31, 44, 85,
98, 16, 84,
159, 24, 72,
104, 19, 65,
90, 24, 54,
95, 18, 52,
111, 32, 80,
130, 44, 54,
101, 22, 104,
89, 42, 28,
108, 23, 58,
50, 15, 5,
113, 48, 87,
92, 10, 104,
93, 34, 73,
74, 43, 74,
58, -11, 52,
101, 24, 50,
108, 31, 25,
104, 57, 25,
93, -11, 41,
142, 45, 67,
69, 31, 21,
85, 10, 63,
110, 5, 38,
124, 9, 60,
141, -51, 51,
104, -7, 42,
44, 76, 86,
56, -11, 52,
95, 27, 74,
96, 37, 92,
134, 15, 50,
64, -20, 26,
120, 29, 45,
131, 40, 60,
98, 13, 63,
91, 15, 75,
165, 12, 47,
83, 19, 23,
113, 48, 49,
79, 8, 45,
94, 12, 37,
90, 69, 52,
63, 35, 44,
97, 47, 31,
63, 21, 74,
69, 58, 61,
110, 47, 92,
115, 38, 87,
95, 29, 56,
88, 30, 139,
51, 47, 94,
112, 21, 98,
160, 53, 82,
65, 15, 68,
99, 34, 79,
139, -3, 85,
115, 30, 76,
69, 59, 55,
90, 7, 67,
86, 68, 41,
121, 2, 1,
116, 20, 71,
132, 37, 88,
71, -12, 65,
117, 28, 94,
98, 47, 28,
97, 75, 65,
83, 1, 71,
135, 67, 255,
99, 19, 84,
83, 29, 36,
50, 4, 81,
153, 42, 52,
96, 14, 111,
146, 25, 39,
76, 8, 53,
136, -1, 13,
79, 17, 60,
124, 58, 27,
103, 7, 94,
88, -25, 18,
80, 59, 105,
92, 48, 23,
117, 28, 32,
123, 53, 64,
143, 34, 56,
66, -8, 6,
169, -6, 111,
118, 17, 119,
106, 6, 76,
46, 19, 55,
65, 9, 91,
96, 40, 108,
100, 49, 68,
95, 31, 43,
156, -22, 72,
77, -39, 34,
96, 41, 88,
101, 28, 67,
112, -6, 46,
143, 23, 80,
85, 19, 50,
123, 26, 47,
132, 13, 55,
129, 50, 96,
103, 2, 117,
99, -2, 18,
114, 51, 92,
113, 86, 91,
99, -17, 104,
79, 6, 56,
92, 19, 55,
84, 12, 61,
102, 18, 119,
109, 12, 21,
77, -8, 96,
153, 33, 89,
84, -3, 67,
46, 22, 48,
94, 31, 52,
111, 47, 63,
64, -3, 56,
126, 63, 56,
104, 21, 25,
95, 29, 28,
112, 53, 61,
110, 9, 101,
111, -15, 72,
109, -9, 106,
92, 31, 60,
89, -28, 73,
97, -1, 36,
130, 54, 74,
38, -9, 34,
77, 40, 50,
86, 76, 67,
136, 19, 74,
101, 78, 79,
33, 30, 50,
74, 22, 79,
66, -9, 77,
113, 27, 101,
95, -10, 32,
99, 39, 47,
99, 19, 135,
114, -10, 55,
92, 12, 31,
139, 1, 53,
119, 69, 39,
109, 10, 1,
54, -9, 16,
105, 34, 92,
117, 43, 96,
80, 34, 70,
117, 60, 115,
101, 6, 39,
75, 69, 89,
109, 39, 58,
113, 3, 78,
138, 59, 44,
69, -3, -2,
102, 29, 75,
85, 25, 77,
106, 26, 36,
104, 24, 33,
53, 40, 69,
110, 48, 102,
100, 30, 59,
79, 14, 54,
109, 54, 30,
151, 23, 58,
103, 36, 66,
106, 31, 58,
82, 39, 53,
115, 22, 62,
117, 43, 62,
52, 37, 23,
47, 47, 92,
85, 15, 66,
102, 22, 74,
74, 31, 13,
105, 50, 75,
74, -17, 23,
88, 22, 5,
158, 4, 89,
93, 39, 53,
63, 5, 52,
73, -15, 25,
96, 45, 96,
83, 22, 34,
52, 11, 62,
79, 78, 99,
94, 72, 54,
99, 3, 89,
79, 17, -23,
144, 58, 67,
102, 21, 19,
118, 38, 86,
112, 16, 39,
77, 48, 73,
99, 38, 57,
118, 26, 79,
104, 37, 77,
96, 43, 35,
85, 5, 88,
121, 10, 61,
86, 80, 68,
120, 27, 42,
77, 5, 31,
83, 91, 91,
120, 12, 44,
101, -1, 20,
93, 38, 101,
106, 80, 97,
78, 86, 32,
108, 42, 23,
131, 69, 55,
128, 24, 86,
78, 41, 37,
68, 62, 45,
135, 35, 57,
105, 22, 34,
92, 64, -14,
167, 51, 54,
55, -26, 18,
76, -27, 31,
122, 23, 56,
49, 2, 18,
79, 31, 86,
131, 20, 36,
77, 30, 54,
126, 4, 57,
62, 36, 44,
83, 47, 79,
72, 28, -13,
127, 44, 84,
75, -14, 46,
116, 20, 50,
146, 79, 85,
42, -14, 21,
123, 20, 87,
120, 75, 57,
89, -7, -9,
137, 62, 51,
132, 19, 65,
73, 12, 118,
117, 38, 64,
40, 6, 53,
67, 9, 62,
126, 4, 54,
132, 43, 47,
64, 69, 58,
104, -16, 36,
90, 71, 56,
107, -6, 24,
94, -8, 65,
98, 61, 53,
134, 18, 60,
94, 3, 63,
84, 18, 36,
117, 69, 67,
99, 54, 109,
86, -14, 27,
87, -4, 75,
124, 28, 47,
99, 97, 87,
123, 28, 37,
83, 59, 36,
85, -7, 65,
88, 35, 48,
117, 51, 36,
113, 44, 23,
97, 52, 22,
100, 20, 47,
117, -13, 55,
104, 23, 41,
71, -3, 55,
71, 34, 73,
73, 0, 34,
118, 20, 68,
94, 27, 15,
114, 20, 93,
135, 40, 76,
93, 29, 57,
105, 21, 7,
134, 75, 34,
101, -21, 71,
110, 23, 4,
128, 65, 25,
115, 39, 94,
81, 15, 58,
66, 33, 85,
101, 40, 94,
119, 79, 50,
132, 53, 83,
113, 16, -2,
73, 23, 59,
60, 4, 75,
53, 70, 44,
98, 28, 63,
126, 39, 76,
85, 24, 71,
100, 15, -13,
88, -1, 88,
105, 28, 44,
124, 13, 54,
120, -21, 41,
108, 19, 50,
54, 13, 59,
107, 8, 53,
109, -1, 55,
104, 7, 77,
72, -24, 48,
108, 35, 73,
39, 28, 106,
111, 20, 42,
78, 14, 113,
62, 30, 24,
132, 23, 59,
87, 41, 88,
99, 15, 17,
74, 23, 62,
115, 30, 34,
87, -30, 60,
88, 29, 69,
61, 31, 32,
109, 11, 77,
146, 22, 98,
125, 9, 79,
91, 18, 119,
111, 14, 72,
106, -4, 56,
131, 35, 42,
80, 72, 43,
61, -39, 50,
93, 42, -10,
128, 49, 100,
108, 31, 38,
122, 25, 21,
89, -10, 64,
141, 54, 86,
96, 48, 30,
116, 32, 129,
127, 35, 48,
72, 2, 54,
79, 78, 92,
81, 50, 100,
71, -18, 58,
128, -18, 82,
110, 29, 36,
50, 64, 64,
68, 47, 54,
134, 56, 22,
107, 30, 35,
130, 35, 49,
87, 22, 100,
130, -25, 82,
90, 22, 92,
163, -3, 21,
54, 61, 66,
122, 42, 79,
107, -20, 61,
69, 8, 59,
75, 59, 64,
100, 15, 94,
120, -12, 45,
86, 49, 37,
144, 56, 67,
146, -14, 66,
70, 35, 81,
123, 32, 74,
84, 22, 69,
93, 36, 68,
125, 10, 37,
98, 61, 81,
122, -14, 64,
117, 5, 87,
113, 34, 67,
106, 21, 48,
65, 81, 45,
107, -36, 73,
78, 30, 73,
107, 13, 87,
97, 38, 70,
124, -11, 30,
74, 11, 49,
143, 30, 87,
109, -7, 70,
105, 21, 64,
57, 41, 59,
100, 22, 69,
82, 42, 17,
116, 59, 78,
122, -26, 108,
62, 6, 18,
89, 19, 44,
115, 34, 69,
109, 33, 64,
136, 34, 93,
87, 7, 84,
61, 9, 41,
98, -15, 33,
78, 19, 80,
124, 46, 98,
123, 10, 53,
58, 6, 31,
126, 36, 64,
135, -28, 31,
122, 12, 51,
123, 55, 72,
135, 50, 74,
112, 31, 79,
95, 80, 62,
69, 27, 83,
102, 31, 109,
67, -6, 47,
107, 29, 71,
112, -3, 81,
110, -11, 21,
97, 31, 28,
72, 16, 14,
119, 32, 38,
109, 21, 10,
106, 28, 41,
104, 53, 97,
44, 61, 37,
93, 37, 59,
114, 18, 71,
117, 78, 59,
73, 35, 58,
14, 5, 55,
53, 21, -1,
117, 7, 77,
85, 17, 83,
77, 33, 97,
109, 42, 65,
84, 22, 75,
112, -27, 127,
83, 39, 32,
104, 38, 95,
96, 45, 71,
83, 17, 0,
99, 34, 96,
138, 31, 102,
92, 41, 26,
71, 29, 100,
38, 12, 53,
127, 36, 42,
124, 24, 56,
117, 19, 26,
90, -19, 63,
119, 32, 99,
43, -16, 60,
117, -13, 18,
138, 40, 125,
91, 14, 23,
64, 17, 58,
70, 39, 82,
89, -12, 49,
75, 31, 96,
91, 48, 103,
73, 10, 24,
68, 41, 58,
69, 22, 39,
73, 21, 68,
109, 28, 21,
68, 5, 54,
63, 33, 22,
81, 26, 37,
111, 39, 61,
86, -6, 41,
138, 34, 76,
108, -3, 55,
93, 21, 82,
125, 22, 72,
75, 25, 15,
50, -6, 51,
106, 54, 44,
113, 16, 23,
83, 27, 69,
111, 1, 32,
