93, 2, 40,
89, -8, 111,
127, 104, 100,
146, 21, 40,
89, 8, 50,
70, 32, 59,
137, 42, 109,
72, 39, 86,
130, 19, 30,
35, 63, 36,
107, 25, 23,
82, 8, 84,
103, 51, 76,
111, 74, 149,
63, 17, 67,
140, -2, 27,
149, 1, 1,
164, 59, 59,
88, 28, 62,
113, 13, 92,
57, 19, 79,
138, 22, 42,
111, 27, 46,
97, 13, 73,
69, -55, 31,
132, 56, 63,
57, 54, 102,
102, 13, 46,
142, 11, 100,
53, 6, 55,
134, 41, 72,
89, 49, 56,
102, 53, 56,
125, -17, 58,
102, -7, 91,
98, 47, 55,
62, 2, 8,
101, -14, 80,
73, 33, 88,
104, 25, 39,
115, 34, 71,
98, 24, 87,
51, 6, 78,
113, 5, 60,
80, 18, 21,
58, 29, 70,
105, -10, 80,
87, 16, 74,
93, 0, 66,
39, 39, 57,
88, 26, 54,
121, 6, 31,
129, 0, 51,
72, -28, 32,
95, 21, 66,
79, 24, 37,
83, 22, 75,
144, 4, 94,
100, 9, 33,
134, 48, 70,
109, 61, 102,
73, -15, 40,
120, -11, 105,
101, 41, 88,
82, 32, 58,
105, -20, 68,
140, 65, 101,
51, -14, 87,
91, 5, 113,
103, 26, 48,
121, 31, 115,
60, 2, 14,
96, 23, 54,
136, -17, -4,
100, 1, 43,
105, 45, 49,
105, 41, 57,
110, 30, 85,
125, 13, 47,
117, 48, 54,
139, 57, 54,
85, 45, 35,
111, 75, 59,
84, 19, 41,
121, 65, 75,
88, 16, 53,
95, 75, 36,
98, 32, 43,
82, 18, 52,
129, 54, 107,
104, -9, 23,
86, 23, 52,
69, 70, 54,
122, 22, -30,
92, 26, 57,
94, 7, 93,
85, 33, 106,
84, 54, 70,
117, -40, 52,
83, 20, 86,
103, 67, 118,
90, -3, 23,
99, 62, 62,
134, 60, 64,
92, 21, 70,
97, 43, 96,
82, 35, 82,
76, 52, 45,
104, -5, 88,
122, 30, 57,
101, 22, 46,
104, 22, 17,
65, 3, 55,
132, 6, 53,
125, 33, 55,
65, 37, 103,
67, 1, 35,
89, 48, 65,
67, 34, 87,
75, 34, 41,
68, -6, 62,
52, 62, 125,
127, 29, 61,
102, 11, 37,
107, 41, 45,
98, 47, 81,
99, 10, 26,
145, 23, 111,
133, 21, 93,
104, -32, 79,
103, 55, 29,
108, 34, 1,
102, 48, 71,
88, -34, 48,
85, 57, 56,
135, 13, 74,
58, 29, 53,
91, 23, -35,
85, 51, 28,
99, -10, 26,
100, 46, 69,
96, 12, 33,
93, -18, 72,
153, -3, 58,
127, 63, 56,
136, 26, 18,
63, 23, 55,
74, 13, 27,
55, 7, 60,
147, 0, 90,
81, -24, 45,
88, 0, 21,
55, 67, 79,
125, 33, 57,
77, 2, 75,
114, 77, 89,
102, 3, 70,
87, 32, 50,
115, 33, 87,
79, -15, 54,
73, 10, 36,
121, 8, 24,
70, -1, -2,
116, 28, 42,
104, 58, 88,
74, -50, 45,
144, 44, 50,
95, 29, 73,
96, 28, 93,
145, 21, 39,
117, 18, 161,
98, 24, 66,
110, 45, 60,
83, 0, 29,
127, 14, 105,
84, -35, 110,
151, 18, 45,
96, 13, 67,
107, 28, 96,
70, 41, 37,
93, 17, 85,
113, 52, 70,
105, -5, 36,
76, 49, -1,
91, 36, 93,
72, 36, 79,
80, -2, 44,
89, 24, 47,
76, 41, 17,
122, 32, 12,
118, 28, 51,
105, 23, 101,
108, -10, 105,
39, 14, 25,
138, 57, 68,
98, 67, 89,
80, 38, 77,
119, 6, 60,
114, 51, 65,
50, 9, 91,
91, 26, 80,
101, 11, 90,
101, 21, 131,
37, 29, 80,
151, 47, 81,
112, -6, 76,
128, 12, 52,
121, 34, 68,
147, 21, 37,
65, -16, 89,
90, 49, 0,
103, 65, 97,
74, 49, 42,
99, 8, 35,
145, -5, 64,
93, 29, 43,
107, 12, 126,
94, 26, 27,
92, -8, 66,
81, 14, 58,
89, 13, 74,
111, 47, 46,
112, 21, 37,
68, -8, 38,
116, 91, 104,
56, -29, 23,
84, 18, 93,
70, 8, 97,
110, -10, 64,
77, 16, 56,
133, 12, 50,
81, -14, 3,
106, 48, 34,
123, 78, 30,
126, 28, 45,
79, 53, 74,
41, 44, 69,
94, -29, 37,
72, 21, 64,
106, 59, 56,
126, 86, 65,
112, 15, 58,
106, -15, 70,
99, 6, 95,
123, 55, 105,
118, 22, 31,
108, 12, 70,
57, 34, 39,
98, 13, 75,
83, -13, 42,
93, 54, 121,
95, 13, 75,
110, 20, 39,
125, 80, 59,
121, 51, 76,
74, 31, 76,
111, -5, 50,
154, 20, 33,
116, 47, 102,
54, 35, 62,
65, 28, 75,
140, 8, 24,
50, -8, 93,
142, 24, 113,
114, 22, 61,
142, 22, 20,
91, 19, 78,
76, 29, 95,
102, 21, 27,
84, 4, 43,
147, 54, 50,
75, 10, 70,
90, -2, 42,
106, 24, 56,
59, 60, 45,
102, 1, 82,
74, 10, 63,
130, 38, 78,
48, -38, 117,
103, 52, 84,
114, 69, 85,
60, 35, 110,
118, 39, 92,
114, -19, 28,
53, 7, 49,
127, 26, 52,
85, 33, 0,
104, 58, 44,
57, 12, 33,
71, -13, 60,
77, -9, 66,
94, -20, 17,
61, -41, 34,
104, 85, 95,
85, -8, 53,
119, 57, 69,
100, 3, 94,
72, 3, -30,
100, 51, 46,
87, 17, 52,
90, 27, 136,
120, 40, 35,
125, 36, 112,
103, -11, 21,
113, -22, 54,
87, -3, 81,
70, 17, 31,
127, 59, 28,
81, 13, 27,
83, 14, 71,
80, 58, 101,
105, 20, 49,
92, 32, 87,
54, 4, 88,
118, 35, 66,
67, 6, 46,
81, 56, 30,
107, 35, 74,
57, 27, 71,
101, 37, 31,
129, 27, 95,
105, 48, 68,
87, 23, 68,
65, 39, 67,
70, 7, 66,
128, 12, 55,
89, 50, 114,
70, -55, 70,
118, 21, 52,
101, -1, 38,
124, 19, 37,
94, -17, 31,
92, -7, 15,
115, 13, 52,
99, 18, 75,
87, -246, 94,
99, 11, 97,
95, 34, 44,
34, 8, 72,
91, 12, 66,
73, 49, 45,
120, 49, 34,
94, 34, 106,
45, 10, 68,
154, 47, 56,
80, -8, 53,
77, 11, 105,
165, -1, 74,
100, 54, 14,
110, 35, 63,
129, 63, 49,
137, 72, 94,
153, 31, 73,
81, 76, 67,
79, 1, 76,
93, 22, 52,
59, 22, 69,
106, 30, 74,
118, 26, 21,
99, 50, 44,
95, 33, 66,
98, 42, 34,
90, 3, 14,
68, 8, 94,
149, 2, 50,
99, 13, 54,
134, 15, 78,
93, 66, 54,
58, -1, 45,
130, 52, 41,
83, 26, 56,
93, 29, 38,
108, 27, 23,
123, 18, 63,
80, -15, 68,
59, -5, 46,
109, 10, 27,
88, 12, 47,
53, 19, 29,
86, 44, 80,
100, 4, 59,
82, -12, 28,
74, 26, 83,
135, -17, 69,
94, -9, 68,
99, 34, 84,
52, -19, 28,
42, 47, 75,
96, 11, 23,
96, 26, 77,
111, 51, 44,
97, 8, 42,
122, 27, 88,
74, 245, 56,
67, 34, 84,
84, -19, 69,
143, 42, 82,
125, 43, 103,
80, 54, 55,
117, 13, 32,
96, 33, 77,
50, 27, 50,
32, -5, 49,
147, -28, 86,
78, 71, 95,
73, -29, -2,
107, 95, 85,
126, 7, 14,
108, -3, 35,
123, 44, 49,
74, 14, 73,
108, -2, 94,
144, -2, 103,
121, 23, 70,
15, 37, 10,
87, -23, 30,
94, 13, 34,
109, 5, 83,
83, 32, 50,
100, 14, 65,
72, 3, 66,
98, 12, 62,
97, 14, 21,
95, -14, 73,
119, -3, 49,
96, 10, 48,
81, -4, 13,
131, 53, 42,
55, 64, 94,
105, 26, 23,
111, 51, 80,
103, -18, 30,
92, 40, 108,
97, -4, 47,
81, 7, 52,
32, 40, 40,
99, -15, 20,
69, -39, 3,
118, -2, 109,
64, 0, 24,
71, 31, 27,
85, 56, 12,
89, 62, 65,
85, -17, 57,
93, 55, 97,
95, -5, 92,
96, 26, 29,
34, -5, 76,
100, 28, 101,
115, 3, 89,
26, 30, 45,
112, 44, 92,
90, 33, 61,
49, 23, 55,
75, 2, 50,
157, 8, 67,
124, 47, 67,
87, 56, 68,
140, 75, 72,
87, 16, 70,
101, 10, 26,
127, 27, 30,
17, 5, 10,
87, 41, 61,
114, 31, 82,
105, 45, 41,
51, -1, 0,
156, 55, -24,
85, 66, 67,
85, 36, 26,
107, 18, 84,
124, 61, 96,
113, 49, 66,
123, 50, 68,
116, 6, 92,
-6, 17, 66,
93, 46, 99,
152, 49, 65,
105, 30, 34,
97, -10, 47,
50, -27, 34,
59, 9, 110,
137, 74, 77,
102, 37, 42,
67, 32, 54,
100, 23, 56,
92, 6, 55,
116, 19, 71,
82, 35, 81,
45, 53, 45,
84, 2, 0,
64, 15, 36,
57, 48, 73,
131, 35, 94,
101, 46, 47,
95, 12, 50,
35, 0, 34,
86, 40, 71,
79, -10, 71,
87, 59, 37,
164, 54, 73,
37, 0, -208,
103, 45, 58,
91, 5, 19,
100, 21, 26,
119, 9, 101,
81, 4, 32,
138, 84, 37,
101, 12, 51,
97, -4, 41,
81, 24, 32,
114, 41, 99,
128, 56, 93,
142, 40, 13,
36, 52, 14,
87, -4, 64,
114, 3, 91,
114, 41, 42,
116, 39, 134,
116, 41, 49,
88, 31, 94,
81, 41, 27,
94, 26, 58,
92, 23, 54,
145, 35, 101,
72, 44, 40,
79, -2, 64,
112, 76, 65,
134, 53, 57,
75, -13, 26,
145, 54, 58,
102, -8, 47,
75, 29, 73,
81, 17, 76,
106, 21, 21,
66, 68, 43,
48, 99, 62,
77, -35, 37,
118, 74, 59,
120, 38, 74,
123, 54, 60,
126, 47, 85,
77, 56, 32,
122, 78, 28,
63, -2, 82,
135, 2, 91,
116, 58, 33,
91, 14, 88,
103, 28, 43,
117, 77, 63,
82, 24, 112,
108, 30, 85,
73, 35, 82,
75, -21, 53,
84, 5, 103,
97, 29, 43,
85, 33, 86,
99, 46, 58,
98, 28, 26,
122, 21, 74,
120, 63, 77,
99, 40, 70,
120, 31, 39,
103, 38, 91,
121, 24, 95,
79, -4, 78,
96, 50, 71,
114, 34, 54,
130, 66, 102,
81, 15, 30,
128, 20, 51,
136, 12, 13,
106, 23, 65,
134, -6, 40,
102, 12, 52,
69, 49, 62,
147, -10, 82,
73, -27, 66,
86, 16, 94,
128, 23, 26,
93, 73, 62,
90, 35, 68,
92, 55, -24,
129, 103, 42,
106, 46, 98,
83, -4, 34,
116, 24, 80,
102, 55, 65,
124, -17, 60,
106, 24, 98,
116, -2, 23,
88, 9, 78,
109, 69, 24,
100, 17, 24,
110, 28, 64,
86, -7, 9,
136, 11, 43,
111, 64, 54,
100, 33, -16,
65, 56, 55,
114, 66, 57,
57, -30, 19,
125, 41, 25,
91, -2, 108,
107, 46, 53,
94, 3, 73,
73, 34, 109,
81, 58, 70,
121, 58, 109,
123, -5, 89,
106, 40, 52,
146, 50, 64,
141, 1, 49,
100, 19, 42,
126, 35, 81,
87, 8, 81,
97, 3, 42,
113, -6, 53,
92, 32, 34,
98, 40, 94,
97, 61, 130,
95, 13, 55,
107, 17, 58,
111, 25, 40,
145, 5, 35,
103, 3, 42,
122, 29, 49,
136, 24, 33,
128, 32, 75,
95, 44, 103,
118, 43, 45,
80, 9, 46,
42, 24, 42,
150, 19, 56,
74, 9, 60,
144, 34, 78,
80, 3, 32,
96, 85, 48,
81, 60, 80,
69, -18, 74,
103, 12, 28,
52, 61, 48,
73, 32, 58,
65, 35, 72,
98, 19, 52,
87, 51, 110,
160, -3, 38,
80, -6, 56,
110, 20, 41,
107, 6, 14,
134, 28, 77,
82, 2, 90,
86, 25, 25,
120, 14, 107,
134, 3, 94,
98, 6, 56,
72, -219, 35,
86, 13, 71,
99, 32, 62,
113, 27, 80,
85, 11, 111,
122, 27, 84,
83, -67, 88,
35, 39, 65,
50, 19, 4,
149, 32, 43,
90, 11, 53,
118, -11, 77,
124, 31, 71,
117, 52, 93,
77, 19, 99,
132, 33, 70,
109, 19, 65,
74, 39, 73,
78, 42, 50,
84, 42, 110,
70, -13, 33,
92, -3, 39,
81, 2, 11,
91, 40, 95,
112, 39, -6,
118, 32, 88,
136, 81, 69,
119, 26, 28,
95, 40, 52,
112, 47, 74,
130, 24, 93,
110, 21, 52,
109, 40, 63,
129, 33, 72,
151, 50, 57,
119, 21, 25,
101, 15, 21,
106, 23, 31,
156, 90, 103,
80, 8, 88,
124, 12, 98,
85, 24, 71,
119, -4, 28,
144, 55, 103,
115, -7, 106,
143, 5, 40,
74, 10, 29,
102, 38, 39,
91, 20, 67,
92, 22, 112,
102, 42, 73,
70, 14, 15,
105, 56, 28,
59, -2, 14,
109, 40, 50,
103, 35, 100,
105, 48, 20,
81, 46, 68,
129, 224, 36,
79, 18, 57,
99, 37, 80,
123, 49, 85,
85, -7, 19,
104, 26, 38,
138, -3, 26,
147, 38, 72,
115, -4, 50,
112, -14, 58,
116, 8, 51,
121, 66, 77,
90, -17, 32,
88, -18, 53,
93, -22, 12,
86, -9, 62,
121, 26, 15,
77, 67, 81,
100, 21, 26,
95, 52, 36,
94, 17, 18,
125, 24, 104,
60, 62, 53,
108, -8, 111,
93, 18, 98,
115, 21, -8,
107, 56, 91,
33, -35, 13,
96, 77, 101,
32, 15, 90,
92, 2, 55,
76, -9, 30,
37, -11, 34,
44, 68, 31,
79, 62, 97,
79, 30, 61,
105, -32, 50,
86, 13, 84,
126, 19, 93,
88, -5, 92,
134, 31, 103,
47, 18, 43,
82, 68, 6,
89, 53, 27,
165, 57, 39,
142, 23, 25,
74, -8, 49,
80, 38, 27,
79, 28, 145,
61, 11, 54,
85, 37, 37,
122, 6, 70,
63, 67, 87,
122, 63, 73,
160, 8, 41,
100, 36, 45,
111, 18, 44,
67, 4, 3,
89, 244, 96,
135, 24, 86,
63, -1, 109,
70, 22, 68,
154, 67, 31,
103, 42, 87,
118, 42, 40,
70, 30, 89,
72, -7, 72,
82, -13, 56,
92, -4, 66,
87, 34, 35,
104, 35, 66,
106, 1, 28,
88, -12, 80,
131, 45, 93,
63, -2, 60,
98, 33, -4,
77, 29, 48,
81, 20, 73,
141, 93, 88,
90, 33, 37,
89, 9, 64,
63, 21, 92,
101, 51, 61,
90, 3, 37,
32, -10, 56,
77, -5, 15,
147, 41, 42,
93, 77, 62,
117, 49, 67,
70, 30, 79,
115, 42, 91,
108, 11, 113,
102, -17, 52,
115, 44, 72,
141, 51, 54,
87, 35, 113,
76, -25, 52,
135, 38, 53,
98, 9, 104,
121, 63, 64,
116, 40, 63,
41, -7, 67,
96, 43, 49,
119, 34, 86,
99, 4, 55,
97, 12, 82,
120, 48, 79,
99, 33, 16,
120, -19, 55,
156, 17, 63,
131, -4, 54,
78, 2, 32,
145, 33, 87,
73, 18, 65,
147, 16, 100,
110, 53, 114,
143, -220, 59,
113, -9, 118,
50, -21, -5,
113, 59, 73,
70, -2, 43,
48, 2, 68,
124, 50, 167,
82, 63, 28,
88, 46, 41,
107, -1, 22,
113, 35, 45,
120, 0, 90,
92, 33, 64,
90, 43, 37,
118, 23, 97,
105, 54, 95,
51, -9, 2,
139, 34, 69,
67, 2, 15,
113, -13, 52,
68, 21, -8,
159, 37, 71,
87, -5, 58,
85, -13, 54,
121, 50, 96,
89, 43, 32,
106, 25, 42,
106, -23, 75,
120, 27, 55,
77, 41, 42,
111, 65, 60,
135, 24, 18,
105, 66, 54,
89, 10, 59,
89, 44, 99,
76, 9, -6,
82, 69, 39,
30, 33, 29,
103, 25, 68,
115, 88, 87,
130, 24, 58,
102, -1, 55,
106, 33, 80,
138, 25, 81,
97, 31, 60,
122, 32, 105,
118, 29, 52,
93, 14, 82,
119, 25, 90,
81, -10, 68,
92, 8, 94,
101, 27, 45,
132, 99, 90,
92, 30, 48,
108, 30, 79,
89, 15, 36,
89, 36, 52,
64, 41, 60,
133, 70, 76,
125, 25, 58,
146, 46, 106,
115, 66, 65,
123, -19, 35,
64, -8, 62,
137, 64, 83,
123, 25, 102,
64, 18, 46,
116, 2, 73,
108, -7, 94,
123, 37, 33,
79, 37, 95,
129, 23, 82,
61, -11, 53,
92, 26, 68,
116, 79, 93,
120, 12, 79,
76, 14, 32,
96, 5, 36,
159, 33, 26,
120, 34, 63,
157, 32, 50,
110, -9, 4,
97, -39, 106,
113, 20, 26,
79, 79, 78,
144, 46, 93,
122, 22, 107,
126, 61, 30,
71, 45, 96,
103, -233, 68,
114, -2, 93,
114, 66, -6,
88, 18, 90,
93, 16, 58,
87, 23, 72,
121, 55, 48,
100, 34, 91,
63, 5, 88,
136, 9, 70,
86, -20, 38,
116, -13, 65,
125, 22, 11,
135, 8, 90,
61, 47, 53,
75, 83, 44,
117, 30, 40,
96, 6, 62,
113, 26, 53,
79, 40, 70,
103, 14, 68,
39, 3, 59,
71, 13, 7,
88, 13, 90,
74, 10, 76,
113, 9, 44,
108, 22, 85,
64, 20, 63,
93, 38, 76,
102, -35, 61,
112, 37, 56,
51, -1, 66,
78, 56, 93,
93, -14, 56,
117, 70, 68,
147, 37, 107,
98, 2, 61,
155, 42, 53,
124, 5, 105,
76, 29, 35,
98, 54, 46,
110, 31, 71,
62, 43, 39,
66, 19, 16,
45, -30, 83,
73, 65, 73,
127, 31, 56,
115, 60, 105,
125, 17, 62,
84, -2, 46,
105, 19, 79,
74, 30, 97,
98, -7, 11,
102, 21, 119,
128, -7, 68,
54, 28, 56,
136, -15, 38,
113, -11, 52,
51, 85, 109,
113, -21, 74,
121, 23, 36,
86, -6, 79,
96, -27, 89,
100, 24, 34,
134, 63, 24,
77, 5, 65,
70, 18, 32,
48, -28, 44,
135, 65, 102,
79, -20, 31,
86, -10, 66,
65, 27, 44,
116, -13, 58,
118, 38, 52,
124, 31, 69,
68, 6, 69,
100, -5, 67,
92, 2, 76,
87, 52, 14,
117, 12, 88,
98, 17, 56,
106, 9, 80,
61, 14, 38,
100, 51, 56,
100, 44, 78,
91, -11, 49,
137, 41, 55,
55, 1, 25,
102, 55, 95,
117, 18, 57,
68, -23, 97,
106, 52, 78,
113, 56, 68,
103, 56, 67,
52, 39, 28,
111, -7, 60,
91, 29, 9,
91, -5, 68,
111, 35, 15,
133, 77, 75,
75, -23, 94,
78, 76, 85,
105, 25, 22,
131, 65, 88,
83, 4, 86,
104, 42, 91,
138, 27, 94,
89, 19, 57,
106, 24, 111,
134, 24, 79,
104, 17, 18,
110, 51, 63,
108, 17, 52,
118, 70, 121,
89, 70, 114,
82, 18, 60,
60, -7, 65,
75, -17, 99,
77, 14, 46,
66, 14, 35,
135, 44, 103,
72, -9, 46,
77, 37, 57,
155, 33, 42,
95, 22, 101,
96, 11, 35,
69, 43, 55,
62, 26, 35,
103, 61, 34,
81, -10, 74,
123, 49, 72,
128, 27, 61,
66, -4, -32,
99, 25, 92,
39, 44, 24,
117, 43, -198,
123, 31, 84,
113, 69, 65,
93, 43, 103,
68, 34, 54,
124, 45, 24,
104, 49, 75,
87, 26, 98,
52, 5, 39,
72, -5, 44,
92, 21, 53,
84, -11, -12,
101, 33, 16,
72, 43, 71,
88, 39, 74,
109, 83, 37,
77, 19, 107,
93, -5, 55,
127, 5, 30,
74, 33, -3,
127, 82, 35,
118, 71, 49,
80, 17, 57,
72, 35, 71,
84, 12, 139,
110, 18, 64,
75, -1, 88,
98, 10, 85,
133, 42, 47,
101, 44, 39,
11, 28, 72,
63, 19, 28,
85, -20, 11,
122, 44, 68,
102, 14, 40,
105, 20, 84,
77, -7, 6,
102, 19, 86,
97, 23, 33,
121, 52, 31,
141, -10, 77,
126, 24, 58,
54, -21, 93,
105, 41, 61,
91, 38, 56,
93, -47, 63,
82, 23, 97,
112, 48, 14,
117, 86, 48,
82, 46, 94,
134, -3, 46,
88, 33, 54,
124, 46, 36,
72, 40, 23,
98, 34, 105,
117, 52, 80,
94, 3, 78,
115, 42, 70,
95, 50, 67,
87, 7, 3,
77, 23, 59,
102, 41, 96,
82, -11, 55,
118, -3, 86,
82, 2, 38,
111, 58, 85,
74, 12, 83,
107, 39, 24,
82, 0, 21,
117, 40, 87,
92, -18, 19,
83, 49, 82,
32, 32, 75,
96, 46, 58,
99, -18, 78,
79, -11, 36,
108, 90, 67,
102, 68, 61,
117, 63, 90,
114, 10, 84,
46, 40, 75,
121, -31, 38,
120, 50, 31,
94, 47, 67,
104, 61, 48,
116, 34, 97,
78, -31, 110,
92, 0, 96,
116, 45, 67,
80, 41, 64,
120, 22, 13,
56, 28, 44,
136, 25, 39,
116, -17, 49,
78, 18, 48,
129, 38, 51,
45, -5, 73,
108, 27, 77,
77, 68, 13,
129, 6, 46,
125, 38, 56,
76, 40, 40,
128, -11, 72,
82, 6, 16,
72, 45, 43,
29, -13, 59,
60, 48, 71,
69, 48, 24,
116, 57, 84,
98, 37, 90,
96, 70, 61,
62, -41, 27,
94, -20, 57,
104, 13, 59,
67, 11, 64,
97, 23, 39,
71, 34, 39,
99, 19, 98,
81, 51, 57,
112, 24, 77,
92, 4, 91,
84, 38, 81,
126, 47, 58,
57, -8, 43,
62, 6, 68,
122, 41, 35,
74, 43, 36,
71, 7, 121,
88, 49, 62,
100, 26, 7,
138, 16, 76,
32, 9, 80,
147, 42, 61,
50, -24, -6,
128, 27, 90,
92, 47, 49,
126, 21, 72,
100, 18, 82,
111, 51, 72,
52, 27, 18,
118, 15, 45,
121, 42, 71,
71, 10, 58,
140, 25, 61,
89, 39, 81,
87, 63, 32,
81, 11, 54,
127, 7, 15,
75, 12, 72,
88, 27, 91,
91, -2, 58,
100, 52, 41,
101, 8, 73,
84, 4, 67,
89, 65, 79,
77, 26, 137,
98, 24, 29,
86, 43, 75,
125, 64, 71,
71, 15, 31,
100, 43, 104,
151, 27, 50,
122, 36, 52,
109, 52, 82,
35, 11, 14,
119, 29, 46,
130, 16, 53,
92, 32, 89,
36, 0, 81,
46, 41, 47,
141, 10, 71,
91, 58, 42,
80, 40, 39,
92, 24, 73,
66, -14, 34,
96, 45, 77,
122, 1, 35,
119, 33, 79,
114, -29, 50,
80, 6, 32,
112, 60, 44,
102, -5, 71,
47, 22, 72,
116, 57, 32,
119, 52, 80,
115, 4, 57,
122, -21, 60,
120, 44, 39,
98, 54, 50,
93, 33, 95,
115, 38, 89,
89, 17, 92,
66, 56, 85,
49, 45, 114,
76, 20, 106,
101, 3, 109,
91, 26, 42,
146, 56, 87,
72, -12, 68,
116, 25, 34,
111, 60, 73,
105, 16, 93,
112, 35, 96,
98, 10, 49,
72, 5, 46,
126, 68, 111,
112, 13, 16,
101, 13, 73,
52, 55, 49,
81, 40, 31,
103, 41, 38,
109, 15, 67,
111, 21, -3,
97, 32, 18,
95, 20, 97,
68, 29, 24,
89, -29, 48,
94, 34, 75,
99, 15, 73,
97, 5, 66,
131, 33, 55,
107, 12, 84,
65, 33, 94,
91, 4, 23,
95, 16, 43,
89, 23, 76,
86, 51, 62,
132, 11, 52,
120, 14, 75,
136, 34, 47,
100, 27, 47,
77, 8, 55,
105, 17, 101,
81, -39, 73,
106, 33, 87,
130, -10, -5,
67, -17, 68,
114, -2, 63,
110, 20, 45,
66, 9, 61,
117, 41, 60,
56, 37, 42,
107, -12, 62,
122, 45, 112,
100, 0, -5,
91, 34, 65,
100, 38, 92,
106, 23, 57,
60, 63, 65,
137, 4, 69,
96, 0, 74,
103, 14, 20,
141, 32, 74,
121, 28, 39,
71, 26, 37,
121, 57, 85,
97, -11, 64,
93, 22, 36,
134, -37, 94,
86, 61, 37,
130, 16, 70,
131, 58, 98,
72, 22, 69,
67, 10, 67,
83, -19, 92,
119, -5, 90,
126, 38, 15,
112, -21, 63,
90, 91, 101,
106, 54, 81,
94, 12, 84,
93, 41, 75,
91, 0, 65,
89, 28, 99,
97, 41, 39,
101, 5, 26,
71, 32, 70,
94, -3, 15,
62, 2, 123,
132, 8, -3,
90, 83, 55,
102, 22, 12,
123, 18, 53,
115, -7, 67,
78, 69, 60,
152, 69, 85,
59, 79, 9,
99, -2, 46,
127, 25, 33,
123, 25, 50,
93, 28, 112,
108, 58, 35,
118, 52, 86,
116, 11, 55,
112, 58, 33,
79, 31, 58,
112, 80, 78,
46, 22, 57,
107, 49, 54,
146, 60, 81,
83, 55, 38,
72, 40, 55,
117, 42, 47,
64, 64, 106,
110, 33, 51,
61, 18, 40,
117, 36, 80,
108, 1, 73,
106, 20, 78,
112, -3, 20,
112, 27, 86,
64, 25, 88,
88, 54, 14,
106, 12, 69,
134, 32, 105,
111, 14, 42,
64, 43, 66,
67, 8, 53,
104, 6, 106,
87, -44, 72,
120, 78, 100,
41, -10, 41,
100, 43, 114,
132, 42, 76,
122, 31, 101,
112, -36, 84,
97, -6, 84,
111, 10, 118,
141, -4, 15,
148, -15, 113,
113, -16, 76,
114, 1, 79,
69, -5, 97,
82, 12, 62,
121, 30, 72,
41, 62, 33,
106, -17, 74,
76, 81, 75,
119, 8, -23,
60, 14, 86,
105, -28, 28,
83, -7, 17,
76, 26, 65,
82, 24, 30,
87, 41, 61,
112, -14, 92,
98, 11, 73,
138, 80, 55,
102, 63, 42,
79, -5, 40,
98, 59, 94,
72, 31, 49,
161, 68, 126,
102, 55, 89,
116, 30, 49,
49, -3, 28,
97, 50, 16,
91, 52, 45,
151, 35, 48,
90, 31, 38,
87, -34, 54,
117, 82, 57,
46, 41, 55,
55, -20, 53,
77, 53, 28,
116, -4, 76,
71, -26, 88,
117, 17, 89,
127, 37, 77,
135, 47, 34,
113, 80, 62,
95, 6, 72,
84, 45, 35,
82, 71, 59,
110, 15, 73,
147, 28, 70,
90, 50, 55,
93, 22, 90,
79, 61, 76,
97, 24, 56,
56, -20, 45,
142, 83, 92,
88, -35, -2,
82, 25, 80,
131, 26, 71,
69, -7, 44,
111, 68, 26,
103, -1, 61,
153, 47, 42,
87, 56, 27,
107, 16, 71,
83, -4, 69,
75, 4, 55,
111, 27, 52,
112, -10, 57,
100, 61, 69,
99, 3, 26,
82, 46, 73,
107, -4, 59,
80, 41, 17,
120, 61, 60,
69, 6, 71,
86, -22, 80,
98, 71, 30,
85, 33, -9,
103, 40, 57,
139, 16, 41,
105, 4, 66,
103, 68, 84,
98, 31, 61,
111, 36, 19,
88, -2, 18,
89, 15, 61,
58, 49, 90,
40, 39, 19,
103, 18, 19,
83, 41, 42,
66, 51, 78,
96, -222, 55,
121, 40, 49,
120, 95, 74,
116, 41, 48,
65, 39, 65,
83, 20, 72,
127, 10, 49,
100, 50, 45,
87, 22, 40,
107, 59, 101,
92, 24, 13,
106, 47, 60,
130, 37, 82,
95, 58, 107,
87, 15, 2,
88, 37, 83,
43, 38, 106,
94, 37, 57,
92, 0, 46,
79, 5, 80,
116, -60, 58,
57, -13, 66,
115, 42, 50,
105, 33, 54,
117, 29, 56,
87, -13, 50,
108, 26, 80,
112, 1, 95,
117, 34, 59,
88, -5, 58,
113, 29, 78,
54, 16, 86,
68, 12, 81,
80, 25, 65,
85, -15, 57,
90, 24, 54,
96, 90, 92,
88, 20, 85,
117, 36, 79,
68, 60, 67,
109, 62, 38,
110, 5, 53,
110, 5, 61,
70, 6, 91,
104, 26, 39,
99, 10, 61,
103, 83, 88,
104, 31, 108,
86, 2, 67,
158, 17, 79,
112, 27, 42,
88, 30, 135,
83, 16, 35,
64, -8, 22,
102, 5, 80,
114, 2, 73,
126, 22, 104,
85, -33, 62,
120, -219, 62,
101, -26, 57,
103, 52, 44,
96, 24, 102,
98, -6, -9,
84, -34, 40,
134, 75, 92,
69, 34, 81,
75, -14, 118,
88, 23, 11,
75, 9, 77,
86, 50, 100,
97, 5, 58,
68, 46, 73,
164, 2, 65,
76, 67, 59,
94, 14, 13,
83, 17, 23,
70, 80, 4,
102, 32, 43,
61, 18, 89,
116, 25, 39,
36, 31, 96,
113, 50, 85,
55, 35, 61,
119, 60, 104,
96, 4, 67,
120, 34, 91,
106, 47, 66,
93, 62, 70,
80, 37, 36,
45, 34, 98,
74, 50, 74,
85, 44, 78,
97, 16, 66,
97, 49, 112,
149, -12, 26,
159, 26, 44,
101, 22, 65,
93, 48, 42,
74, 45, 113,
90, 35, 78,
111, 56, 93,
89, -5, 85,
77, 33, 19,
70, -50, 49,
74, 13, 66,
133, 54, 98,
64, 80, 79,
83, 23, 89,
93, 6, 82,
107, 38, 69,
112, -2, 32,
80, 15, 79,
23, -20, 44,
101, 4, 54,
75, 21, 38,
107, -1, 21,
71, 5, 68,
62, 64, 34,
141, 24, 61,
97, 37, 70,
152, -31, 93,
118, 31, 65,
64, 45, 31,
116, -9, 24,
153, -4, 87,
61, -2, 21,
89, -3, 51,
102, -24, 52,
80, 12, 50,
77, 31, 86,
118, 50, 90,
66, 24, 67,
115, 92, 52,
92, -2, 86,
85, 25, 85,
73, 56, 23,
69, 10, 14,
112, 21, 94,
44, -25, 65,
77, 36, 91,
118, 7, 75,
51, 13, 48,
149, -8, 38,
154, 23, 102,
119, 24, 80,
121, 47, 126,
86, 3, 92,
119, -242, 71,
71, 46, 66,
104, 22, 72,
130, 65, 95,
125, 53, 66,
105, 28, 63,
98, -1, 86,
69, 31, 80,
66, 60, 73,
95, 36, 93,
59, 17, -7,
70, -15, 47,
119, 8, 60,
105, 26, 32,
98, 11, 93,
82, 52, 15,
96, 11, 64,
61, 38, 27,
41, -1, 83,
128, 51, 75,
78, 31, 66,
99, 50, 46,
125, 46, 60,
124, 48, 41,
76, 30, 30,
53, -15, 77,
100, 18, 107,
54, -5, 22,
118, 27, 59,
144, 48, -2,
73, 14, 79,
115, -7, 42,
110, 12, 72,
56, 5, 3,
143, -1, 103,
87, 48, 112,
113, 11, 40,
131, 37, 115,
57, 16, 123,
98, 73, 21,
137, -4, 61,
66, 22, 30,
113, 9, 86,
61, -20, 21,
122, 49, 32,
128, -3, 17,
125, 27, 53,
122, 8, 98,
110, 7, 83,
112, 1, 79,
134, 35, 50,
100, 7, 68,
87, 22, 27,
110, 19, 50,
106, 21, 90,
104, 31, 67,
134, 37, 66,
68, 55, 82,
118, 18, 90,
80, 1, 44,
82, 31, 39,
86, -44, 83,
157, -20, 81,
141, 44, 60,
116, 49, 48,
81, 65, 70,
100, 34, 74,
93, 35, 15,
89, 18, 85,
79, 41, 92,
91, 40, 53,
97, 37, 61,
103, 45, 70,
130, 39, 24,
60, 19, 42,
114, 27, 45,
113, 37, 77,
91, 43, 11,
132, 21, 76,
89, -16, 44,
81, 3, 33,
106, 46, 67,
60, 2, 79,
127, 18, 34,
75, 5, 67,
85, -24, 74,
48, 0, 37,
126, 20, 66,
92, 19, -28,
97, 34, 23,
118, 49, 73,
166, 46, 70,
148, 30, 50,
57, 14, 84,
69, 6, 103,
110, 3, 36,
98, 24, 16,
113, 54, 64,
87, 7, 43,
60, -12, 104,
99, 16, 89,
95, 6, 62,
80, 57, 28,
107, 59, 57,
96, 29, 79,
80, 31, 34,
149, -16, 36,
110, 11, 80,
103, 1, 61,
85, -21, 58,
113, 25, 77,
93, 19, 0,
99, 30, 63,
112, 46, 31,
57, 7, 30,
139, 26, 44,
92, 28, 90,
97, -7, 52,
128, 2, 45,
69, 60, 29,
143, 40, 28,
189, 52, 115,
80, -5, 96,
39, -25, -22,
86, 5, 18,
108, 41, 40,
107, 39, 61,
79, 9, 49,
157, 61, 125,
93, 34, 40,
132, 29, 55,
106, -5, 69,
106, 37, 101,
146, -11, 37,
97, 38, 44,
119, 67, -11,
114, 39, 76,
131, 35, 92,
50, 4, 76,
38, -6, 72,
89, 81, 31,
82, 7, 43,
102, 4, 82,
118, 35, 118,
134, 51, 110,
138, 33, 2,
134, 9, 119,
117, 54, 72,
106, 24, 56,
96, 49, 87,
81, 5, 68,
87, -2, 62,
120, 2, 47,
85, 6, 37,
103, 46, 72,
137, 21, 28,
65, 46, 29,
60, 17, 37,
97, 68, 85,
131, 25, -24,
79, -6, -8,
59, 1, 55,
76, 13, 52,
154, -17, 62,
92, 2, 65,
126, 34, 10,
54, 41, 48,
59, 57, 53,
86, 7, 60,
69, 6, 39,
79, -2, 38,
97, 25, 50,
65, 26, 79,
111, 26, 55,
94, 49, 99,
50, -17, 102,
94, 51, 101,
83, 37, 68,
95, 72, 26,
101, -32, 56,
100, 66, 59,
94, 38, 55,
69, -20, 49,
102, 59, 70,
140, 38, 78,
140, -10, 40,
83, 20, 0,
110, 55, 68,
63, -12, 63,
95, 23, 117,
81, 19, 59,
121, 14, 42,
141, 42, 52,
123, -7, 64,
84, 9, 139,
104, 14, 47,
147, 25, 86,
151, 49, 84,
91, 81, 68,
93, 36, 74,
61, -21, 6,
119, -17, 7,
61, 5, 105,
114, 52, 26,
124, -5, 50,
118, 12, 47,
113, 38, 38,
105, 41, 68,
131, 54, 90,
126, 16, 58,
47, 18, 74,
89, 27, 64,
118, 23, 31,
76, 59, 21,
58, -41, -27,
102, 39, 52,
132, 19, 34,
75, 19, 69,
66, 12, 24,
69, 8, 52,
79, 16, 35,
88, 65, 65,
122, 49, 89,
63, 3, 82,
133, 13, 60,
104, 39, 66,
85, -16, 39,
83, 52, 40,
91, 7, 74,
73, 14, 91,
102, -4, 66,
96, 8, 21,
132, 29, 62,
121, -6, 9,
124, 15, 99,
120, 33, 32,
93, 17, 60,
93, 53, 67,
96, 7, 83,
72, 48, 68,
79, 31, 54,
87, 4, 60,
130, 33, 61,
112, 38, 58,
96, 66, 97,
88, 66, 47,
122, 12, 35,
72, 35, -11,
103, 28, 69,
96, 1, 82,
90, 32, 50,
80, 18, 48,
116, 32, 35,
91, 37, 85,
113, 79, 53,
92, 23, 47,
112, 17, 4,
66, 24, 86,
114, 70, 73,
62, 46, 79,
101, 13, 62,
80, 45, 22,
84, 70, 58,
77, 39, 41,
91, 12, 42,
92, 54, 43,
59, -13, 76,
95, 46, 68,
84, 42, 54,
100, 78, 98,
78, 46, 43,
94, 29, 34,
148, 54, 109,
165, 34, 78,
93, 39, 28,
111, 54, 7,
93, 65, 34,
102, 14, 45,
119, 26, 119,
114, 4, 43,
106, -18, 84,
68, 28, 35,
57, 35, 68,
95, -4, 20,
114, 53, 35,
84, -3, 57,
109, -7, 10,
94, -16, 75,
93, -40, 75,
164, 60, 67,
63, -19, 88,
52, -44, 29,
91, 19, 95,
65, 47, 96,
72, -18, 14,
102, 3, 50,
128, 22, 87,
125, 28, 71,
70, 34, 37,
131, -6, 74,
71, 14, 104,
68, 2, 36,
107, 14, 51,
84, -1, 25,
126, 17, 102,
104, 74, 38,
74, -4, 67,
90, 32, 39,
130, 52, 110,
51, 3, 54,
51, 43, 96,
111, -5, 49,
87, 38, 20,
138, 79, 57,
71, -80, 33,
105, 50, 3,
105, 13, 66,
101, 10, 54,
141, 6, 91,
64, 23, 48,
121, -24, 54,
101, 47, 50,
115, 32, 77,
113, 32, 34,
89, 45, 49,
121, 26, 40,
124, 11, 105,
89, -3, 60,
97, -11, 74,
107, 30, 74,
151, 34, 57,
133, 37, 56,
100, 53, 52,
94, -10, 31,
147, -24, 94,
65, 0, 72,
101, -16, 90,
79, 23, 63,
106, 21, 32,
93, 37, 80,
118, 4, 30,
82, 53, 92,
86, 21, 85,
114, 7, 56,
122, 19, 40,
33, -1, 49,
100, -15, 99,
99, 28, 80,
99, -22, 12,
97, 43, 70,
90, 14, 84,
114, 45, 115,
72, -41, 43,
116, 12, 90,
111, 17, 25,
106, 30, 94,
90, 65, 86,
106, 4, 52,
77, 35, 81,
46, 31, 113,
29, 19, 44,
102, 49, 51,
143, -4, 60,
123, 21, 110,
127, 47, 102,
74, 53, 12,
101, 53, 61,
60, 21, 54,
108, 58, 70,
59, -25, 59,
78, 84, 46,
53, 27, 112,
119, 33, 29,
129, 36, 85,
101, -42, 78,
123, 25, 73,
86, 24, 65,
79, 46, 91,
92, 7, 69,
82, 18, 120,
25, 67, 68,
103, -7, 64,
95, 14, 117,
82, -13, 54,
97, -47, 73,
125, 7, 91,
105, 43, 129,
96, 32, 33,
58, 66, 50,
129, 27, 90,
137, 15, 62,
73, 80, 34,
56, 5, 72,
128, 71, 40,
42, 18, 18,
137, 59, 54,
128, 3, 58,
24, 72, 27,
42, 12, 16,
89, 48, 78,
103, -39, 34,
79, 18, 35,
112, -41, 73,
78, 29, 71,
87, 21, 103,
93, 22, 54,
74, 45, 56,
69, 8, 31,
115, 18, 94,
71, -2, 88,
124, 26, 78,
142, -7, 79,
91, 13, 29,
71, -11, 43,
96, 25, 88,
73, 1, 84,
77, 16, 56,
94, 50, 64,
130, 18, 31,
91, 48, 90,
93, 72, 54,
75, 34, 33,
100, -26, 17,
122, 24, -3,
135, 50, 79,
122, 34, 51,
116, 45, 40,
19, 16, 16,
84, 17, 60,
77, 46, 84,
81, 35, 79,
153, 38, 70,
111, 75, 54,
124, 32, 35,
95, 46, 93,
50, 36, 73,
60, 21, 66,
82, -254, 68,
76, 36, 70,
70, 55, 66,
96, 48, 52,
71, 15, 86,
89, 43, 69,
100, 15, 81,
72, -25, 29,
123, 20, 54,
75, 47, 91,
59, 22, 26,
106, 4, 128,
86, -3, 77,
69, 34, 34,
124, 34, 35,
56, -13, 62,
102, 23, 121,
108, 10, 36,
61, -14, 15,
113, 5, 78,
128, 23, 164,
84, 37, 29,
64, 40, 73,
119, 61, 75,
123, 98, 28,
69, 12, 108,
92, -28, 12,
62, 57, 55,
143, 30, 45,
93, 72, 28,
22, -17, 17,
182, 12, 48,
95, 44, 45,
113, 31, 2,
54, 47, 62,
123, 54, 45,
60, 20, 60,
125, 44, 95,
93, 22, 72,
93, -40, 22,
73, 62, 65,
117, 42, 69,
98, 17, 19,
94, 31, 20,
123, 34, 90,
74, 7, 51,
139, 27, 110,
113, 53, 51,
138, 51, 124,
47, -10, 55,
69, 44, 28,
62, -25, 44,
129, 26, 25,
89, 6, 44,
78, 33, 64,
119, 23, 75,
132, 24, 88,
93, -11, 61,
40, 7, 33,
82, 55, 135,
128, -16, 58,
126, 89, 77,
72, 18, 103,
73, 5, 36,
126, 24, 83,
84, -2, 24,
76, 13, 24,
125, 99, 55,
63, -42, 53,
111, 3, 78,
172, -42, 56,
61, 23, 9,
130, 23, 44,
78, 11, 43,
70, 44, 5,
55, 47, 15,
68, -20, 51,
72, 1, 98,
86, 42, 68,
56, 39, 46,
108, 13, 52,
101, 64, 140,
101, 10, 86,
70, 19, 38,
133, 35, 45,
71, 10, 10,
135, 45, 63,
99, -15, -35,
86, 34, 35,
62, 45, 50,
65, 48, 66,
127, 3, 103,
95, 27, 44,
87, -4, 72,
96, 10, 19,
133, 34, 85,
56, 30, 88,
97, 12, 56,
102, 16, 68,
152, 5, 12,
107, 20, 74,
85, -12, 48,
90, 48, 51,
127, 8, 49,
130, -4, 58,
108, 25, 12,
85, 50, 62,
128, 44, 56,
140, 72, 90,
147, 38, 60,
142, 21, 106,
159, 27, 65,
98, 17, 79,
81, -8, 18,
80, 22, 2,
120, 47, 59,
82, 29, 15,
137, 10, 62,
97, -29, -31,
87, -20, 44,
87, 2, 51,
47, 17, 35,
113, 26, 55,
120, 41, 43,
131, 50, 63,
108, 91, 33,
116, 17, 73,
132, 95, 82,
48, 6, 64,
110, 18, 6,
115, 87, 105,
135, 5, 67,
104, 7, -26,
57, -6, 69,
89, 113, 69,
51, 34, 66,
87, 4, 69,
99, 19, 38,
101, 12, 87,
74, 16, 77,
154, 77, 98,
65, 19, 59,
98, -33, 56,
101, 21, 84,
130, 77, 88,
59, 39, 67,
126, 11, 12,
82, 70, 73,
104, 7, 16,
113, 50, 50,
89, 61, 31,
112, 23, 69,
80, 21, 34,
132, 86, 21,
90, 66, 48,
102, 27, 50,
72, 3, 32,
103, 40, 44,
129, -25, 48,
78, -24, 80,
110, 34, 30,
69, 19, 24,
79, 34, 91,
67, 42, 41,
41, 28, 36,
75, 33, 93,
85, 24, 59,
113, 36, 83,
101, 31, 73,
104, -20, 37,
96, 23, 50,
75, -21, 24,
99, 20, 22,
81, 11, 26,
79, 30, 10,
54, 33, 16,
102, 15, 63,
96, 34, 58,
94, 32, 86,
90, 65, 66,
87, 45, 70,
117, 7, 80,
112, 45, 31,
100, 30, 35,
65, 42, 39,
82, -30, 64,
94, 29, 91,
96, 28, 41,
113, 49, 55,
63, -1, 39,
38, 33, 101,
67, 26, 60,
121, 69, 47,
107, 46, 80,
101, -33, 97,
82, 19, 81,
108, 44, 72,
109, 48, 8,
67, 30, 37,
107, 8, 69,
130, 21, 42,
90, 71, 35,
79, -9, 69,
39, 13, 70,
140, 39, 110,
89, -236, 59,
68, 5, 12,
97, 31, 118,
86, 49, 67,
108, 44, 11,
119, 55, 110,
83, 15, 40,
125, 52, 102,
101, 41, 29,
73, 3, 79,
151, 113, 23,
55, 33, 46,
92, 42, 111,
65, 19, 67,
109, 40, 93,
114, 13, 2,
67, 64, 46,
112, 28, 48,
93, 43, 19,
81, -5, 99,
75, 12, 51,
86, -35, 56,
109, 9, 62,
93, 30, 53,
85, 30, 47,
83, -19, 77,
73, -9, 50,
125, 51, 23,
76, 40, 73,
141, 19, 100,
105, 37, 109,
78, 26, 38,
111, 61, 74,
127, 37, 29,
121, 45, 48,
124, 28, 32,
77, -4, 35,
103, 7, 73,
96, 14, 125,
103, 22, 39,
69, 52, 54,
92, 23, 85,
84, 28, 74,
110, 47, 53,
120, 14, 71,
66, -39, 67,
104, 47, 22,
74, 5, 121,
105, 71, 86,
136, 17, 107,
86, -21, 27,
88, 29, 82,
104, 24, 50,
125, 42, 24,
108, 44, 15,
72, 53, 36,
115, 20, -18,
99, 27, 43,
98, 32, 55,
91, 82, 77,
73, 8, 27,
93, 54, 61,
111, -8, 114,
95, 9, 77,
109, 55, 97,
83, 16, 10,
84, 30, 39,
68, -17, 44,
86, 61, 50,
125, 36, 24,
124, -30, 16,
93, -6, 68,
67, 30, 49,
101, 32, 75,
100, 7, 85,
64, -7, 51,
113, 24, 70,
81, 60, 59,
85, 12, 52,
105, 11, 51,
112, 11, 27,
128, 11, 83,
55, 8, 17,
138, -26, 102,
130, 35, 88,
68, 24, 65,
143, 11, 63,
79, 48, 9,
120, 33, 59,
109, 27, 69,
47, 18, 34,
102, 29, 62,
128, 42, 69,
68, 22, 92,
96, 33, 79,
77, 51, 78,
87, 4, 60,
110, 20, 53,
71, 28, 68,
106, 71, 26,
128, 12, 94,
95, 13, 65,
67, 30, 66,
94, 13, 46,
79, 43, 69,
65, 37, 50,
83, 34, 56,
112, 41, 66,
94, 15, 52,
79, 64, 67,
108, 35, 64,
104, 46, 116,
122, 6, 43,
84, 57, 47,
115, 18, 35,
140, 59, 107,
117, 40, 89,
83, 32, 20,
52, -15, 41,
118, -2, 30,
114, 16, 42,
164, 39, 48,
114, 51, 62,
77, -18, 31,
96, 28, 63,
79, 32, 20,
109, 42, 58,
120, 58, 36,
91, 14, 101,
109, -25, 72,
104, 27, 40,
88, 41, 90,
119, 51, 109,
117, 70, 45,
126, 5, 71,
59, 13, 43,
101, 19, 87,
100, 29, 83,
90, 6, 59,
89, 21, 6,
93, 3, 59,
133, 6, 72,
119, 26, 65,
78, 5, 78,
119, 23, 75,
63, 30, 62,
140, 17, 94,
83, 16, 107,
90, 46, 70,
130, 20, 50,
131, 46, 60,
98, 12, 3,
71, 47, 89,
123, 44, 54,
61, 0, 63,
115, 17, 58,
60, 21, 55,
125, 58, 25,
130, 9, 72,
72, 22, 83,
103, 62, 90,
125, 14, 73,
103, 29, 71,
104, 14, 23,
155, 37, 79,
89, 52, 55,
88, 28, 68,
36, 59, 55,
90, 1, 114,
63, 26, 25,
133, 49, 60,
80, 29, 68,
56, -8, 27,
98, 33, 88,
109, 35, 25,
150, -11, 19,
68, 14, 102,
102, 9, 113,
72, 24, 101,
134, -30, 105,
67, 21, 78,
68, 20, 91,
105, -36, 60,
52, 3, 18,
137, -16, 94,
80, 10, 30,
112, 32, 54,
67, 31, 43,
101, 34, 123,
101, 40, 74,
117, 1, 61,
75, 17, 54,
120, 13, 26,
109, 41, 56,
66, 32, 103,
96, 15, 38,
92, 27, 25,
135, 15, 7,
99, 6, 68,
91, 25, 36,
100, 11, 68,
83, 23, 61,
86, 34, 82,
53, 20, 52,
54, 36, 132,
109, 23, 108,
103, -1, 52,
78, 0, 67,
115, 26, 43,
72, 52, 47,
91, 26, 35,
101, 30, 38,
81, -37, 18,
80, 60, 62,
134, 14, 109,
98, -30, 31,
53, 28, 55,
69, -8, 98,
47, -15, 6,
72, 15, 43,
60, 26, 67,
95, 38, 40,
65, 43, 28,
102, 6, 72,
81, 30, 61,
96, 9, 61,
124, 32, 76,
154, 10, 89,
71, 43, 62,
97, 13, 57,
81, 61, 101,
81, 34, 55,
158, 5, 49,
84, 22, 43,
87, -17, 69,
101, -46, 45,
106, 45, 88,
116, 70, 44,
109, -19, 44,
83, 50, 23,
122, 21, -1,
65, 31, -21,
86, 25, 82,
94, 13, 96,
78, -10, 72,
163, 16, 43,
119, 20, 64,
92, 36, 16,
102, 58, 109,
83, -17, 47,
77, 7, 46,
102, 15, 71,
94, 33, 112,
52, 22, 67,
99, 15, 42,
123, 54, 79,
55, 8, 56,
70, 13, 80,
124, 78, 83,
130, 39, 26,
61, 20, 88,
141, 48, 58,
117, 28, 26,
114, 19, 94,
85, 97, 115,
120, 4, -4,
86, 22, 57,
111, 22, 34,
99, 44, 82,
91, 9, 62,
82, 61, 117,
92, 13, 89,
105, -1, 29,
104, 67, 78,
95, 37, 33,
113, 58, 77,
88, 18, 31,
79, 21, 57,
91, 26, 82,
137, 68, 64,
91, 5, 38,
110, 39, 39,
72, 23, 59,
99, -4, 34,
90, 60, -37,
143, 42, 24,
120, 22, 50,
79, 38, 19,
97, 16, 63,
72, 19, 46,
193, 65, 57,
100, 36, 90,
129, 29, 30,
74, -6, 96,
69, 45, 44,
96, 19, 73,
60, 46, 80,
94, 35, 71,
104, 16, 42,
73, 4, 81,
153, 39, 64,
101, -21, 50,
97, 0, 71,
123, 14, 84,
76, 53, 114,
77, 35, 54,
120, 57, 79,
93, 21, 49,
73, 37, 45,
77, 27, 37,
102, 45, 48,
95, 72, -5,
91, 12, 89,
94, 40, 51,
104, -27, 60,
84, 43, 58,
104, 44, 79,
136, -3, 33,
86, 45, 101,
125, 71, 106,
124, -38, 40,
175, 17, 92,
121, -39, 64,
66, 30, 98,
111, 8, 100,
86, 36, 41,
93, -13, 33,
66, -34, 73,
150, 82, 49,
127, 4, 76,
96, -11, 29,
94, -4, 138,
113, 69, 17,
133, 94, 40,
85, -12, 59,
122, 48, 65,
122, 22, -3,
100, 5, 109,
114, -30, 11,
127, 14, 88,
108, 40, 74,
110, 40, 73,
83, 72, 92,
95, 22, 64,
110, 8, 33,
107, 16, 67,
122, 21, 64,
141, 3, 79,
93, 34, 86,
78, 46, 33,
97, 0, 99,
105, 29, 69,
113, -21, 73,
144, 19, 71,
32, 18, 88,
141, 18, 1,
104, 46, 72,
47, -24, 80,
129, 82, 67,
79, 31, -24,
87, 28, 86,
91, 19, 63,
105, 53, 85,
98, 12, 43,
78, 14, 85,
178, 51, 66,
79, 32, 37,
98, 17, 85,
100, 13, 22,
157, 71, 92,
88, 20, 92,
65, -37, 119,
116, 8, 54,
78, 11, 64,
97, 73, 97,
104, -16, 49,
108, 21, 62,
137, 10, 27,
81, -6, 45,
116, 68, 100,
111, 39, 84,
87, 18, 57,
120, 50, 89,
70, 28, 111,
98, -1, 10,
118, 60, 69,
108, 8, 76,
140, -1, 7,
82, 45, 25,
105, 26, 18,
97, 3, 85,
123, 11, 83,
128, 38, 31,
124, 18, 103,
122, 35, 47,
81, 25, 100,
98, 55, 29,
64, 32, 32,
100, 40, 73,
131, 57, 51,
119, 23, 78,
73, -26, 75,
66, -9, 101,
48, 24, 16,
106, 55, 47,
103, 36, 57,
113, 28, 48,
111, 36, 20,
125, -10, 71,
82, 18, 27,
106, 6, 40,
91, -5, 11,
106, 7, 17,
104, 0, 81,
104, 32, 29,
109, 42, 12,
107, 18, 75,
94, 44, 82,
103, 16, 61,
78, 3, 102,
125, 19, 63,
111, 7, 106,
111, 45, 82,
115, 57, 67,
145, 71, 91,
109, -5, 61,
76, 38, 115,
140, 34, 78,
124, 25, 30,
107, -22, 128,
124, 16, 44,
113, 44, 41,
103, 52, 59,
106, 20, 116,
57, -40, 42,
143, 16, 79,
124, 21, 36,
104, 249, 69,
123, -4, 81,
64, 28, 44,
71, -21, 70,
74, 6, 67,
103, 12, 86,
58, -10, 53,
72, 42, 81,
53, -5, -16,
124, 33, 22,
90, 37, 50,
81, 4, 64,
114, 60, 53,
58, 21, 27,
105, 38, 46,
131, 48, 45,
14, 7, 61,
94, 50, 36,
105, 51, 63,
69, 21, 33,
109, 47, 78,
117, 48, 79,
65, -5, 104,
163, 64, 116,
94, 33, 56,
122, -11, 77,
96, 31, 124,
122, 18, 49,
102, -2, 79,
109, 14, 57,
76, 5, 7,
71, 18, 11,
104, 41, 46,
69, 52, 72,
128, 54, 70,
93, 30, 103,
95, -11, 61,
86, 24, 27,
105, 71, 45,
70, 21, 15,
98, -4, 56,
113, 35, 82,
87, 1, 10,
98, 18, 93,
143, 28, 112,
104, 49, 43,
102, 0, 68,
94, 29, 43,
55, 13, 61,
106, 65, 95,
94, 97, 62,
102, -31, 87,
85, 14, 70,
143, 26, 83,
62, -36, 9,
62, -5, 60,
99, 75, 41,
122, 67, 75,
76, -20, 29,
99, 23, 69,
76, 26, 61,
35, 15, 14,
69, 31, 59,
131, 49, 80,
118, 21, 41,
95, -4, 13,
70, 58, 57,
63, 46, 74,
83, 12, 46,
90, 33, -28,
84, 17, 101,
46, 14, 53,
102, 26, 38,
116, 22, 45,
103, 7, 96,
104, 65, 64,
79, 2, 65,
84, 28, 61,
137, 27, 38,
42, 21, 59,
101, 26, 65,
139, 53, 104,
65, -1, 60,
9, 46, 36,
102, 49, 23,
148, 7, 9,
100, 44, 17,
119, -4, 50,
141, 14, 49,
121, 77, 129,
72, 30, 57,
78, 35, 69,
138, 69, 85,
107, 65, 85,
126, 45, 105,
130, 37, 61,
145, 6, 80,
81, 79, 45,
140, 26, 60,
152, 38, 33,
156, 15, 80,
121, 21, 101,
127, 42, 93,
86, 14, 5,
145, 26, 68,
112, 3, 33,
122, 29, 41,
104, 30, 72,
82, -2, 41,
76, -28, 74,
163, 72, 54,
86, 65, 21,
55, -17, 42,
93, 4, 64,
92, 38, 127,
126, -16, 41,
78, -4, 40,
79, 54, 113,
106, 8, 12,
117, 24, 146,
124, 17, 37,
142, 36, 69,
102, 36, 107,
125, 5, 7,
83, -8, 48,
69, 21, 65,
74, 24, 62,
81, -2, 47,
61, 80, 85,
76, 7, 63,
138, 0, 89,
68, 41, 80,
80, 4, 64,
123, 99, 46,
143, 55, 92,
99, 12, 46,
125, 35, 109,
98, -1, 84,
73, 27, 71,
99, 31, 38,
75, -3, 57,
82, 43, 84,
110, 17, 36,
86, 17, 34,
100, 0, 52,
126, 48, 53,
102, 47, 98,
117, 59, 15,
140, 5, 60,
104, 12, 101,
79, 19, 91,
111, 35, 89,
37, 12, 85,
109, 56, 81,
105, 20, 92,
119, 71, 39,
58, 14, 35,
120, 3, 87,
78, 67, 77,
64, -8, 55,
135, 29, 85,
83, 21, 48,
105, 52, 68,
87, 39, 91,
99, 34, 76,
95, 14, 89,
132, 6, 39,
87, 79, 80,
86, 88, 43,
135, 30, 37,
109, 55, 83,
72, 23, 47,
97, 16, 24,
56, 16, 46,
92, 51, 70,
72, -53, 42,
120, 34, 64,
128, 61, 61,
126, -7, 37,
119, 26, 51,
73, 18, 47,
119, -13, 65,
94, 14, 72,
116, 43, 48,
78, -17, 17,
110, 11, 12,
99, 5, 87,
108, 10, 52,
73, 10, 40,
64, 29, 66,
142, 47, 84,
89, 22, 34,
105, 42, 43,
144, 91, 99,
108, 14, 66,
98, 65, 10,
92, 33, 59,
81, 19, 86,
97, -15, 83,
88, -16, 5,
108, 46, 88,
81, 47, 35,
78, 42, 62,
64, 35, 66,
117, -31, 42,
97, 65, 30,
101, 40, 69,
99, 18, 63,
115, 53, 44,
80, 1, 44,
141, 94, 56,
23, 18, 16,
108, -1, 66,
110, -12, 51,
115, 21, 84,
101, -4, 120,
73, 4, 77,
80, 28, 107,
129, 48, 90,
103, 16, 30,
63, -7, 75,
103, 77, 63,
77, 14, 76,
127, -4, 90,
118, 37, 38,
88, 8, 43,
118, 42, 7,
122, 44, 39,
89, 16, 41,
118, 61, 59,
87, 12, 62,
77, 46, 26,
121, 55, 38,
118, -11, 71,
173, 36, 84,
74, 31, 33,
80, 70, 13,
116, 11, 63,
95, 1, 58,
78, 11, 69,
83, 40, 55,
89, 31, 81,
112, -23, 89,
92, 16, 72,
80, 8, 86,
108, 52, 65,
96, -5, 44,
104, 22, 21,
109, 44, 70,
82, 64, 35,
107, 40, 92,
117, -11, 47,
85, -11, 43,
70, 31, 155,
98, 17, 59,
119, 59, 78,
81, 15, 14,
81, 37, 0,
93, 30, 78,
82, -7, 69,
92, 41, 57,
50, 3, 40,
64, 23, 49,
109, 16, -8,
46, 54, 95,
120, 11, 82,
146, 28, 27,
85, 29, -4,
95, 23, 4,
104, 32, 58,
88, 7, 54,
83, 15, 89,
116, 50, 31,
60, -8, 82,
70, -3, 76,
99, 24, 67,
103, 38, 38,
114, 73, 79,
85, 12, 81,
72, 46, 62,
83, 28, 11,
115, 36, 82,
72, 31, 63,
105, 2, 53,
111, 17, 64,
103, 37, 101,
117, 24, 46,
115, -17, 11,
130, 31, 51,
62, 27, 31,
104, 23, 103,
92, 31, 89,
76, 14, 69,
71, -1, 26,
50, 64, 51,
140, 53, 80,
99, 38, 35,
164, 36, 69,
122, 36, 60,
79, 27, 10,
126, 35, 65,
102, 34, 46,
83, 9, 80,
100, -35, 47,
109, 52, 54,
103, 13, 72,
93, 91, 52,
119, 37, 81,
137, 30, 58,
120, 34, 34,
114, 25, 81,
104, -11, 60,
101, 14, 5,
106, 75, 93,
88, 49, 95,
97, 28, 47,
70, 33, 32,
71, 39, 90,
130, 16, 70,
143, 43, 30,
117, 55, 58,
56, 39, 59,
110, 15, 4,
64, 31, 40,
143, 52, 111,
82, -23, -19,
62, -29, 41,
66, 50, 52,
114, 50, 63,
87, -11, 62,
107, 19, 34,
109, 22, 86,
90, 31, 28,
127, -23, 30,
102, 36, 78,
101, 1, 3,
110, 27, 25,
81, -10, 30,
89, 52, 75,
86, 42, 34,
181, 34, 57,
119, 42, 71,
67, 46, 16,
96, 29, 57,
70, 22, 52,
85, 14, 52,
46, -15, -18,
118, 46, 44,
83, 45, 19,
86, 60, 69,
74, 63, 73,
108, 37, 74,
94, 26, -5,
104, -15, 53,
85, 70, 73,
64, 24, 42,
152, 9, 67,
91, 10, 59,
116, 31, 74,
103, 19, 49,
42, -23, 47,
94, 33, 27,
106, 55, 83,
55, 27, 34,
109, 42, 14,
64, 65, 31,
92, -11, 47,
150, 52, 137,
61, -6, 50,
112, 41, 141,
122, 5, 32,
125, 63, 40,
100, 52, 45,
95, 44, 62,
95, -6, 85,
93, 76, 80,
112, 25, 68,
80, -6, 82,
128, 30, 123,
57, 34, 101,
89, 1, 68,
107, 33, 102,
65, 49, 89,
132, 5, 101,
90, 14, 68,
126, 47, 15,
92, 12, 45,
113, 51, 86,
89, 36, 42,
61, 2, 78,
159, 39, 32,
121, 25, 82,
136, 38, 67,
51, 19, 60,
50, 36, 60,
125, 75, 111,
56, 20, 53,
77, 34, 82,
61, 46, 52,
77, -4, 86,
119, 41, 128,
126, 32, 67,
66, -11, 50,
68, -5, 47,
146, 56, 55,
99, -16, 102,
128, 55, 52,
93, 34, 59,
118, 67, 72,
80, 8, 65,
71, 36, 65,
159, 4, 47,
81, 65, 37,
94, 12, 64,
120, 36, 71,
123, 9, 96,
73, 54, 91,
89, 15, 99,
111, 36, 28,
64, -38, 62,
81, 8, 53,
95, 36, 130,
94, 66, 46,
79, 13, 76,
61, 2, 70,
102, 19, 37,
121, 31, 27,
59, 27, 28,
117, 19, 70,
122, 67, 74,
57, 39, 101,
96, 21, 57,
128, 67, 111,
71, 52, 69,
84, 21, 87,
151, 62, 19,
50, 8, 45,
79, 19, 80,
66, 41, 46,
117, 4, 98,
62, 17, 51,
34, 8, 60,
65, 39, 67,
113, 71, 128,
103, -38, 81,
83, 30, 34,
96, 21, 70,
133, 78, 14,
77, -6, 34,
85, 25, 52,
136, 15, 67,
119, 35, 19,
129, 52, 80,
111, 16, 73,
76, 41, 63,
107, 19, 59,
113, 3, 93,
120, 22, 63,
122, 22, 49,
93, 2, 93,
80, 19, 77,
91, -12, 51,
91, 42, 57,
104, 23, 50,
107, 2, 68,
88, -5, 67,
78, -7, 57,
120, 53, 85,
67, 44, 62,
58, 40, 44,
115, -8, 53,
73, 72, 8,
72, 27, 60,
110, 18, 26,
88, -18, 26,
79, 35, 94,
54, 13, 27,
59, 24, 38,
126, 28, 30,
104, 14, 134,
92, 19, 51,
126, 40, 70,
99, -19, 29,
93, 16, 47,
110, 3, 49,
133, 44, 43,
78, 44, 73,
106, 21, 63,
80, 32, 55,
85, 41, 82,
110, 15, 28,
74, 23, 63,
125, 62, 79,
87, 65, 92,
141, 54, 53,
67, 28, -11,
74, -21, -17,
76, -3, 38,
133, 57, 131,
77, 53, 49,
77, 28, 48,
104, 56, 126,
156, 33, 103,
109, 9, 94,
70, 55, 48,
91, 51, 93,
109, 9, 79,
125, 79, 82,
132, 30, 4,
105, -2, 53,
95, 17, 93,
140, 48, 51,
75, 26, 63,
128, 25, 11,
55, 10, 60,
91, 26, 26,
129, 50, 51,
77, 15, 35,
46, 21, 47,
81, 63, 41,
92, 0, 53,
110, 50, 61,
119, 56, 47,
83, -10, 104,
83, 87, 71,
126, 52, 47,
75, 9, 60,
125, 17, 44,
47, -47, 133,
104, 67, 50,
59, 9, 59,
83, -6, 62,
97, 29, 40,
129, 40, 71,
61, 40, 57,
110, 51, 85,
99, 31, 112,
139, 82, 75,
111, 41, 70,
126, -25, 86,
139, 56, 94,
99, 31, 64,
87, 36, 46,
60, -23, 20,
135, 39, 72,
108, 43, 128,
65, -20, 71,
128, 8, 58,
109, 29, 45,
76, 13, 53,
110, 50, 110,
111, 8, 60,
92, 23, 36,
59, 13, 90,
113, 15, 53,
124, 37, 33,
68, 70, 58,
97, 18, 79,
74, 27, 43,
144, 32, 55,
52, 49, 93,
58, 14, 39,
114, 17, 67,
89, 5, 48,
72, 40, 51,
131, 5, 39,
141, 11, 65,
117, 77, 77,
77, 54, 53,
75, 49, 51,
125, 5, 83,
93, 28, 29,
101, 17, 49,
102, -24, 57,
65, 19, 62,
88, 35, 77,
105, 5, 82,
117, 35, 58,
98, 46, 83,
69, 31, 68,
76, 49, 67,
126, 36, 21,
72, 23, 141,
99, 48, 87,
101, 52, 29,
139, 51, 39,
138, 43, 43,
105, 45, 70,
99, -6, 72,
111, 12, 87,
135, 9, 12,
158, 29, 85,
132, 45, 48,
69, 44, 88,
79, 4, 72,
80, 48, 70,
129, -28, 82,
121, 41, 103,
106, -16, 34,
110, 41, 85,
79, 45, 52,
95, -46, 42,
102, 13, 103,
126, 35, 65,
68, 9, 35,
112, 29, 84,
126, 55, 59,
42, 17, 12,
125, 25, 65,
67, 72, 36,
119, 40, 27,
127, 21, 61,
41, 55, 92,
135, 0, 86,
76, 27, 54,
104, -17, 94,
75, 16, 34,
78, -33, 39,
152, 49, 114,
87, 41, 83,
51, 8, 75,
105, 21, 88,
54, 6, 9,
99, 11, 61,
106, 45, 136,
125, 89, 128,
130, 54, 102,
100, -15, 90,
128, 19, 106,
110, 60, 34,
114, 32, 38,
132, 56, 92,
92, 11, 73,
90, 62, 82,
126, 19, 6,
127, 22, 90,
88, 22, 64,
97, 9, 19,
98, 24, 64,
78, 28, 16,
111, 5, 57,
95, 42, 91,
113, 230, 56,
102, 8, 96,
57, 36, 81,
134, 16, 44,
68, 12, 70,
95, 15, 38,
92, 10, 95,
131, 40, 80,
109, 57, 23,
69, 0, 40,
97, 51, 101,
94, 38, 59,
98, 28, 66,
93, 36, 9,
124, 46, 89,
136, 66, 32,
71, -31, 45,
31, -3, 46,
177, 28, 93,
97, 28, 74,
112, 57, 93,
124, 6, 50,
64, 42, 42,
69, 23, 51,
45, 40, 138,
96, 21, 55,
78, 7, 12,
65, 12, 88,
138, 3, 82,
84, 77, 26,
70, -7, 68,
93, 11, 99,
29, 16, 34,
86, 68, 86,
112, 24, 61,
111, -3, 42,
132, 27, 62,
105, -35, 26,
73, -15, 16,
82, 64, 21,
78, -4, 55,
141, 13, 25,
69, 56, 102,
73, 17, 57,
113, 29, 47,
96, 67, 71,
118, 33, 68,
73, -9, 13,
101, -1, 52,
66, 2, 75,
81, 51, 68,
83, 3, 29,
131, -33, 68,
102, 23, 167,
57, 25, 31,
104, 26, 68,
48, 36, 89,
48, 43, 92,
108, 28, 41,
64, 1, 65,
68, 110, 48,
85, -4, 97,
74, 7, 36,
110, 45, 97,
105, 38, 82,
51, 12, 22,
82, 42, 25,
63, 45, 73,
77, 4, 41,
103, 50, 78,
79, 36, 38,
93, 34, 48,
36, 10, 48,
148, 72, 106,
122, 58, 54,
49, 11, 47,
104, 36, 88,
102, 38, 99,
103, 14, 60,
83, -36, 54,
117, 43, 35,
125, 25, 56,
143, 58, 94,
95, 37, 95,
126, 26, 128,
108, 48, 69,
80, 31, 123,
93, 13, 114,
126, 25, 49,
38, 12, 142,
85, 24, 66,
99, 3, 69,
77, 27, 106,
115, 39, 47,
86, 39, 15,
118, 64, 80,
52, -8, 66,
97, 3, 35,
98, 40, 128,
108, 5, 60,
97, 18, 50,
121, 11, 29,
109, 6, 92,
92, -6, 56,
63, 52, 110,
61, 6, 31,
153, 28, 58,
137, 59, 44,
99, 28, 39,
82, -15, 120,
118, 0, 62,
76, 37, 45,
78, 43, 122,
95, 2, 51,
83, -4, 17,
98, 6, 24,
151, 46, 78,
111, -19, 93,
113, 7, 48,
64, 43, 79,
139, 71, 72,
114, 63, 79,
99, 53, 60,
120, 16, 90,
81, 17, 50,
91, 71, 37,
80, 8, 43,
114, 58, 89,
57, 34, 90,
85, 43, 49,
34, 18, 32,
61, 22, 43,
89, -1, 31,
75, -16, 33,
102, 16, 52,
92, 33, 112,
170, 18, 81,
96, 8, 38,
69, 20, 40,
98, 13, 134,
61, 38, 44,
67, 17, 68,
96, 46, 55,
102, 49, 48,
83, -3, 71,
98, 9, 31,
131, 35, 61,
114, -2, 38,
135, 20, 43,
136, 69, 79,
140, 38, 55,
120, 32, 108,
39, 36, 70,
112, 36, 43,
146, 42, 6,
96, 14, 101,
89, 41, 94,
70, -5, 20,
150, 12, 76,
85, 6, 82,
75, 9, 63,
101, 2, 42,
145, 51, 54,
138, 34, 91,
98, 72, 69,
102, -5, 61,
99, 9, 16,
99, 55, 80,
136, 30, 35,
120, 107, 47,
61, 46, 54,
57, 29, 38,
93, 38, 71,
112, 16, 63,
51, -1, 23,
109, 43, 63,
78, 6, 53,
113, 22, 27,
76, 11, 87,
95, -8, 48,
94, 51, 109,
73, -3, 18,
88, 36, 67,
106, 37, 97,
100, 20, 73,
71, -1, 86,
83, 81, 83,
183, 18, 101,
95, -6, 41,
116, 28, 74,
81, -1, 44,
90, 38, 41,
135, 38, 52,
107, 47, 37,
63, 40, 54,
89, 24, 47,
158, 12, 30,
74, 2, 2,
101, -12, 42,
124, 16, 46,
78, -16, 56,
159, 39, 37,
81, 31, 141,
42, 11, 18,
98, 20, 132,
115, 53, 72,
137, 1, 89,
111, -26, 102,
87, -18, 53,
74, 46, 36,
141, 39, 34,
118, 67, 65,
70, 23, 82,
64, -2, 86,
105, 39, 69,
115, 46, 91,
64, 19, 43,
81, 78, 72,
119, 32, 81,
121, 26, 16,
107, 20, 78,
120, 20, 87,
102, 27, 67,
143, 70, 87,
105, -2, 43,
140, 27, -1,
91, 48, 82,
49, 55, 56,
109, 61, 98,
97, -2, 75,
59, 13, 85,
61, 24, 42,
140, 42, 88,
124, 42, 16,
100, 31, 110,
143, 71, 107,
144, -19, 88,
127, 23, 63,
111, 41, 73,
113, 22, 78,
44, 13, 17,
54, 34, 43,
67, 16, 81,
83, -32, 26,
92, 11, 43,
93, 64, 91,
34, 32, 39,
120, 5, 55,
87, -5, 87,
88, -32, 78,
91, 11, 81,
103, 11, 64,
75, 14, 126,
73, 40, 21,
139, 31, 66,
104, 27, 65,
108, 43, 87,
117, 5, 48,
121, 28, 17,
91, -2, 47,
107, -55, 86,
117, 92, 60,
126, -11, 71,
124, 16, 61,
84, 26, 91,
67, 23, 40,
96, -19, 21,
96, 53, 28,
76, -9, 62,
103, 8, 45,
118, 25, 78,
93, -21, 79,
103, -49, 74,
123, 41, 58,
116, 69, 84,
95, -22, 29,
140, 19, 52,
83, 43, 33,
61, 4, 16,
67, 21, -17,
75, 41, 66,
152, 67, 68,
80, -3, 49,
97, 23, 58,
86, 45, 72,
98, 54, 53,
59, 20, 53,
141, 21, 22,
118, 34, 22,
78, 17, 113,
70, 15, 59,
71, -24, 78,
131, 3, 45,
39, 15, 38,
86, 42, 2,
126, 13, 37,
82, 16, 10,
99, 38, 85,
77, 17, 68,
91, 27, 32,
59, 45, 17,
125, 63, 70,
103, 34, 43,
104, -15, 88,
64, 49, 70,
72, 23, 69,
107, 84, 53,
36, 8, 11,
76, 16, -8,
147, 42, 112,
109, 72, 45,
56, -17, 25,
100, 2, -6,
82, 38, 64,
105, 39, 25,
74, 12, 60,
49, 7, 59,
112, 8, 64,
99, 74, 102,
61, 56, 70,
91, 26, 69,
74, 19, 81,
132, 59, 65,
54, 25, 69,
105, -19, 50,
77, 40, 39,
68, 33, 116,
78, 55, 84,
149, 38, 28,
105, 31, 95,
121, -11, 41,
68, 29, 24,
78, 14, 37,
104, 22, 74,
85, 34, 78,
60, -7, 67,
121, 68, 28,
100, 3, 73,
80, -19, 47,
75, -5, 41,
68, 3, 52,
113, 36, 54,
68, -11, 91,
107, 44, 76,
103, 21, 77,
136, -4, 106,
89, 54, 55,
118, 37, 78,
101, 19, 72,
86, 39, 54,
114, 5, 88,
127, 29, 86,
97, -8, 70,
126, -4, 106,
80, 2, 34,
113, 21, 55,
152, 10, 91,
102, 83, 53,
96, 17, 54,
75, 26, 47,
80, 42, 51,
86, 3, 47,
129, 57, 66,
102, -5, 62,
103, 50, 86,
78, 62, 106,
97, 31, 45,
87, 19, 86,
88, 52, 24,
108, 37, 23,
42, -4, 83,
120, 35, 0,
74, -11, 28,
93, -25, 47,
52, 53, 22,
80, -4, 22,
126, -3, 57,
71, 5, 26,
130, 34, 54,
133, 99, 76,
74, 45, 39,
89, 42, 19,
103, 27, 115,
52, -42, 37,
133, 57, 72,
128, 43, 37,
104, 76, 79,
124, 46, 69,
79, 34, 68,
108, 29, 66,
85, -2, 79,
115, 14, 71,
106, 8, 105,
75, 28, 106,
68, 45, 60,
110, 32, 93,
166, 50, 80,
78, -4, 76,
136, 32, 107,
147, 35, 58,
65, 33, 147,
109, 57, 82,
86, 33, 44,
105, 19, 63,
97, 35, 66,
124, 38, 60,
89, 27, 17,
100, 17, 25,
69, 13, 64,
88, 72, 76,
95, 25, 25,
101, -3, 42,
135, 67, 43,
86, -37, 87,
68, 17, 105,
119, -20, 72,
124, 22, 55,
104, 36, 36,
131, 3, 37,
98, 1, 79,
96, 16, 65,
71, 12, 2,
145, 38, 114,
85, 25, 28,
103, 28, 34,
94, -1, 29,
121, 17, 45,
135, 22, 64,
114, 13, 42,
105, 5, 61,
121, -29, 46,
124, 73, 30,
108, 9, 65,
127, 38, 57,
100, -30, 46,
118, 32, 26,
59, 45, 45,
85, 23, 86,
97, 51, 51,
89, 31, 119,
91, 55, 32,
80, 33, 34,
126, -28, 64,
98, 19, 73,
88, 26, 55,
115, 36, 59,
94, 26, 75,
103, 4, 32,
109, 18, 119,
99, 46, 78,
86, -8, 28,
86, -25, 59,
70, 57, 87,
71, 21, 76,
104, -3, 94,
72, -4, 75,
47, 30, 80,
69, 28, 85,
76, 26, 67,
109, 51, 131,
93, -9, 22,
88, 31, 68,
73, 36, 110,
69, 33, 103,
93, 6, 33,
107, 33, 29,
100, 74, 29,
80, 40, 55,
104, 13, 39,
133, 21, 66,
118, 2, 32,
107, 46, 49,
80, 15, 92,
88, 37, 67,
66, 10, 14,
69, 21, 60,
77, 41, 23,
78, -14, 45,
74, 12, 68,
12, 25, 44,
125, 13, 23,
105, 58, 24,
151, 66, 88,
79, 30, 57,
67, 37, 41,
87, 69, 77,
104, 18, 65,
89, -41, 85,
129, 60, 30,
105, 17, 30,
100, -30, -7,
136, 23, 75,
97, 29, 63,
77, 42, 72,
82, 58, 46,
83, 15, 67,
75, 9, 37,
119, -2, 115,
104, 56, 58,
99, 32, 99,
105, 52, 37,
132, 13, 67,
122, 1, 97,
93, -26, 64,
92, 45, 52,
123, 9, 33,
109, 65, 36,
91, 32, 62,
66, 9, 78,
107, 58, 48,
76, 37, 54,
105, 11, 42,
126, 47, 93,
163, 47, 47,
93, 9, 80,
113, 76, 77,
101, -15, 61,
83, 31, 57,
100, 18, 61,
118, 30, 71,
118, 50, 107,
85, 78, 84,
70, 22, 24,
100, -5, 24,
109, 16, 80,
125, 28, 56,
79, 24, 12,
31, -10, 85,
105, 7, 80,
115, 24, 61,
100, -4, 60,
75, -15, 35,
133, 53, 63,
59, 25, 84,
95, 69, 38,
100, 28, 50,
60, 40, 62,
111, 29, 83,
82, 34, 70,
116, 55, 78,
146, 15, 87,
117, 50, 53,
139, 7, 72,
125, 24, 83,
123, 42, 43,
105, 1, 44,
48, 15, 95,
113, 23, 18,
139, 20, 58,
85, 38, 88,
85, 77, 26,
83, 24, 47,
62, 49, 35,
72, 23, 60,
81, 26, 14,
119, 29, 14,
35, 30, 122,
67, 44, 79,
116, -8, 58,
106, -6, 58,
62, 2, 54,
131, 8, 48,
58, 47, 57,
56, 42, 22,
99, 7, 75,
136, 11, 86,
88, 24, 28,
113, 32, 77,
122, 45, 52,
94, -34, 18,
41, -21, 44,
103, 59, 0,
94, 43, 85,
64, 50, 39,
108, 31, 70,
137, 6, 34,
99, 45, 55,
88, 42, 51,
95, 30, 55,
98, 32, 104,
73, -5, 84,
104, 41, 51,
105, 32, 48,
108, 37, 22,
93, 19, 41,
110, 12, 73,
85, -29, 13,
104, 30, 87,
86, 3, 63,
94, 4, 47,
95, 59, 76,
115, 34, 46,
150, 63, 66,
99, 23, 8,
79, 14, 46,
91, -11, 3,
104, 26, 52,
71, 50, 98,
81, -21, 33,
115, 9, 97,
127, 24, 84,
123, 50, 50,
114, 47, 77,
83, 33, 47,
97, 22, 109,
117, -13, 73,
144, 9, 62,
93, 29, 115,
109, -7, 44,
78, 18, 48,
120, -9, 60,
108, 21, 74,
111, 24, 79,
81, -4, 42,
68, 67, 95,
70, -23, 19,
109, 15, 42,
81, 7, 70,
111, 74, 87,
117, 61, 92,
71, 26, 86,
117, -16, 74,
139, 36, 74,
110, 45, 48,
113, 37, 42,
68, 60, 62,
76, 17, 16,
86, 64, 70,
81, -28, 29,
86, -26, 115,
73, 36, 58,
112, 24, 64,
107, 11, 108,
92, -23, 91,
111, 52, 109,
120, 23, 54,
57, 13, 58,
108, -17, 96,
106, 45, 21,
115, 51, 116,
72, 11, 60,
149, 50, 49,
97, 25, 92,
81, 62, 131,
117, 17, 76,
72, 41, 88,
73, 42, 85,
64, -11, 44,
114, 29, 84,
76, 15, 35,
147, 108, 114,
52, 10, 45,
70, 2, 53,
109, 29, 80,
77, 4, 57,
139, 23, 66,
67, -10, 61,
84, 66, 85,
127, 22, -17,
82, 48, 74,
43, 37, 76,
84, 13, 65,
123, 35, 75,
50, -2, 59,
62, 28, 45,
84, 17, 74,
151, 41, 71,
60, 24, 21,
98, 30, 43,
89, 30, 28,
100, 2, 66,
107, 12, 28,
103, 62, 86,
86, 40, 58,
66, 19, 56,
111, -5, 82,
78, -68, -13,
78, 14, 67,
96, 84, 45,
147, 27, 13,
98, 23, 72,
110, 34, 31,
100, 40, 18,
92, 36, 73,
40, 0, 81,
73, -22, 81,
108, 49, 85,
89, 28, 19,
66, 70, 95,
66, -14, 57,
141, 22, 94,
118, 36, 109,
77, 41, 36,
135, 52, 93,
115, 37, 72,
40, -5, 45,
104, 22, 82,
137, 70, 69,
86, 33, 91,
97, 62, 74,
56, -38, 42,
111, 0, 97,
88, 16, 47,
120, 48, 98,
153, 14, 84,
71, 40, 85,
35, 12, 34,
122, 37, 35,
122, 30, 18,
103, 32, 39,
103, 58, 48,
66, 68, 26,
93, 12, 47,
30, -13, 24,
133, 21, 60,
84, 17, 78,
112, 2, 58,
153, 33, 81,
135, 23, 54,
118, 29, 100,
73, -19, 70,
142, 26, 62,
137, -47, 61,
114, 31, 76,
106, 40, 90,
72, -11, 34,
109, 44, 39,
75, 29, 37,
114, 31, 96,
53, -41, 45,
74, -30, 44,
124, 39, 28,
121, 17, 52,
73, 11, 14,
117, 32, 58,
64, 32, 36,
121, 57, 56,
110, 28, 89,
106, 18, 96,
116, 29, 31,
99, 3, 27,
86, 63, 39,
128, -1, 133,
73, -4, 58,
128, 47, 59,
89, -41, 69,
60, -19, 87,
124, 49, 78,
129, 49, 84,
108, 28, 61,
91, 6, 16,
97, 11, 82,
93, 42, 67,
83, 32, 165,
50, 51, 36,
96, 29, 75,
80, 32, 49,
91, -1, 27,
151, 52, 50,
114, 24, 109,
85, 33, 66,
85, 24, 29,
103, -8, 1,
96, 33, 103,
83, 24, 15,
121, 42, 76,
23, 38, 35,
17, 46, 46,
76, 44, 42,
141, 38, 26,
59, 36, 80,
68, 0, 62,
63, 36, 73,
111, 30, 39,
109, 68, 117,
63, -1, 90,
61, -7, 51,
115, -1, 31,
71, 20, 19,
91, -32, 47,
70, 20, 20,
140, 44, 53,
70, 9, 37,
114, 58, 104,
117, 23, 81,
132, 46, 6,
50, -13, 1,
78, 54, 77,
89, 10, 72,
86, 36, 109,
123, -16, 74,
68, 25, 53,
146, 42, 68,
106, 6, 84,
122, 48, 48,
89, 16, 41,
121, 6, 89,
113, 13, 47,
96, 23, 116,
86, 15, 28,
90, 23, 57,
86, 16, 79,
95, 93, 23,
131, 24, 101,
154, 24, 70,
111, 23, 138,
116, 15, 79,
70, -25, 55,
78, 41, 47,
127, -7, 83,
148, 18, 112,
67, 27, 50,
38, 4, 45,
129, 50, 71,
164, 19, 52,
60, 36, 79,
75, -18, 74,
101, 51, 49,
69, 60, 75,
88, 36, 62,
82, -12, 80,
114, 15, 44,
110, 45, 3,
133, 17, 7,
83, 9, 35,
109, 27, 54,
129, 3, 41,
121, 54, 29,
134, 19, 87,
111, 80, 53,
111, 24, 60,
89, 13, 82,
66, 25, 114,
109, 37, 33,
88, 12, 15,
79, 23, 89,
67, 19, 77,
133, 34, 38,
79, -44, 38,
145, 55, 11,
134, 47, 16,
95, 24, 61,
145, -5, 116,
83, 18, 61,
67, 27, 53,
80, 54, 37,
107, -5, 45,
76, 47, 111,
103, 20, 115,
97, 1, 38,
130, 49, 50,
94, 22, 111,
84, 5, 29,
122, 88, 38,
93, 84, 84,
70, 42, 61,
111, -7, 46,
89, -8, 17,
104, 49, 101,
62, -6, 30,
100, 8, 84,
81, 28, 55,
124, 21, -16,
101, 50, 40,
90, -3, 59,
84, 47, 54,
108, 5, 44,
86, -10, 13,
111, -1, 26,
119, 59, 106,
97, 43, 28,
11, 21, 21,
153, 27, 49,
111, 49, 55,
56, -17, 83,
121, 49, 31,
79, 24, 86,
121, 32, 113,
83, 18, 50,
161, 50, 37,
55, 47, 34,
89, 6, 58,
142, -16, 66,
106, 44, 70,
100, 3, 71,
63, 17, 88,
93, 17, 28,
81, 68, 83,
142, -4, 64,
79, 13, 52,
95, 46, 55,
144, 51, 70,
89, 24, 78,
110, 39, 31,
101, -29, 41,
146, 52, 66,
63, -1, 46,
101, 28, 51,
143, 25, 60,
103, 25, 46,
94, 46, 98,
100, -7, 16,
108, 48, 38,
124, 19, 4,
91, 16, 73,
96, 30, 81,
85, 19, 79,
55, 14, 75,
112, 47, 24,
65, 14, 36,
103, 30, 66,
92, 32, 14,
80, 15, 111,
43, 58, 20,
107, 37, 47,
95, 12, 30,
59, 51, 94,
114, 43, 44,
80, 25, 51,
125, 5, 10,
128, 20, 81,
74, -1, 69,
140, -13, 46,
88, 25, 76,
95, 72, 57,
51, 33, 29,
110, 15, 61,
117, 22, 23,
128, 95, 80,
87, 30, 68,
125, 50, 89,
144, 32, 67,
129, 15, 59,
72, -7, 64,
91, -23, 22,
126, 25, 64,
112, 30, 62,
81, 14, 66,
104, 39, 52,
130, 26, 28,
67, 6, 97,
93, 13, 4,
94, -26, 25,
62, 24, 60,
139, 7, 26,
139, 36, 90,
74, 46, 107,
85, 39, 107,
107, -40, -1,
102, 12, 39,
84, 17, 87,
114, -21, 72,
127, 46, 24,
98, 63, 77,
92, -3, 36,
118, 47, 52,
106, 48, 82,
83, 29, 55,
70, 35, 24,
112, 42, 74,
95, 45, 12,
130, 19, 58,
108, 48, 109,
74, -235, 81,
130, 15, 105,
85, 24, 67,
67, 42, 89,
70, 47, 55,
54, 35, 115,
87, 40, 89,
109, 29, 46,
63, 80, 109,
90, -31, 63,
93, 26, 57,
57, 78, 40,
72, 45, 98,
124, 52, 60,
60, -7, 62,
157, 13, 63,
117, 6, 20,
116, 62, 63,
131, 50, 70,
94, 0, 70,
80, 48, 36,
101, -9, 68,
86, 40, 44,
66, -8, 35,
104, 39, 39,
116, 41, 91,
80, 40, 59,
102, 38, 89,
113, 48, 48,
91, 44, 88,
75, 51, -2,
92, -16, 8,
131, 8, 16,
112, 3, 61,
37, -45, 33,
126, 102, 107,
90, 47, 102,
140, 39, 36,
63, 27, 50,
132, -5, 109,
126, -3, 109,
71, 19, 113,
97, -7, 72,
113, -18, 96,
56, -1, -3,
110, 43, 74,
101, 59, 54,
93, 38, 93,
122, 0, 71,
96, -7, 23,
112, 11, 74,
81, 1, 19,
123, 104, 92,
151, 34, 63,
113, 96, 44,
105, 21, 69,
72, -17, 85,
145, 15, 104,
50, -42, 37,
84, 71, 39,
84, 81, 114,
93, 54, 51,
72, 17, 23,
71, 58, 77,
58, 9, 76,
60, 60, 104,
132, 81, 66,
138, 58, 72,
117, 34, 38,
72, 34, 63,
101, 49, 46,
118, 24, 99,
106, 15, 61,
69, 16, 95,
103, 49, 112,
95, 9, 65,
79, 11, 43,
111, 42, 104,
71, 21, 51,
103, 37, 58,
77, 19, 58,
81, 12, 64,
130, -3, 33,
130, -4, 99,
96, 6, 95,
127, 43, 33,
83, 9, 59,
111, 18, 77,
149, 41, 46,
59, -8, 30,
105, 36, 72,
111, 32, 58,
78, 31, 49,
88, 51, 50,
76, 24, 13,
98, 45, 68,
74, -19, 105,
104, 20, 61,
101, -11, 71,
68, 40, 78,
105, 27, 48,
78, 41, 37,
82, 7, 64,
84, -2, 39,
122, 42, 37,
116, 30, 64,
121, -7, 88,
57, 31, 82,
126, 32, 122,
118, -11, -4,
131, 2, 76,
94, -4, 72,
86, -6, 32,
91, 10, 4,
149, 18, 45,
111, 16, 74,
104, 15, 86,
117, 42, 126,
85, 22, 61,
109, 100, 84,
101, 18, 71,
91, 25, 50,
84, 24, 35,
99, -9, 61,
130, 75, 78,
103, 19, 62,
88, 5, 81,
81, 12, 118,
19, 48, 65,
76, 54, 77,
77, -3, 73,
72, 23, 82,
121, 33, 47,
99, 49, 106,
53, 40, -5,
124, 21, 74,
105, -10, 87,
105, 29, 72,
135, 12, 48,
127, 5, 28,
105, -25, 88,
105, -12, 47,
115, 15, 77,
95, 15, 28,
90, 53, 70,
73, 65, 81,
94, 19, -25,
111, 4, 59,
23, 44, 109,
107, -38, 24,
65, 22, 41,
111, 18, 49,
160, 45, 55,
98, -11, 69,
100, 24, 29,
99, 41, 67,
83, 28, 23,
83, 72, 62,
132, 25, 49,
67, 53, 44,
61, 38, 71,
73, -4, 29,
100, 55, 77,
93, -36, 11,
99, 49, 87,
74, 46, 27,
68, 35, 49,
102, 49, 62,
88, 40, 17,
59, -8, 99,
46, 42, 102,
118, 34, 49,
74, -21, 31,
84, -27, 55,
99, -12, 71,
91, -11, 71,
97, 30, 100,
118, 48, 86,
72, 49, 59,
108, 34, 39,
115, 60, 42,
160, 37, 96,
111, -4, 106,
115, -16, 79,
102, -10, 52,
90, -16, 66,
94, 34, 64,
77, -29, 73,
105, 39, 65,
94, 6, 34,
50, -4, 76,
123, 43, 36,
89, 10, 7,
93, 30, 114,
71, 30, 85,
118, -1, 66,
78, 53, 77,
82, -46, 22,
123, 40, 90,
52, -38, 34,
107, 9, 59,
118, 6, 126,
64, 1, 32,
100, 52, 38,
60, 20, 74,
63, 6, 32,
87, 25, 56,
55, -13, 64,
73, -15, 58,
108, 23, 97,
111, 56, 70,
95, 5, 31,
60, 15, 65,
86, -6, 96,
92, 45, 58,
22, 14, 74,
103, -8, 68,
37, 40, 121,
77, -18, 50,
113, 9, 63,
85, 57, 95,
139, 12, 56,
96, 24, 23,
77, 52, 88,
104, 59, 70,
74, 43, 69,
90, 51, 91,
61, 39, 34,
124, 30, 43,
92, 32, 10,
125, -10, 61,
90, 48, 58,
66, -8, 109,
94, 41, 85,
85, 33, 40,
96, 5, 91,
127, 8, 64,
121, 109, 50,
90, -25, 62,
166, 51, 48,
49, 8, 34,
106, -10, 21,
102, 14, 86,
112, -1, 98,
102, 20, 8,
85, 42, 77,
111, 50, 92,
90, 34, 86,
133, 48, 55,
109, 14, 55,
105, 3, 36,
107, 54, 59,
117, 43, 65,
111, 48, 23,
71, 6, 48,
111, 53, 59,
88, 40, 50,
113, -9, 99,
91, -13, 15,
44, -27, 44,
78, 76, 100,
99, 19, 84,
85, -6, 47,
88, 24, 93,
30, 40, 28,
104, 50, 64,
57, 5, 47,
55, 11, 50,
18, 57, 71,
121, 80, 61,
99, 22, 47,
101, -8, 41,
53, 16, 67,
93, -4, 72,
112, 71, 54,
115, 14, 42,
73, 11, 46,
118, 14, 42,
112, 100, 51,
75, 52, 56,
106, 17, 66,
124, 69, 45,
135, 6, 6,
112, 75, 51,
109, 48, 33,
116, 23, 64,
116, -21, 49,
134, 9, 56,
96, 0, 15,
90, 35, 54,
119, -2, 89,
124, 0, 117,
107, 8, 14,
85, 0, 54,
116, 29, 39,
61, -13, 12,
92, 48, 51,
80, 42, 13,
106, 26, 55,
97, 43, 22,
146, 50, 74,
109, 33, -6,
64, 18, 64,
116, 9, 42,
140, 98, 91,
109, 12, 62,
128, 89, 95,
109, 42, 98,
141, 16, 32,
116, 46, 72,
86, 26, 37,
109, 21, 80,
99, -7, 67,
128, -1, 44,
101, -5, 80,
106, 52, 69,
83, 60, 53,
88, 40, 96,
77, 43, 99,
122, 14, 66,
77, 39, 80,
104, 248, 75,
101, 50, 57,
79, 0, 86,
132, 40, 59,
115, 47, 51,
104, 28, 37,
141, 36, 74,
72, 37, 17,
57, 3, 49,
59, 28, 57,
113, 46, 37,
97, -19, 4,
92, 12, 51,
129, 2, 30,
75, -2, 69,
98, 56, 106,
100, 38, 102,
106, 31, -20,
130, 35, 72,
126, -10, 25,
96, 8, 90,
113, 51, 94,
120, 32, 32,
119, 39, 69,
77, 69, 95,
14, -13, 24,
107, 40, 121,
65, 35, 43,
99, 7, 78,
94, 32, 67,
48, 2, 47,
85, 17, 20,
100, 41, 51,
120, 30, 91,
131, 12, 81,
143, 58, 108,
123, -3, 21,
133, 45, 54,
89, 5, 75,
104, 97, 90,
101, 41, 113,
73, 92, 59,
4, 20, 23,
81, 47, 59,
103, 13, 37,
87, 6, 21,
112, 26, 67,
100, 3, 42,
98, 3, 48,
60, -12, 52,
80, 30, 112,
53, 15, 66,
134, 36, 79,
121, 43, 57,
111, 44, 52,
92, 66, -5,
84, 44, 22,
66, 19, 102,
107, -249, 65,
83, 33, 40,
99, 17, 68,
111, 46, 48,
90, -16, 23,
98, 36, 45,
112, 26, 23,
135, 29, 73,
131, 47, 68,
118, 49, 58,
101, 19, 93,
99, 23, 42,
107, -22, 16,
98, 17, 85,
49, 2, 74,
138, 38, 47,
125, -4, 46,
92, 20, 32,
101, -3, -11,
80, 56, 114,
56, 4, 118,
52, 60, 80,
112, 18, 53,
145, 4, 78,
90, 62, 55,
61, 19, 117,
96, 13, 46,
122, 21, 89,
70, 41, 54,
96, 13, 42,
116, 3, 83,
144, 74, 73,
79, 68, 59,
63, -2, 33,
81, 14, 74,
103, 31, 41,
60, 49, 19,
102, 52, 34,
97, 40, 27,
71, -7, 81,
115, -24, 44,
130, 43, 30,
78, 8, 54,
83, 39, 46,
87, 37, 78,
84, 31, 88,
46, 48, 49,
71, 27, 83,
134, 38, 23,
43, 11, 50,
120, 24, 164,
78, 23, 39,
81, 27, 87,
103, 32, 81,
95, 5, 46,
90, 14, 9,
132, 54, 74,
98, -19, 18,
73, 7, 31,
99, 21, 54,
83, 11, 25,
78, 26, 42,
88, 21, 64,
88, -8, 68,
123, 1, 45,
79, 22, 52,
118, 54, 9,
117, 34, 28,
95, -28, 77,
130, 27, 77,
113, -2, 68,
115, 12, 54,
132, 38, 91,
128, -18, 25,
102, 37, 86,
99, 49, 83,
112, -1, 72,
77, 3, 44,
112, 32, 4,
77, -4, 41,
114, 46, 87,
83, -15, 19,
154, 12, 76,
43, 17, 51,
104, 70, 72,
117, 17, 70,
88, 36, 86,
118, 17, 23,
43, 66, 89,
77, -4, 31,
93, 22, 83,
90, -21, 43,
43, 3, 41,
104, -15, 89,
136, 41, 67,
99, 60, 53,
54, 4, 25,
108, -13, 7,
120, 20, 104,
99, 25, 58,
91, 43, 62,
78, 47, 41,
79, 17, 44,
129, 45, 11,
133, 20, 55,
67, 17, 111,
62, 26, 72,
89, -2, 7,
133, 40, 29,
129, 41, 31,
63, 33, 51,
119, 56, 29,
153, 98, 62,
107, 21, 39,
97, 45, 68,
90, 20, 59,
101, -1, 71,
130, 5, 1,
106, 12, 53,
50, 65, 68,
135, 37, 94,
121, 19, 100,
144, 27, 60,
47, 18, 32,
97, 3, 34,
89, 57, 58,
85, 50, 75,
123, 64, 77,
71, -18, 55,
111, 9, 51,
90, 14, 61,
101, 17, 22,
116, 65, 97,
48, 6, 19,
97, 24, 54,
97, 48, 43,
73, 27, 87,
69, 60, 89,
102, 14, 27,
66, -20, 32,
119, 5, 57,
94, 8, 19,
99, 6, 31,
97, 47, 32,
116, 24, 73,
109, 22, 42,
126, 33, 18,
114, 5, 110,
87, 33, 77,
119, 23, 56,
92, 7, 57,
88, 43, 82,
95, 30, 31,
86, -11, 42,
69, 44, 66,
49, 10, 63,
123, 33, 22,
103, -18, 9,
133, -1, 67,
101, 61, 68,
117, 28, 103,
93, -23, 62,
109, 3, 70,
57, 68, 37,
103, 66, 90,
80, -6, 29,
120, 46, 49,
69, 49, 72,
92, 16, 110,
106, 43, 10,
70, 18, 41,
62, 10, 86,
81, 75, 122,
90, 27, 99,
102, 47, 55,
126, 25, 40,
107, 15, 115,
41, -34, 20,
92, 40, 65,
96, 34, 15,
59, 1, -1,
133, 25, 81,
115, 33, 85,
123, -14, 50,
103, 33, 21,
69, -21, 86,
76, 14, 87,
103, 47, 31,
136, 19, 57,
138, 39, 66,
75, 27, 63,
82, -18, 86,
85, 50, 42,
60, -3, 65,
38, 17, 8,
83, -2, 72,
108, -3, 49,
131, 63, 34,
88, 55, 76,
23, 9, 86,
77, 13, 11,
123, 34, 57,
116, 50, 68,
116, 15, 50,
75, 5, 41,
73, 232, 48,
100, 47, 93,
133, 64, 47,
102, 5, 67,
159, 63, 67,
84, 28, 46,
79, 55, 69,
116, 5, 72,
61, -6, 30,
109, 55, 68,
61, 62, 68,
44, 25, 58,
109, 43, 30,
81, -24, 89,
60, 43, 93,
105, 57, 64,
111, -12, 33,
82, 56, 44,
141, 58, 44,
109, 51, 31,
85, 27, 56,
34, 59, 57,
90, 3, 32,
108, 75, 45,
89, 35, 91,
81, 10, 82,
81, 33, 72,
106, 6, 76,
89, 10, 90,
99, -29, 105,
124, 39, 120,
87, 33, 42,
116, 4, 89,
42, 12, 40,
120, 42, 97,
87, 22, 47,
116, -8, 34,
51, 27, 66,
95, 20, 68,
62, 52, 107,
78, -32, 54,
86, 56, 48,
147, 34, 63,
83, -15, 32,
110, 40, 108,
66, -9, 117,
115, 28, 89,
129, 54, 66,
99, 38, 68,
77, 12, 21,
92, 67, 95,
89, 32, 92,
86, 26, 20,
77, 27, 62,
116, 22, 75,
80, 43, 69,
116, 38, 82,
78, 15, 30,
88, -244, 15,
98, 0, 78,
118, 1, 16,
75, -7, 55,
137, -7, 36,
117, 24, 110,
92, -18, 0,
106, -21, 32,
159, 14, 84,
121, 5, -36,
99, 17, 65,
65, -25, 82,
94, 63, 121,
124, -4, 27,
88, 13, 35,
78, 34, 86,
88, 36, 89,
77, 37, 69,
153, 23, 103,
91, 0, 67,
75, -3, 66,
126, -12, 116,
99, 6, 67,
137, 32, 70,
84, 50, 88,
133, 63, 83,
37, 19, 59,
102, 91, 44,
105, 35, 66,
121, 48, 53,
122, 9, 75,
126, -41, 56,
120, 1, 61,
123, 24, 83,
97, 44, 73,
89, 40, 111,
81, 12, 85,
93, 31, 56,
88, 31, 74,
97, 17, 109,
98, 45, 93,
106, 10, 43,
93, 42, 92,
94, 35, 70,
84, 25, 61,
98, 2, 74,
93, 44, 20,
93, 6, 8,
62, 53, 54,
119, 18, 29,
111, 21, 79,
101, -14, 62,
115, 41, 46,
92, 43, 41,
112, 21, 56,
