54, 30, -5,
63, -3, 66,
53, 35, 54,
117, 31, 97,
72, -4, 98,
94, 32, 86,
70, 19, -4,
86, 24, 54,
85, 34, 78,
101, 40, 85,
78, 0, 26,
103, 59, 67,
77, 36, 32,
131, 37, 36,
81, 9, 72,
108, 45, 107,
87, -27, 92,
106, 2, 76,
143, 20, 90,
78, -5, 57,
131, 44, 1,
126, 3, 63,
61, 26, 15,
78, -8, 67,
127, 29, 35,
104, 11, 61,
95, 23, 82,
105, 14, 47,
132, 4, 75,
75, 26, 35,
63, -6, 81,
157, 35, 57,
101, 55, 111,
120, 7, 56,
82, 45, 44,
110, 48, 13,
74, 9, 95,
84, 54, 51,
145, -36, 48,
119, -3, 69,
118, 49, 66,
95, 2, 55,
125, 22, 72,
95, 4, 66,
143, 65, 36,
36, 7, 69,
78, 0, 102,
107, -7, 57,
134, 68, 77,
102, 30, 75,
142, 17, 80,
83, 26, 75,
119, 34, 80,
101, 6, 17,
135, 5, 88,
113, 23, 56,
73, 27, 52,
74, 17, 60,
73, 25, 103,
80, 14, 4,
111, 85, 12,
119, 33, 84,
57, 45, 76,
137, 25, 40,
84, 22, 119,
74, -31, 82,
109, 69, 75,
83, -33, 27,
91, 58, 51,
121, 8, 58,
136, 29, 36,
125, 16, 58,
104, 15, 88,
113, 18, 37,
95, 50, 100,
100, -10, 106,
109, 7, 91,
105, 34, 72,
80, 55, 68,
105, -3, 40,
64, -10, 74,
125, 19, 19,
64, 32, 44,
135, 61, 65,
105, 18, 79,
97, 86, 51,
75, 6, 82,
86, 92, 87,
90, 71, 66,
63, 20, 45,
125, 14, 53,
113, -8, 79,
88, -32, 82,
89, -8, 72,
73, -9, 71,
99, -21, 35,
82, 34, 65,
65, 60, 27,
91, 45, 57,
134, 46, 28,
123, 53, 83,
102, -1, 12,
118, 26, 69,
156, 69, 79,
92, 9, 46,
143, 53, 62,
61, 18, 60,
141, 40, 105,
75, -27, 40,
91, 35, 42,
57, 20, 120,
70, -16, 31,
67, 6, 78,
82, 28, 57,
121, 44, 119,
100, -8, 73,
55, 24, 70,
125, 53, 44,
71, 30, -3,
112, 2, 33,
68, -13, 63,
107, 69, 79,
90, 41, 107,
167, 18, 86,
60, 39, 23,
116, 16, 46,
82, -27, 29,
131, 10, 32,
101, 24, 68,
72, -21, 100,
123, 43, 37,
124, 61, 32,
45, 22, 34,
71, 44, 47,
87, 49, 28,
122, 58, 53,
43, 22, 81,
75, 43, 40,
134, 41, 97,
83, 60, 65,
32, -24, 33,
126, 38, 77,
95, -17, 109,
105, 26, 84,
110, -3, 64,
64, 57, 51,
89, 28, 38,
116, 55, 73,
64, 31, 46,
90, 10, 49,
107, 26, 56,
162, 4, 81,
136, 52, 65,
108, 7, 70,
83, -1, 71,
141, 45, 70,
114, 65, 73,
77, 11, 50,
65, 19, 77,
114, 28, 50,
110, -11, 93,
77, 62, 48,
53, -4, 20,
99, -9, 19,
88, -35, 36,
89, 25, 70,
112, 37, 15,
116, -11, 17,
132, 32, 1,
92, 15, 40,
97, 24, 48,
90, -19, 51,
99, 67, 73,
131, 68, 74,
91, 3, 20,
94, 1, 28,
128, 19, -4,
85, 38, 71,
112, 60, 90,
113, 9, 54,
111, 21, 38,
90, 9, 10,
72, 12, 66,
78, 21, 29,
79, 10, 79,
106, 55, 129,
114, -17, 31,
70, 19, 85,
76, 30, 31,
110, 35, 53,
65, -5, 25,
140, 72, 109,
106, 15, 79,
85, 14, 43,
92, 35, 47,
121, 64, 63,
136, 49, 67,
73, 43, 36,
86, -1, 44,
59, 8, 51,
142, 44, 60,
55, 63, 47,
89, -58, 43,
91, 0, 80,
120, 10, 50,
81, -2, 65,
93, 31, 92,
98, 21, 108,
93, 5, 64,
105, 24, 35,
75, 2, 78,
117, 37, 92,
62, 50, 75,
66, 63, 89,
75, 16, 53,
79, 34, 41,
119, 5, 134,
103, -9, 36,
123, 25, 56,
112, 64, 108,
95, 1, 38,
120, 20, 32,
123, 37, 18,
121, 9, 44,
112, 29, 66,
142, 9, 99,
46, 24, 67,
65, 16, 48,
108, 23, 43,
144, 20, 68,
92, 15, 76,
124, 25, 52,
110, 27, 30,
94, -22, 41,
125, 21, 75,
89, 6, 78,
134, -24, 38,
71, -23, 42,
78, -16, 36,
78, 5, 2,
64, 47, 83,
53, 35, 77,
93, 22, 38,
55, 237, 48,
147, 14, 68,
130, 24, 100,
78, 86, 62,
85, 22, 51,
96, -32, 37,
94, 13, 112,
84, 27, 69,
90, -3, 91,
85, 76, 32,
105, 61, 80,
76, -2, 107,
125, 13, 56,
98, 49, 56,
86, 41, 50,
62, 42, 105,
98, 74, 90,
123, 9, 55,
108, 24, 20,
99, 81, 113,
84, 34, 73,
115, 36, 80,
60, -23, 17,
98, 67, 35,
84, 20, 35,
126, 33, 50,
157, 49, 40,
140, 41, 41,
75, 16, 73,
95, 45, 67,
139, 33, 60,
68, 23, 84,
76, 22, 98,
80, 42, 88,
51, 46, 53,
110, -8, 14,
86, -28, 53,
112, -15, 80,
66, 45, 49,
70, 17, 88,
65, -3, 70,
122, 11, 38,
64, 47, 65,
63, 47, -7,
109, 29, 104,
41, 30, 80,
109, 12, 87,
47, -2, 66,
143, 18, 97,
115, 30, 70,
112, -27, 82,
117, 45, 48,
59, 25, 60,
106, -27, 56,
145, 45, 58,
62, -27, 47,
55, 46, 54,
74, -21, 16,
143, -18, 57,
92, 11, 89,
103, 54, 66,
34, -31, 52,
79, -6, 75,
113, 47, 150,
70, 33, 70,
124, 35, 66,
78, 1, 17,
135, 24, 123,
104, 7, 15,
129, 26, 13,
77, -32, 111,
84, 29, 42,
98, 36, 43,
134, 46, 79,
115, 49, 53,
71, -8, 10,
115, -14, 93,
152, 51, 98,
100, 20, 84,
81, 21, 82,
47, -7, 34,
81, 48, 73,
101, 41, 57,
91, 12, 61,
100, 10, 80,
129, 53, 126,
80, 56, 57,
83, -25, 12,
76, 38, 84,
109, -11, 68,
116, 33, 102,
106, 35, 84,
106, 52, 76,
108, -49, 69,
43, 5, 55,
62, 64, 135,
96, -29, 124,
76, 71, 88,
103, -21, 85,
124, 28, 22,
87, 25, 84,
129, 38, 86,
106, 33, 38,
83, -22, 19,
125, 10, 23,
105, -12, 38,
95, 65, 20,
59, 38, 53,
114, 48, 34,
113, -1, 39,
101, 13, 58,
71, 59, 79,
125, 27, 58,
82, 26, 69,
153, 52, 120,
84, 42, 107,
123, 13, 67,
135, 59, 53,
95, 14, 70,
144, 32, 35,
94, 56, 53,
83, 25, 86,
88, 59, 75,
95, 38, 76,
64, 12, 69,
154, 47, 89,
105, 21, 15,
57, -14, 35,
146, 31, 79,
115, 74, 18,
98, 2, 44,
138, 25, 49,
130, 24, 117,
110, 30, 32,
90, -6, 92,
100, 49, 15,
98, 25, 75,
76, 55, 20,
97, 27, 96,
113, 19, 37,
92, 3, 36,
83, -42, 67,
68, 22, 29,
97, 1, 77,
51, -16, 60,
108, -7, 8,
53, 17, 29,
126, 73, 105,
98, -7, 94,
136, 23, 87,
94, 10, 59,
139, 32, 59,
116, 10, 109,
80, 22, 48,
121, 26, 94,
102, 36, 70,
51, 42, 48,
80, 31, 85,
71, 73, 56,
101, 102, 40,
94, 44, 78,
139, 17, 81,
48, -18, 14,
78, 54, 46,
155, 15, 97,
67, 32, 97,
100, 4, 105,
69, -48, 109,
70, 18, 12,
74, -8, 82,
104, -7, 23,
64, 47, 26,
97, 33, 67,
89, 20, 85,
118, 9, 80,
115, 13, 77,
80, 19, 6,
58, -31, 63,
93, -10, 75,
41, -10, 7,
133, -1, 24,
149, 1, 75,
122, 13, 75,
120, 26, 71,
82, 47, 75,
117, 58, 2,
104, -11, 41,
99, 16, 83,
145, 48, 74,
78, 22, 67,
74, -16, 52,
90, 32, 80,
79, 66, 38,
51, 53, 50,
121, 36, 59,
97, 55, 79,
136, 60, 33,
106, 44, -21,
81, -12, 93,
113, 27, 24,
47, 63, 38,
68, 80, 61,
96, 33, 92,
136, 39, 97,
97, -56, 94,
73, 42, 50,
77, 33, 64,
75, 46, 76,
79, 18, 130,
85, 13, 70,
114, 41, 36,
90, -9, 68,
73, 1, 51,
94, -8, 61,
79, 33, 36,
68, -18, 96,
98, 54, 97,
105, 9, 72,
155, 28, 74,
133, 13, 46,
120, 7, 96,
118, 33, 61,
102, 25, 19,
19, -22, 76,
63, -5, 34,
130, 59, 40,
94, 51, 96,
108, 52, 80,
96, 35, 74,
125, -48, -4,
120, -5, 59,
96, 36, 61,
90, 0, 51,
120, 26, 31,
83, -26, 56,
87, 35, 63,
129, 56, 104,
82, 49, 45,
73, 10, 75,
86, 31, -9,
82, -6, 75,
87, 69, 55,
104, 10, 47,
109, 2, 83,
145, -27, -32,
96, 25, 16,
65, 17, 77,
82, 17, 103,
133, -5, 92,
126, 1, 99,
56, 36, 58,
93, 51, 67,
107, 35, 79,
141, 1, -13,
101, -1, 51,
92, 42, 17,
98, 34, 37,
115, -33, -20,
148, 62, 70,
105, 33, 63,
56, 19, 37,
61, 53, 60,
64, -11, 100,
118, 23, 117,
76, 17, 8,
81, 21, 87,
118, 54, 37,
94, 40, 81,
121, -9, 19,
74, -6, 39,
105, 32, 69,
122, 18, 87,
96, 20, 43,
97, 28, 81,
93, 15, 38,
127, 40, 39,
114, 41, 91,
129, 9, 52,
115, 41, 75,
115, 39, 35,
138, 45, 49,
101, 9, 48,
113, 23, 62,
131, -9, 38,
78, -36, 35,
111, 20, 73,
86, 75, 35,
110, 13, 79,
83, -15, 69,
28, 34, 70,
111, 50, 80,
64, -5, 108,
117, 38, 80,
70, 46, 41,
72, -7, 122,
77, -3, 49,
108, 40, 46,
113, 40, 62,
104, 50, 44,
83, -3, 81,
123, 46, 65,
92, 57, 30,
86, 18, 76,
113, 89, 45,
50, 11, 53,
110, -2, 55,
38, 45, 54,
95, 11, 1,
120, -3, 55,
103, 0, 117,
38, 48, 89,
133, 34, 104,
54, 26, 66,
66, -7, 91,
137, 7, 125,
122, 1, 70,
98, -1, 21,
117, 10, 94,
111, 9, 63,
81, 14, 69,
68, 8, 68,
103, 25, 66,
98, -5, 82,
83, 9, 84,
141, 21, 113,
104, 12, 79,
96, 38, 62,
136, 59, 51,
108, -26, 51,
90, 30, 57,
84, -21, 68,
98, 10, 79,
52, 47, 72,
104, 10, 67,
96, 24, 74,
119, 50, 76,
94, 19, 30,
71, 50, 72,
153, 20, 42,
92, 26, 102,
92, 1, 73,
127, 6, 52,
114, 37, 16,
107, 33, 71,
147, -4, -5,
138, 17, 110,
67, 33, 84,
97, -21, 41,
150, -17, 47,
106, 53, 82,
87, 42, 49,
101, 12, 26,
107, -3, 55,
105, 37, 98,
72, 7, 23,
152, 46, 79,
99, 38, 118,
82, 75, 51,
123, 61, 97,
121, 50, 62,
143, 29, 86,
75, 31, 81,
108, -23, 69,
151, 41, 64,
124, -6, 41,
105, -17, 56,
147, 21, 41,
110, 12, 21,
104, 32, 91,
83, 20, 54,
76, 19, 59,
79, 42, 34,
93, -35, 33,
71, 8, 82,
152, 50, 114,
110, 18, 90,
80, 6, 13,
105, 31, 26,
100, 27, 41,
131, 52, 40,
96, 14, 37,
117, 29, 102,
76, 54, 55,
103, 32, 31,
110, -14, 82,
70, -26, 44,
98, 69, 64,
105, 15, 83,
99, -28, 112,
136, 52, 97,
88, -4, 37,
66, 18, 56,
54, 29, 36,
67, 32, 6,
106, 2, 50,
67, 62, 43,
92, 37, 46,
126, 37, 43,
86, -3, 75,
56, 42, 31,
26, 33, 46,
56, -3, 64,
81, 22, 61,
107, -46, 58,
71, 68, -1,
116, 48, 33,
85, 58, 71,
84, 12, 46,
85, -30, 67,
106, 28, 65,
78, 18, 94,
128, 11, 58,
53, 5, 7,
79, -18, 85,
93, 16, 34,
41, 6, 71,
57, 8, 34,
79, 19, 96,
72, 29, 89,
138, 3, 42,
122, 18, 1,
115, 63, 112,
77, 15, 14,
138, 66, 84,
110, 48, 42,
56, 49, 23,
77, 16, 139,
125, 22, 40,
107, -23, 67,
60, 2, 80,
97, 11, 33,
67, 16, 36,
132, -40, 74,
155, 58, 74,
75, 38, 51,
110, 20, 31,
66, 6, 38,
123, -42, 108,
136, 24, 50,
73, 33, 120,
81, 61, 92,
146, 1, 138,
145, 14, 25,
99, 29, 85,
92, 25, 50,
75, 46, 84,
83, 9, 23,
120, 65, 92,
85, 8, 8,
92, -40, 69,
140, 23, 42,
125, 11, -2,
115, 7, 139,
71, 20, 2,
98, 9, 116,
92, 42, 73,
131, 20, 93,
79, -13, 61,
98, 36, 27,
39, 13, 23,
75, 20, 59,
88, 21, 35,
115, 83, 31,
127, 0, 68,
74, 19, 9,
88, 58, 34,
78, 39, 61,
94, 17, 62,
69, -23, 59,
115, 36, 58,
103, 74, 45,
29, -31, 69,
125, 17, 68,
34, 13, 60,
29, 22, 23,
112, 70, 113,
89, 52, 62,
105, 48, 47,
91, 24, 60,
82, 6, 120,
116, 6, -10,
116, 46, 54,
123, 10, 75,
73, 35, 68,
98, -7, 15,
99, 8, 78,
74, 12, 32,
64, 46, 120,
95, -37, 54,
177, 50, 126,
66, 8, 72,
119, 12, 67,
94, 36, 61,
99, -9, 45,
87, 88, 82,
55, 8, 34,
103, 51, 20,
137, -20, 74,
111, 73, 57,
93, 44, 52,
73, 50, 62,
136, 65, 49,
100, 40, 73,
126, 2, 48,
122, -23, 67,
147, 18, 46,
38, 16, 89,
44, 2, 46,
102, 53, 27,
118, 24, 18,
147, 16, 66,
98, 40, 71,
99, -27, 64,
99, 26, 26,
92, -4, 67,
124, 12, 15,
136, 50, 68,
74, 20, 27,
136, 0, 17,
91, -24, 64,
108, 23, 83,
115, 56, 42,
116, 85, 76,
114, 30, 4,
119, 40, 61,
91, 2, 92,
96, 22, 104,
90, -15, 41,
183, -9, 45,
110, 3, 101,
111, -17, 139,
122, 65, 70,
138, -14, 92,
107, -6, 56,
97, 26, 80,
98, 4, 66,
102, 32, 76,
114, 64, 60,
108, 29, 67,
91, 24, 70,
94, 43, 46,
67, 22, 97,
95, -8, 59,
51, 42, 84,
105, 18, 79,
102, 7, 30,
109, 58, 36,
81, 44, 89,
119, -12, 73,
120, -3, 91,
86, 57, 56,
119, -12, 31,
160, 26, 59,
114, 24, 65,
111, 32, 26,
102, 22, 60,
109, -14, 58,
104, 10, 31,
132, 5, 74,
133, 36, 131,
92, 24, 52,
128, 33, 59,
91, 24, 88,
80, 40, 26,
134, 0, -12,
88, 33, 28,
82, 6, 97,
65, 79, 27,
105, -28, 73,
126, 72, 44,
62, 18, 25,
70, -8, 45,
101, 50, 17,
86, 36, 89,
103, 19, 29,
92, 14, -33,
75, 33, 62,
138, -54, 27,
97, 63, 110,
95, -13, 47,
122, 51, 50,
69, -14, 35,
89, -15, 74,
113, -9, 121,
114, -18, 22,
107, 30, 18,
94, 60, 66,
125, 30, 75,
109, 35, 48,
91, 22, 74,
125, 19, 42,
80, 16, 45,
89, 21, 74,
94, 60, 101,
95, -40, 31,
104, -24, 35,
148, 54, 44,
168, 18, 42,
80, -4, 66,
122, -8, 7,
107, -14, 50,
81, 31, 27,
115, 54, 23,
68, 45, 40,
81, 59, 61,
48, 13, 85,
134, 17, 39,
24, -2, 40,
133, 22, 15,
32, 72, 66,
53, 40, 75,
80, 64, 88,
69, 39, 30,
72, 12, 122,
74, -8, 74,
132, 10, 77,
78, 34, 79,
127, 32, 125,
62, 5, 78,
95, -15, 19,
102, 26, 48,
93, 7, 73,
118, 16, 117,
77, 26, 69,
133, 78, 57,
133, 42, 20,
134, 76, 79,
57, -12, 12,
104, 39, 18,
66, -6, 36,
112, 15, 54,
97, 18, 64,
65, 6, 31,
54, 23, 66,
82, -3, 77,
118, 49, 47,
110, 53, 122,
95, 10, 51,
140, 39, 95,
76, 19, 48,
107, 23, 50,
105, 63, 115,
65, 48, 36,
66, 88, 79,
103, 50, 127,
19, -34, 50,
133, 40, 21,
97, 5, 20,
134, 33, 30,
65, 16, 25,
82, 39, 50,
131, 4, 91,
98, -5, 47,
109, 33, 81,
102, -14, 76,
108, 6, 19,
72, 18, 90,
141, 22, 115,
127, 48, 31,
80, 18, 63,
72, -48, 61,
109, 57, 89,
61, -11, 63,
98, 16, 45,
129, 26, 93,
102, 49, 88,
117, -6, 52,
110, 60, 74,
124, -32, 73,
71, 6, 74,
149, 42, 68,
108, 13, 81,
109, 44, 95,
101, -23, 40,
128, 46, 105,
110, 25, 48,
110, 9, 13,
127, 61, 54,
80, 9, 17,
96, -10, 70,
131, 44, 79,
129, -29, 55,
76, 45, 6,
39, 39, 67,
127, 46, 91,
91, 9, 59,
147, 15, 72,
136, 52, 69,
110, 3, 67,
82, 37, 56,
146, -31, 82,
79, 65, 49,
74, 6, 35,
105, 20, 54,
86, 33, 64,
117, 59, 68,
65, -27, -14,
109, 53, 54,
152, 27, 66,
122, 24, 51,
71, 67, 45,
100, 7, 45,
77, 15, 106,
102, 26, 74,
40, 15, 50,
93, 6, 60,
120, 40, 63,
70, 55, 101,
105, -7, 52,
84, -1, 24,
141, 39, 65,
91, 22, 17,
62, -17, 29,
84, 38, 59,
101, -6, 84,
89, 28, 52,
73, -14, 37,
86, 36, 39,
79, 58, 54,
98, 27, 82,
106, 4, 53,
136, 2, 19,
124, 21, 59,
110, 13, 25,
78, -5, 59,
133, 36, 74,
88, 45, 92,
73, 46, 72,
145, 70, 62,
92, 21, 36,
123, 38, 72,
128, 5, 65,
108, -17, 55,
107, 49, 82,
87, -25, 87,
170, 25, 102,
93, -17, 81,
122, 8, 73,
84, 30, 48,
67, 15, 83,
112, 66, 73,
99, 47, 70,
94, 10, 93,
86, 15, 58,
105, -12, 72,
76, 26, 20,
112, 16, 97,
154, 24, 74,
77, -13, 41,
98, 34, 92,
107, 57, 108,
103, 14, 77,
60, 7, 101,
88, 7, 98,
81, 35, 73,
107, 14, 39,
138, -1, 45,
93, 54, 52,
86, 22, 31,
85, 11, 56,
93, 39, 67,
72, -20, 22,
126, -4, 66,
76, 60, 62,
96, 43, 103,
82, 17, 114,
101, 33, -5,
105, 30, 81,
100, -3, 91,
140, 39, 52,
106, 2, 39,
98, 45, 60,
103, -5, 66,
85, 55, 90,
137, 33, 98,
102, 35, 31,
106, 18, 101,
106, 44, 61,
105, 13, 84,
94, 40, 70,
111, 11, 95,
121, 2, 51,
85, 14, 14,
113, 25, 21,
48, 7, 51,
28, 12, 73,
138, 19, 80,
75, 31, 15,
104, 13, 75,
51, 36, 91,
105, 4, 109,
83, 60, 27,
102, 26, 54,
89, 12, -29,
122, 27, 30,
132, 58, 82,
89, 49, 113,
143, 42, 74,
89, 40, 67,
83, 6, 66,
50, 66, 76,
91, 21, 68,
92, 38, 12,
137, 49, 115,
57, 42, 35,
65, 23, 39,
148, 71, 63,
87, 41, 2,
135, 13, 54,
110, 25, 70,
97, 43, 102,
111, 36, 90,
132, 32, 20,
99, 14, 75,
152, 21, 35,
71, 13, 21,
70, 17, 105,
108, 50, 26,
113, 26, 55,
80, -6, 32,
100, 25, 72,
97, 3, 46,
99, 42, 107,
100, 21, 63,
79, -8, 63,
114, -9, 85,
44, 3, 85,
84, 15, 51,
79, 88, 97,
71, 17, 69,
61, 22, 91,
135, -18, 57,
99, 53, 51,
58, -11, 39,
88, 11, 86,
104, 5, 117,
99, 92, 86,
62, -9, 91,
148, 61, 51,
101, 32, 90,
88, 56, 42,
107, 4, 28,
100, 36, 72,
91, 20, 82,
137, 14, 39,
62, 28, 61,
43, 26, 39,
125, 14, 7,
101, -22, 97,
103, 56, 20,
55, 13, 34,
113, 44, 47,
97, 27, 58,
131, 38, 75,
136, 9, -8,
50, -5, 47,
144, 35, 85,
79, -32, -11,
74, -22, 22,
136, 35, 90,
104, -2, 56,
90, 15, 48,
102, 37, 37,
101, 15, 51,
102, 36, 43,
111, -22, 43,
66, -31, 26,
106, 57, 99,
137, 71, 74,
63, -6, 36,
74, 42, 61,
116, 13, 74,
93, 0, 24,
104, -4, 46,
108, 12, 73,
82, 40, 66,
107, 41, 33,
117, 62, 74,
88, -34, 58,
66, 56, 6,
88, 60, 134,
35, -5, 32,
108, 22, 4,
88, -14, 61,
108, 27, 108,
121, 8, 90,
89, 9, 40,
121, 4, 25,
93, 26, 71,
79, 10, 59,
118, 27, 100,
84, 7, 70,
125, 9, 87,
102, -1, 57,
103, 54, 80,
94, -9, 59,
97, 7, 72,
82, 21, 119,
91, 37, 51,
97, 51, 51,
63, 4, 6,
91, -6, 59,
144, -4, 77,
117, 45, 67,
109, 22, 47,
103, 41, 30,
99, 41, 46,
141, -2, 69,
114, 32, 51,
79, 37, 70,
97, -20, 50,
91, 2, 76,
72, 14, 82,
126, 30, 78,
122, 59, 46,
111, 18, 34,
83, 14, 50,
89, 27, 82,
110, 27, 118,
112, 27, 92,
108, 43, 75,
99, 13, 83,
96, 12, 33,
93, 28, 101,
119, 28, 74,
80, 64, 71,
85, 67, 16,
115, 2, 82,
93, 43, 35,
59, 7, 72,
62, 43, 105,
69, 25, 29,
68, 2, 54,
120, 8, 62,
100, 54, 56,
147, 32, 58,
99, 30, 15,
105, 78, 63,
120, 18, 71,
124, 48, 103,
109, 8, 85,
107, 23, 44,
134, 19, 80,
59, 7, -11,
131, 47, 42,
85, -36, 34,
88, 13, 69,
97, 52, 23,
98, 0, 59,
132, 17, 94,
96, 23, 59,
96, 41, 60,
73, 16, 24,
97, 28, 73,
122, 10, 91,
117, 48, 74,
128, 44, 27,
102, 16, 92,
124, 36, 90,
37, 27, 63,
51, 16, 37,
112, 18, 62,
112, 33, 80,
90, 60, 115,
74, 42, 47,
110, -2, 41,
41, 1, 67,
173, 19, 77,
105, 17, 73,
110, 29, 56,
112, 33, 99,
92, 37, 15,
104, 93, 104,
120, -10, 75,
95, -23, 7,
107, 27, 57,
135, -7, 111,
79, 61, 17,
119, 8, 88,
80, -2, 17,
71, 40, 32,
94, 5, 92,
69, 38, 103,
58, -25, 48,
137, 20, 105,
81, 23, 28,
86, 235, 81,
69, 54, 64,
133, 45, 72,
67, 2, 53,
99, 25, 131,
31, 40, 59,
94, 64, 68,
115, 37, 81,
126, 119, 36,
64, 42, 38,
31, 13, 61,
97, 10, 56,
108, 2, 45,
129, -15, 87,
117, -20, 77,
92, 58, 59,
169, 38, 60,
128, -1, 27,
93, 1, 34,
89, -13, 58,
102, 39, 96,
79, 44, 30,
121, 28, 35,
79, 13, 79,
123, 15, 74,
36, -11, 63,
83, 22, 63,
91, 59, 81,
105, -3, 59,
49, 33, 87,
92, 36, 33,
46, 46, 93,
31, 50, 34,
74, 40, 93,
32, 41, 16,
100, 6, 65,
132, 4, 122,
111, 15, 15,
40, 40, 20,
92, 34, 21,
93, -53, 51,
91, 5, 19,
96, 6, 68,
80, -35, 49,
86, 18, 64,
128, 76, 86,
108, 32, 59,
114, 63, 76,
126, 4, 24,
69, 3, 2,
81, 37, 38,
129, 41, 80,
107, -5, 64,
114, 27, 121,
53, -29, 55,
72, -27, 36,
104, 43, 92,
118, -4, 51,
125, 66, 46,
98, 40, 55,
63, 78, 64,
130, 61, 35,
118, 30, 43,
99, -4, 107,
112, 98, 65,
134, 3, 91,
118, 12, 88,
118, 47, 61,
98, 32, 32,
133, 8, 15,
137, 46, 70,
141, 11, 70,
66, 37, 94,
94, 29, 3,
134, 83, 48,
125, -38, 83,
90, 16, 60,
67, -35, 70,
96, 33, 35,
103, 65, 122,
96, 85, 80,
52, 31, 58,
69, -12, 37,
102, 35, 90,
106, 28, 14,
73, 7, 62,
85, 65, 42,
80, -41, 40,
92, -30, 9,
103, 17, 50,
125, 42, 71,
110, 40, 72,
115, 41, 109,
122, -227, 123,
102, 13, 67,
85, 38, 99,
89, 14, 84,
173, 27, 60,
86, 85, 67,
95, 17, 76,
103, 11, 32,
98, 42, 67,
163, -33, 53,
73, 41, 75,
126, 49, 22,
136, -6, 124,
65, 9, 56,
119, -7, 65,
97, 38, 32,
77, 57, 45,
80, 27, 79,
113, 37, 77,
70, 29, 77,
109, 17, 59,
78, -5, 88,
119, 21, -31,
100, 24, 92,
76, 26, 24,
94, -39, 45,
130, 66, 118,
69, 49, 85,
43, -8, 53,
32, 34, 61,
109, 69, 21,
74, 12, 60,
138, 17, 92,
60, 11, 48,
72, 60, 45,
121, 58, 47,
98, 15, 14,
93, 27, 54,
98, -16, 109,
114, -35, 40,
37, 22, 53,
54, 38, 68,
111, 32, 53,
86, 3, 42,
110, 39, 63,
85, 51, 96,
89, 12, -16,
73, 43, 87,
94, -9, 56,
123, 38, 34,
127, 37, 49,
73, 33, 72,
111, 9, 93,
88, 30, 59,
118, 60, 86,
79, 63, 55,
87, 57, 120,
112, 64, 120,
59, 53, -16,
152, 59, 71,
85, 52, 57,
62, 34, 45,
105, 9, 37,
53, 65, 54,
93, 15, 73,
91, 12, 60,
101, 40, 58,
114, 10, 59,
113, 19, 23,
137, 57, 37,
67, 14, 44,
114, 5, 13,
127, 23, 17,
85, 36, 37,
88, 43, 88,
71, -7, 64,
100, 10, 76,
100, 52, 76,
117, 27, 16,
109, 2, 86,
104, 37, 58,
125, 59, 98,
89, 46, 53,
132, -9, 58,
126, 18, 71,
91, 61, 79,
80, 50, 61,
88, 37, 42,
83, -22, 47,
77, 17, 51,
105, 25, 14,
145, 82, 116,
105, 8, 67,
116, 94, 56,
30, 23, 28,
89, 3, 95,
112, 41, 17,
107, 47, 46,
158, 53, 24,
80, 49, 39,
94, -1, 23,
97, 55, 27,
68, -4, 92,
105, 35, 63,
117, 39, 71,
116, 26, 55,
95, -5, 37,
88, 35, 87,
101, 13, 33,
85, 34, 102,
88, -16, 8,
125, 6, 93,
59, 20, 52,
97, 1, 17,
109, 79, 21,
91, 43, 20,
92, 45, 20,
89, 36, -11,
27, 30, 58,
132, 16, 86,
94, -5, 63,
94, -16, 49,
114, 5, 17,
95, 20, 50,
115, 46, 68,
101, 3, 39,
69, 51, 44,
105, 71, 57,
78, 46, -36,
107, 36, 121,
81, 8, 65,
111, 24, 54,
149, 18, 129,
100, 59, 104,
92, 2, 62,
54, 67, 61,
86, 50, 70,
110, 33, 50,
121, 69, 53,
60, 7, 67,
116, -39, 55,
91, 18, 65,
84, 11, 15,
100, 27, 56,
159, 56, 74,
80, 41, 97,
121, 41, 4,
102, 6, 77,
126, 10, 14,
106, -13, 89,
61, -6, 58,
109, 1, 61,
93, 32, 55,
110, 1, 41,
118, 60, 41,
128, 16, 62,
93, 14, 73,
73, 58, 37,
138, 46, 108,
77, 41, 103,
71, 53, -1,
146, 48, 60,
95, 25, 70,
66, -3, 48,
119, 14, 47,
159, 18, 130,
81, 2, 65,
106, 65, 68,
98, 18, 69,
99, 11, 9,
75, 36, 71,
61, -7, 38,
119, 14, 70,
80, 34, 83,
103, 45, 59,
102, 24, 54,
61, 6, 52,
106, 33, 76,
90, 32, 16,
126, 35, 47,
85, 42, 75,
145, 32, 49,
134, 66, 51,
101, -8, 0,
85, 61, 58,
97, 16, 45,
75, 24, 57,
105, -28, 26,
116, 1, 65,
124, 75, 67,
111, 53, 162,
101, 37, 32,
126, 8, 30,
44, 3, 34,
109, 29, 52,
53, -6, 38,
76, 23, 79,
108, -14, 38,
79, 43, 39,
96, 25, 91,
97, 9, 23,
131, 42, 22,
94, 40, 81,
118, 9, 68,
133, 55, 52,
132, 40, -10,
98, 57, 37,
102, 19, 68,
104, 18, 81,
105, 48, 64,
142, -7, 91,
99, -14, 86,
111, 30, 45,
114, 8, 63,
130, 51, 97,
139, 1, 111,
94, 47, 54,
114, 41, 49,
140, 36, 46,
84, 39, 56,
102, 32, 23,
143, 23, 79,
107, 1, 79,
76, 54, 57,
102, 5, 52,
89, 51, 86,
118, -3, 118,
95, -13, 50,
110, 22, 95,
72, 5, 72,
134, 53, 56,
117, 24, 94,
111, 29, 59,
109, -27, 102,
90, -2, 31,
82, 16, 25,
99, -27, 20,
128, 79, 94,
58, 42, 46,
78, 2, 68,
61, 16, 68,
100, 72, 117,
69, 12, 20,
82, 26, 68,
55, 0, 34,
107, 49, 61,
108, 63, 74,
114, 28, 44,
80, -11, 79,
111, -1, 92,
99, 6, 43,
122, 8, 86,
97, 40, 59,
75, 44, 34,
59, 61, 28,
123, 58, 54,
115, 18, 12,
113, -7, 41,
131, 45, 64,
89, -19, 60,
145, -2, 29,
92, 61, 21,
101, 40, 86,
115, -252, 8,
117, 15, 64,
71, 27, 58,
108, 29, 60,
142, 60, 112,
136, 67, 79,
108, 81, 98,
86, 37, 16,
119, 48, 75,
145, 4, 60,
101, -18, 36,
92, -10, 53,
96, 44, 45,
100, 50, 49,
100, 0, 6,
100, 22, 78,
89, -20, 83,
114, 19, 106,
71, 53, 53,
42, 25, 101,
129, 40, 49,
136, 13, 83,
74, 61, 66,
77, -3, 44,
86, -5, 79,
40, 13, 42,
89, 10, 75,
122, 28, 33,
55, 27, 25,
171, 30, 83,
92, 3, 91,
107, 27, 38,
118, 27, 25,
105, 66, 65,
85, 18, 38,
130, 27, 49,
42, 30, 54,
125, 30, 74,
111, 41, 3,
54, 28, 15,
74, -3, 15,
109, 3, 94,
104, 53, 62,
57, -31, 35,
42, 36, 39,
82, 12, 65,
86, -1, 48,
111, 32, 54,
139, 7, 54,
125, 18, 40,
119, 58, 81,
112, 13, 30,
40, 69, 68,
94, 27, 85,
113, -9, 119,
87, 26, 61,
83, 30, 54,
93, 32, 59,
111, 68, 68,
99, -23, 53,
57, -11, 6,
142, 50, 87,
80, 29, 2,
144, 32, 33,
130, 68, 158,
65, -41, 44,
125, 8, 103,
83, 54, 51,
111, 69, 75,
94, 61, 58,
109, 26, 100,
65, -29, 36,
77, 0, 76,
121, -4, 67,
85, 34, 65,
74, 20, 46,
84, 35, 53,
58, 9, 89,
95, -24, 36,
140, 46, 50,
75, 25, 38,
97, 2, 58,
126, 17, 88,
105, 52, 103,
49, -8, 93,
115, 5, 100,
126, 30, 45,
128, -26, 38,
100, 44, 34,
99, 24, 51,
130, 24, 132,
91, 36, 20,
94, -9, 15,
132, 68, 92,
118, 36, 69,
69, 52, 65,
117, -13, 74,
87, 13, 74,
70, 16, 71,
75, 20, 77,
63, 34, 35,
97, 7, 26,
122, 58, 84,
129, 21, 88,
65, 3, 32,
110, 32, 47,
62, -63, 2,
109, 28, 46,
68, 13, 6,
115, 57, 13,
68, 42, 67,
113, 4, 94,
101, 31, 90,
103, 23, 78,
65, 32, 48,
135, -7, 94,
103, 17, 74,
97, 16, 44,
120, 18, 79,
107, 4, 56,
77, 36, 125,
77, -9, 2,
80, -18, 16,
109, 44, 83,
104, 23, 30,
83, 48, 60,
74, 26, 67,
110, -1, 32,
73, 22, 24,
116, 16, 107,
55, 41, 72,
114, 63, 90,
106, 15, 21,
75, 53, 90,
103, 76, 20,
109, 14, 15,
43, -4, 47,
118, 29, 17,
116, 28, 39,
47, 47, -22,
85, 49, 112,
126, 7, 47,
96, 51, 47,
112, 5, 78,
139, -2, 87,
79, 4, 56,
118, 15, 58,
102, 46, 83,
75, 8, 37,
109, 13, 79,
114, -7, 97,
93, 64, 110,
99, 2, 43,
82, 28, 76,
115, 41, 15,
18, 35, -26,
46, 26, 82,
114, 7, 42,
113, 26, 33,
32, 65, 32,
106, 25, 83,
114, 12, 54,
92, 49, 64,
84, 45, 34,
118, 42, 71,
109, 93, 62,
149, 9, 75,
121, -13, 50,
84, 55, 38,
89, 14, 32,
99, 38, 12,
65, 10, 73,
91, 39, 39,
90, 32, 103,
103, 97, 69,
92, -11, 79,
93, 21, 33,
108, 36, 74,
153, 68, 66,
69, 27, 57,
67, 26, 13,
73, 39, 63,
129, 23, 44,
83, -11, 49,
90, 58, 109,
64, -9, 56,
119, -8, 23,
103, 24, 101,
113, 35, 14,
120, 15, 45,
53, 46, 73,
133, -9, 95,
105, 52, 38,
82, 55, 27,
70, 12, 79,
106, 4, 51,
80, 37, 89,
144, -2, 94,
102, -1, 71,
85, 36, 83,
90, 6, 2,
102, 31, 80,
150, 62, 107,
120, -2, 20,
99, 66, 67,
84, 44, 66,
88, 43, 128,
97, 26, 69,
92, 17, 52,
82, 1, 68,
95, 27, 84,
71, 42, 39,
79, 61, 59,
84, -10, 37,
71, 6, 60,
111, 41, 60,
88, 24, 73,
99, 48, 90,
52, 26, 63,
124, -18, 25,
57, -3, 36,
68, 17, 85,
116, -11, 17,
67, 64, 85,
113, -9, 85,
142, 38, 77,
114, 62, 45,
96, 31, 94,
103, 70, 18,
103, 37, 49,
69, 26, 28,
115, 20, 64,
131, 26, 77,
125, 21, 81,
111, 59, 53,
64, 20, 53,
104, 48, 78,
41, -30, 24,
116, 31, 68,
78, 64, 76,
72, -2, 35,
28, 22, 95,
135, 14, 46,
114, -40, 12,
91, 12, 64,
119, 16, 33,
69, -40, 85,
82, 47, 91,
90, 19, 78,
114, 39, 59,
48, 48, 111,
82, -8, 32,
133, 12, 35,
108, 35, 51,
106, 30, 86,
121, 43, 68,
68, 58, 37,
82, 64, 95,
55, -13, 10,
79, 17, 32,
78, 3, 105,
63, 29, 78,
106, 63, 70,
119, 68, 56,
135, 40, 37,
87, 28, 35,
100, 15, 59,
81, 33, 32,
125, 47, 76,
119, 10, 40,
110, 47, 23,
64, 29, 80,
72, 9, 40,
85, -12, 84,
100, 32, 95,
72, 47, 96,
95, -1, 100,
85, 67, -8,
33, 1, 42,
75, 59, 90,
116, 7, 65,
90, 36, 32,
130, 27, 73,
88, 64, 121,
78, 22, 63,
93, 6, 58,
121, 4, 69,
95, -2, 98,
93, 19, 37,
103, 0, 78,
89, 15, 9,
79, 4, 52,
86, -12, 94,
114, 37, 42,
158, 66, 37,
109, 52, -21,
98, 27, 106,
105, 1, 59,
131, 49, 80,
98, 25, 34,
125, 27, 53,
152, 10, 110,
71, 12, 35,
98, 5, 79,
106, 64, 132,
112, 82, 26,
79, 36, 43,
83, 62, 47,
53, -38, 53,
67, 19, 67,
133, -7, 58,
92, 47, 105,
113, 30, 5,
116, 68, 110,
76, 63, 11,
84, 24, 48,
71, 47, 84,
77, 55, 50,
98, -22, 4,
140, 10, 83,
112, 3, 101,
94, 50, 39,
105, -27, 65,
98, 18, 82,
145, -11, 54,
68, 19, 46,
96, 18, 104,
74, 80, 101,
93, 24, 47,
88, 39, 51,
62, 66, 22,
72, 6, 26,
80, 7, 87,
100, 71, 93,
99, 49, 73,
102, 11, 17,
71, 34, 68,
126, 42, 63,
118, 34, 72,
141, 23, 3,
134, 23, 86,
122, 33, 96,
106, 44, 98,
126, -13, 56,
182, 24, 47,
97, 54, 45,
115, 30, 25,
91, -18, 74,
141, 61, 79,
90, 29, 58,
34, 55, 46,
140, 55, 51,
64, 63, 62,
106, 48, 48,
102, -9, 31,
86, -33, 35,
122, 23, 81,
64, -1, 107,
103, 20, 15,
98, 43, 73,
102, 54, 67,
128, 67, 63,
74, 5, 28,
59, 10, 75,
140, 35, 57,
93, 81, 61,
124, -22, -10,
76, 1, 57,
108, 8, 58,
112, 24, 90,
127, 21, 44,
108, 44, 71,
100, 21, 40,
141, 27, 60,
122, 5, 58,
117, 28, 70,
106, 40, 41,
68, 26, 29,
141, 39, 39,
137, 35, 35,
73, 28, 56,
105, -9, 76,
92, 31, 49,
94, 63, 44,
120, 29, 4,
59, 33, 59,
118, 83, 44,
123, 5, 93,
115, 8, 96,
81, 2, 68,
81, 21, 142,
112, 79, 33,
41, -21, 43,
110, -29, 68,
82, 38, 57,
88, 12, 76,
78, 12, 32,
113, 59, 35,
95, 27, 70,
113, 4, 66,
132, 28, 78,
70, 28, 60,
95, 39, 90,
102, 11, 105,
96, 34, 74,
54, 42, 36,
27, 24, 31,
108, -8, 58,
106, 33, 76,
87, -34, 60,
108, 64, 95,
91, -8, 20,
82, 31, 122,
91, 27, 58,
97, 69, 141,
76, 41, 79,
159, 57, 104,
112, 21, 34,
105, 28, 11,
64, 104, 57,
141, 61, 82,
124, 11, 51,
90, 49, 88,
83, 30, 56,
133, 94, 43,
71, 29, 39,
103, 24, 0,
102, 29, -6,
109, 106, 88,
77, -4, 83,
111, -34, 68,
118, 47, 139,
61, 66, 40,
104, 22, 108,
99, 12, 55,
57, 1, 122,
114, -7, 30,
123, 18, -19,
85, 7, 85,
124, 13, 93,
116, -9, 68,
48, -13, 61,
80, 95, 128,
94, -22, 62,
93, -1, 95,
35, 24, 62,
61, 19, 52,
113, 62, 68,
106, 46, 56,
83, 2, 48,
101, 65, 79,
101, 16, 24,
56, 10, 92,
92, 9, 52,
68, -14, 74,
67, -21, 65,
113, 61, 55,
123, 17, 3,
94, -7, 10,
84, 7, 77,
127, 34, 81,
94, -15, 95,
122, 9, 62,
72, 15, 58,
92, 39, 54,
124, 6, 33,
134, 26, 36,
105, 14, 75,
146, 84, 95,
95, 30, 66,
76, 32, 74,
121, 43, 62,
115, 49, 43,
125, 3, 55,
113, 42, 79,
105, 36, 30,
124, -20, 74,
113, 32, 24,
64, 33, 96,
85, 22, 81,
124, 43, 66,
128, -10, 43,
160, 75, 37,
70, 8, 50,
70, 13, 37,
63, 29, 45,
101, 62, 59,
103, 41, 23,
110, 41, 53,
69, -20, 77,
77, 83, 76,
63, 42, 64,
76, 6, 72,
119, 58, 37,
95, 3, 10,
109, 33, 62,
75, 0, 32,
111, 21, 106,
84, 24, 63,
74, 3, 21,
96, 66, 100,
76, 70, 61,
60, -7, 22,
41, 28, 91,
112, 48, 63,
102, 8, 39,
112, 14, 52,
95, 17, 64,
109, 43, 8,
75, 1, 70,
100, 18, 65,
105, 14, 75,
66, -8, 12,
144, -4, 54,
110, 13, 78,
127, 30, 39,
118, 15, 79,
66, 44, 106,
100, -41, 14,
66, 23, 84,
112, 33, 61,
116, 25, 97,
130, 50, 26,
76, 76, 95,
112, 65, 33,
77, 6, 120,
125, 83, -10,
77, 77, 72,
67, 34, 67,
83, 11, 85,
126, 29, 35,
106, 2, 78,
70, 31, 78,
55, 53, 12,
104, -8, 102,
109, 44, 71,
107, 1, 41,
47, -14, 124,
81, 51, 80,
108, -14, 62,
119, 27, 96,
113, 16, 72,
88, -21, 24,
125, 33, 74,
93, 19, 46,
74, 24, 87,
141, 105, 55,
102, 56, 70,
143, -21, 27,
85, -16, 51,
95, 14, 128,
100, 72, 53,
117, 30, 40,
94, 33, 79,
88, 19, 92,
67, -3, 67,
116, 54, 91,
113, 33, 82,
86, 32, 40,
114, 55, 50,
113, 12, 87,
57, 4, 52,
119, 71, 74,
79, 7, 54,
121, 21, 66,
59, 15, 52,
51, 37, 20,
148, 50, 41,
97, 51, 64,
108, 56, 71,
122, 24, 41,
69, 29, 1,
122, 34, 65,
98, -21, 16,
102, 6, 56,
116, 1, 38,
88, 46, 39,
98, 43, 69,
88, 27, 78,
55, -14, 73,
107, 53, 98,
91, -13, 56,
87, 0, 97,
74, 57, 76,
113, -252, 90,
59, -12, 80,
119, 17, 86,
127, 23, 51,
145, -12, 62,
23, 40, 67,
96, 17, 40,
92, -14, 45,
151, 37, 100,
92, 47, 57,
76, 38, 65,
114, -10, 115,
119, 52, 44,
126, -7, 60,
49, 8, 12,
88, 32, 49,
136, -7, 89,
137, 39, 33,
81, 0, 74,
114, 78, 54,
76, -6, 55,
110, -34, 85,
120, 48, 43,
97, 28, 51,
129, -12, 43,
97, 25, 85,
73, -4, 71,
103, 15, 44,
97, -3, 42,
143, 51, 47,
69, 35, 82,
92, 4, 47,
79, 4, -7,
101, -2, 27,
76, 0, 82,
133, 39, 76,
105, 5, 70,
87, 25, 33,
136, -21, 42,
80, 37, 115,
113, 16, 38,
53, 24, 41,
95, 27, 33,
70, -29, 28,
133, 55, 41,
90, -2, 57,
85, 30, 19,
144, 26, 73,
70, 13, 95,
84, 27, 59,
138, 19, 59,
126, 17, 72,
51, 43, 36,
121, 24, 35,
146, 74, 61,
85, 29, 14,
74, 9, 87,
96, 22, 88,
69, 38, 62,
70, 20, 22,
132, 2, 93,
115, 57, 34,
105, -25, 47,
66, -9, 50,
122, 28, 91,
97, -8, 51,
82, 56, 55,
60, 33, 87,
66, 18, 47,
168, 55, 62,
102, 50, 118,
117, 19, 45,
111, 24, 31,
116, 6, 25,
110, 1, 22,
62, -13, 100,
127, 14, 109,
105, 62, 35,
97, 27, 52,
89, 21, 91,
98, 58, 95,
134, 19, 28,
88, -7, 123,
81, 4, 90,
122, 52, 73,
102, -1, 98,
92, 36, 63,
110, 32, 92,
76, 25, 55,
104, -12, 70,
99, -3, 93,
125, 54, 91,
104, -27, 10,
101, 71, 30,
73, 54, 100,
58, -19, 79,
116, 81, 84,
135, 70, 52,
102, -7, 43,
129, 25, 52,
98, -21, 62,
93, 48, 46,
83, 32, 86,
129, 42, 14,
119, 14, 36,
156, 41, 75,
106, 61, 88,
86, 10, 49,
81, 62, 69,
73, 57, 93,
85, -13, 79,
80, 41, 24,
103, 33, 87,
105, 20, -8,
106, 42, 68,
73, 11, 93,
91, -8, 81,
37, 22, 60,
97, -10, 79,
77, 28, 92,
78, 3, 51,
68, -5, 69,
94, 11, 71,
110, 43, 10,
80, 17, -2,
83, -11, 81,
70, 34, 20,
66, 28, 40,
51, 15, 54,
137, 9, 51,
86, 56, 27,
89, 41, 66,
77, -7, 43,
61, 66, 149,
131, 39, 67,
81, 64, 46,
132, 6, 51,
162, -6, 64,
56, 43, 44,
90, 41, 44,
82, 19, 78,
56, 3, 38,
90, 36, 18,
88, 12, 2,
92, -24, 78,
79, 48, 52,
142, 29, 19,
115, 32, 43,
92, -16, 82,
62, 59, 117,
101, 33, 62,
104, 40, 13,
108, 43, 70,
112, 33, 77,
105, 46, 78,
125, 20, 56,
92, -6, 45,
94, 31, 82,
101, 25, 46,
92, 40, 70,
61, 27, 41,
91, 8, 41,
96, 19, 82,
70, 53, 66,
85, 12, 40,
107, -6, 43,
105, 56, 82,
95, 20, 87,
139, 31, 90,
82, -23, -13,
95, 3, 77,
61, 10, 82,
69, -17, 37,
86, -12, 62,
99, 25, 47,
53, 9, 55,
83, -6, 74,
99, 7, 50,
94, 52, 37,
82, 34, 50,
125, 18, 59,
108, 67, 16,
128, 62, 23,
86, 22, 26,
112, -7, 97,
117, 28, 25,
71, 20, 5,
123, 14, -6,
86, 51, 123,
130, 49, 80,
114, 22, 60,
79, -12, 61,
104, 10, 90,
89, 17, 60,
73, 38, 45,
86, 83, 74,
83, 5, 79,
109, -12, 46,
92, -1, 67,
91, 56, 103,
67, 31, 107,
76, -10, 72,
63, 43, 69,
72, 17, 28,
130, 80, 82,
81, 24, 48,
107, -8, 22,
88, -23, 47,
73, 57, 75,
83, 61, 33,
79, 46, 86,
143, 25, 66,
64, 27, 11,
124, 63, 37,
77, 34, 69,
79, 29, 44,
87, 15, 96,
93, 72, 148,
95, 42, 67,
103, 16, 42,
139, -20, 33,
71, 53, 29,
81, 21, 50,
79, -23, 54,
82, 7, 104,
76, 46, 52,
52, 22, 49,
113, 40, 92,
111, -20, 67,
97, -17, 21,
94, 45, 59,
98, 37, 102,
85, 17, 52,
119, 20, 72,
99, 41, 70,
109, 11, 129,
92, 20, 39,
129, -5, 109,
93, 13, 101,
106, -20, 91,
92, -16, 53,
75, 29, 73,
84, -34, 47,
123, -17, 48,
119, 21, 60,
45, 31, 84,
106, 39, 93,
82, 39, 71,
45, -28, 88,
56, 36, 73,
91, 64, 44,
100, 19, 108,
87, 19, 22,
31, 56, 30,
85, 13, 83,
68, 22, 39,
100, 101, 103,
104, -3, 106,
67, -5, 64,
109, 9, 57,
61, 10, 38,
92, 11, 57,
120, 55, 2,
41, 0, 76,
76, 41, 82,
117, 28, 66,
80, -17, 81,
148, 16, 37,
111, 41, 74,
63, -13, 28,
117, 34, 99,
75, -2, 61,
131, 57, 47,
81, 13, 96,
81, 37, 97,
141, 58, 37,
157, 21, 8,
108, 37, 70,
68, 34, 46,
88, -36, 28,
144, 21, 97,
94, -12, 81,
98, 42, 12,
107, 37, 25,
117, -4, 30,
112, 19, 48,
117, 65, 54,
88, 49, -28,
74, -8, -10,
120, 0, 56,
50, -24, 43,
119, 37, 61,
118, 53, 59,
65, 73, 50,
121, -11, 63,
116, 32, 78,
98, 21, 82,
80, 36, 58,
69, -10, -10,
167, 24, 79,
88, -11, -9,
90, 21, 47,
124, 36, 29,
89, 16, 28,
82, 16, 57,
132, 43, 9,
107, 22, 22,
108, 51, 119,
54, 32, 7,
86, 54, 80,
113, 51, 69,
120, -9, 27,
116, 34, 100,
106, 32, 13,
77, -14, 72,
95, 24, 34,
64, 37, 21,
91, -10, 32,
130, 45, 106,
122, 54, 65,
87, 63, 59,
89, 13, 94,
72, -30, 89,
138, 37, 97,
69, 45, 116,
118, 24, 16,
85, -5, 89,
108, -6, 60,
101, 23, 84,
84, 4, 74,
121, 59, 62,
106, 7, 41,
113, 58, 21,
91, 36, 69,
134, 62, 51,
80, 31, 36,
93, -2, 40,
86, 20, 22,
94, 54, 48,
112, 17, 58,
80, -12, 87,
125, 69, 32,
112, 0, 116,
74, -14, 13,
60, 28, 77,
112, 41, 93,
120, 30, 38,
72, 52, 66,
80, -57, 41,
113, -18, 60,
77, -14, 19,
111, 37, 72,
21, -12, 62,
109, 51, 80,
109, -27, 84,
120, -1, 74,
87, -1, 65,
73, 4, 25,
94, 30, 64,
106, 54, 103,
105, -13, 3,
134, 42, 48,
46, 39, 57,
119, 4, 86,
122, 48, 48,
91, -23, 42,
73, 6, 43,
86, 26, 79,
108, 28, 69,
59, 67, 80,
84, 46, 35,
69, 4, 41,
67, 18, 25,
104, 14, 76,
90, 36, 58,
116, -5, 45,
94, 46, 6,
113, 24, 37,
140, 15, 54,
94, 17, 55,
102, 25, 67,
64, 37, 62,
105, -27, 51,
106, 4, 25,
59, -2, 132,
124, 2, 67,
147, 27, 99,
110, 11, 89,
126, 58, 56,
117, 37, 33,
41, 12, 40,
66, 19, 0,
70, -24, 115,
123, 25, 6,
91, 46, 31,
84, 33, 62,
74, 55, 27,
83, 49, 14,
113, 47, 41,
173, 51, 36,
154, 45, 57,
110, -4, 1,
85, 27, 46,
103, 45, 80,
145, 76, 74,
117, -64, 51,
98, 63, 90,
109, 9, 24,
100, 25, 76,
63, -22, 39,
102, 36, 25,
91, 68, 83,
123, 37, 69,
98, 44, 95,
141, 62, 94,
92, -23, 42,
110, 23, 75,
90, -24, 80,
74, 12, 60,
63, 25, 42,
116, 37, 62,
140, 62, 43,
62, -7, 94,
86, 26, 15,
99, 65, 68,
111, 26, 58,
125, 33, 35,
47, 72, 57,
53, 10, 54,
73, 56, 99,
108, 11, 51,
105, 19, 151,
125, 4, 85,
140, 42, 118,
136, 17, 89,
107, -27, 94,
107, 62, 16,
86, 46, -1,
96, 44, 14,
93, 11, 3,
117, 34, 102,
123, 52, 48,
96, 10, 18,
118, 57, 35,
121, -2, 43,
125, 100, 85,
91, 18, 64,
73, 8, -16,
52, 71, 70,
139, 18, 15,
66, -5, 39,
89, 49, 83,
81, 110, 20,
81, 24, 60,
74, 29, 30,
124, 28, 98,
95, 25, 95,
120, -38, 82,
107, 26, -5,
164, 47, 40,
87, -10, 95,
101, 68, -6,
108, 17, 62,
78, 39, 55,
106, 19, 116,
78, 3, -22,
67, 34, 43,
149, 24, 30,
107, 25, 35,
133, -15, 49,
92, 42, 87,
87, 38, 67,
139, -37, 26,
102, -10, 31,
117, 26, 45,
149, 77, 79,
164, 41, 92,
83, 25, 75,
106, 67, 91,
58, 10, 78,
95, 35, 58,
89, 38, 44,
71, 25, 45,
85, 31, 51,
47, 7, 55,
119, 31, 98,
27, 31, 68,
110, 0, 64,
75, 32, 84,
83, 15, 54,
126, 17, 25,
104, 59, 95,
155, -5, 64,
111, 69, 92,
87, 62, 52,
90, 59, 51,
97, 23, 116,
89, 4, 66,
123, 2, 65,
81, 17, 82,
94, 19, 59,
115, 46, 99,
74, 14, 13,
67, 20, 13,
119, 20, 48,
91, 41, 6,
101, 29, 61,
66, 42, 100,
143, 15, 23,
92, -18, 66,
94, 57, 44,
66, -9, 69,
105, 42, 61,
78, 24, 76,
100, -1, 40,
64, 1, 82,
70, 19, 62,
21, 11, 95,
135, 58, 48,
103, 47, 48,
109, 8, 34,
160, 29, 25,
96, -9, 112,
83, 36, 75,
81, 47, 58,
137, 10, 65,
35, -235, 18,
104, 37, 37,
141, 52, 31,
69, -12, 71,
105, 36, 42,
92, 25, 85,
97, -5, 54,
53, 45, 70,
25, 5, 1,
113, -9, 20,
134, 31, 44,
142, 25, 148,
71, -26, 20,
60, -4, 73,
105, -29, 28,
112, 15, 32,
102, 2, 88,
89, 8, 75,
103, 34, 81,
84, 0, 83,
128, 53, 17,
109, 46, 48,
174, 3, 85,
91, -15, 23,
67, 40, 20,
104, 2, 65,
95, 28, 80,
151, 44, 80,
95, 29, 42,
66, 18, 71,
106, 41, 29,
89, -12, 11,
113, 25, 68,
87, -5, 81,
127, 35, 71,
118, 26, 65,
101, 0, 47,
62, -7, 52,
81, 38, 49,
98, -6, 54,
59, 10, 45,
99, 49, 80,
132, 34, 7,
105, 81, 41,
94, 61, 81,
94, 18, 95,
80, 31, 92,
74, -24, 83,
130, 51, 64,
101, -20, -6,
52, 14, 74,
161, 37, 80,
113, 45, 73,
97, 57, 72,
107, 29, 98,
96, 31, 56,
119, -6, 64,
90, 35, 30,
99, 45, 40,
97, 13, 71,
76, 77, 64,
79, 51, 37,
121, -10, 61,
117, 22, 68,
61, 23, 47,
84, -45, 41,
88, 36, 41,
63, 12, 108,
68, -13, 71,
148, 31, 69,
55, 33, 16,
81, 0, 89,
100, 3, 95,
85, 64, 96,
96, 84, 45,
113, 13, 71,
150, 25, 28,
79, -5, 42,
147, 23, 75,
86, 2, 62,
124, -22, 73,
126, 40, 85,
66, -3, 45,
69, 17, 64,
93, 15, 40,
126, 1, 77,
67, 15, 33,
92, 63, 87,
60, 32, 57,
97, 23, 31,
100, 24, 87,
79, 61, 59,
106, -32, 83,
111, -5, 79,
30, 15, 92,
104, 36, 57,
62, 36, 26,
88, 32, 87,
83, 10, 6,
140, 21, 43,
93, 3, 78,
102, -16, 55,
97, 41, 26,
97, -5, 34,
89, 25, 85,
82, 46, 46,
116, 41, 35,
116, 62, 19,
57, 23, 131,
29, 1, 26,
134, -4, 70,
62, 27, 101,
78, 23, 86,
128, 10, 84,
106, 12, 45,
93, 23, 19,
142, 27, 4,
98, 32, 75,
76, -10, 42,
100, 32, 39,
71, -5, 44,
109, -12, 87,
69, -2, 87,
101, 20, 98,
73, 16, 66,
45, 36, 75,
74, -4, 69,
119, 51, 87,
169, 44, 3,
87, -9, 68,
80, 18, 64,
104, 6, 43,
82, 34, 113,
100, 23, 47,
105, 67, 86,
139, 4, 50,
98, 33, 80,
71, 20, 28,
75, 4, 75,
84, 58, 79,
120, 6, 37,
58, 37, 65,
105, 26, 110,
75, 13, 53,
99, 43, 112,
92, 66, 99,
84, 8, 77,
57, 20, 73,
93, -25, 81,
117, 52, 59,
44, 15, -12,
94, 41, 72,
52, -9, 83,
108, -6, 59,
78, 35, 63,
98, 69, 64,
109, 12, 29,
147, 46, 54,
95, 59, 29,
118, 23, 54,
99, -39, 86,
99, 10, 82,
103, 28, 100,
146, 50, 124,
95, 46, 70,
105, 36, 40,
120, -29, 66,
129, 73, 66,
134, 48, 72,
94, 20, 71,
79, -16, 88,
110, 20, 71,
92, 23, 46,
109, 51, 34,
65, 24, 62,
126, 54, 46,
138, 34, 52,
78, 34, 56,
102, 44, 37,
93, 90, 76,
106, 46, 60,
68, 41, 46,
129, 54, 62,
97, 32, 61,
64, -17, 43,
92, -22, 15,
61, 36, 41,
84, 15, 89,
95, 41, 47,
95, 35, 88,
120, 42, 90,
65, -3, 60,
109, -24, 13,
125, 56, 60,
71, 15, 33,
90, -3, 16,
95, 46, 56,
66, 15, 4,
92, -7, 34,
96, 25, 27,
102, 13, 46,
105, 26, 41,
79, -17, 68,
111, 32, 92,
74, 48, 32,
124, 2, 33,
79, 35, 72,
150, 58, 61,
155, -6, 46,
80, 12, 92,
103, 40, 90,
101, 53, 43,
94, 3, 30,
93, -10, 73,
81, -16, 38,
55, 83, 94,
95, -4, 69,
89, 31, 75,
126, 61, 13,
85, 55, 77,
124, 51, 83,
114, 13, 71,
123, 33, 86,
103, 38, 30,
115, -15, 81,
168, 49, 79,
91, -45, 67,
142, 74, 61,
85, 6, 38,
115, 31, 29,
67, 31, 70,
99, 3, 91,
82, 36, 72,
145, 60, -17,
87, -16, 40,
54, -7, 55,
78, -6, 48,
107, 48, 86,
87, 66, 25,
104, 64, 43,
89, -14, 43,
88, 37, 57,
103, -1, 73,
88, 16, 68,
86, 59, 101,
87, -6, 23,
69, 28, 47,
123, 12, 102,
136, 47, 79,
41, 49, 79,
74, 57, 66,
40, -13, 39,
91, 19, 64,
56, -15, 45,
100, 0, 52,
69, 7, 39,
91, 17, 97,
40, 19, 32,
114, 41, 85,
144, 69, 64,
96, 3, 46,
51, 50, 21,
146, 13, 84,
149, -240, 9,
167, 32, 34,
83, 41, 86,
81, 0, 81,
85, 38, 56,
96, -19, 5,
117, 47, 59,
63, 50, 30,
132, 18, 88,
73, 27, 97,
97, 29, 21,
81, 7, -3,
130, 72, 103,
105, 9, 49,
77, 43, 55,
62, -5, 16,
147, 26, 39,
110, 58, 51,
114, 78, 85,
133, 38, 55,
109, -4, 45,
114, 26, 99,
100, 53, 57,
98, -27, 47,
99, 50, 42,
143, -24, 33,
121, 30, 74,
119, 54, 50,
91, 59, 128,
108, -16, 62,
56, 5, 108,
69, 38, 43,
74, 67, 52,
109, 0, 58,
99, 11, 60,
122, 48, 90,
119, 13, 50,
79, -4, 18,
63, -13, 71,
127, 4, 40,
85, 0, 35,
84, 32, 89,
63, 15, 90,
79, 6, 88,
97, 53, 61,
108, -33, 54,
110, 64, 94,
104, 21, 41,
121, 37, 53,
103, 23, 110,
131, 30, 102,
79, 63, 107,
90, 32, 86,
120, 39, 126,
92, 1, 27,
94, -17, 67,
123, 41, 148,
124, 7, 35,
84, 44, 87,
109, 26, 71,
83, 62, 42,
121, 56, 89,
90, 2, 53,
79, -2, 29,
106, 42, 79,
78, 30, 94,
115, 8, 1,
81, 33, 58,
87, -8, 109,
48, 40, 29,
60, -19, 82,
84, 34, 46,
110, 19, 113,
136, -7, 80,
50, 10, 74,
130, 24, 56,
57, 3, 32,
90, 57, 89,
99, 12, 128,
88, 2, 79,
73, 45, 54,
50, 94, 19,
74, 34, 41,
61, -28, 67,
151, 10, 64,
110, 30, 61,
74, 53, 73,
72, -21, 62,
88, -3, 25,
71, 20, 67,
58, -1, 33,
123, -12, 36,
135, 56, 100,
98, -3, 38,
129, 82, 26,
130, 45, 70,
90, 38, 73,
117, 10, 59,
92, 17, 30,
105, 12, 75,
101, 42, 50,
115, 15, 78,
88, 9, 20,
87, 19, 102,
130, 5, 92,
98, -13, 16,
77, -10, 11,
63, 8, 64,
106, 14, 115,
81, 26, 61,
54, -2, 30,
71, 55, 17,
132, 57, 87,
77, -21, 65,
142, 43, 64,
100, 43, 78,
105, 8, 56,
111, 14, 65,
103, 20, 66,
67, 4, 71,
125, -5, 72,
107, 0, 98,
116, 12, 57,
96, 34, 26,
120, 48, 122,
89, -4, 17,
56, 13, 42,
144, 64, 6,
86, -3, 40,
75, 20, 9,
145, 31, 27,
59, 16, 105,
82, 26, 67,
116, 38, 70,
104, 30, 46,
35, -5, 55,
151, 59, 102,
69, 25, 48,
64, -16, 34,
101, 31, 80,
81, -21, 39,
105, 44, 97,
101, 23, 62,
85, -23, 41,
102, 3, 71,
122, 45, 47,
76, -9, 7,
79, 16, 15,
84, 33, 70,
98, -2, 54,
91, 3, 75,
65, 48, 34,
119, 45, 3,
79, -7, -4,
108, 60, 73,
97, 34, 45,
93, 16, 42,
77, 66, 82,
112, 33, 74,
98, 18, 88,
69, 9, 54,
122, 78, 103,
123, 4, 83,
43, 3, 12,
96, 30, 61,
70, 15, 97,
109, 54, 22,
76, 59, 65,
109, 2, 88,
84, 37, 97,
126, 46, 52,
80, 15, 57,
148, -9, 103,
91, 42, 34,
73, 20, 84,
88, 51, 23,
57, 18, 74,
80, 45, 52,
125, 32, 54,
111, -8, 72,
84, 64, 74,
75, 10, 62,
137, 50, 94,
83, 39, 99,
66, 32, 47,
88, 48, 68,
88, 18, 87,
97, 25, 86,
131, 3, 76,
92, -9, 50,
131, 46, 20,
91, 40, 48,
83, 24, 36,
127, -27, 70,
97, 24, 81,
87, -11, 70,
84, 34, 68,
97, 9, 33,
99, 17, 39,
78, 51, 27,
124, 91, 74,
92, 2, 89,
133, -13, -29,
93, -56, 63,
73, 51, 117,
60, 9, 28,
126, 36, 73,
116, 36, 100,
67, 14, 34,
136, 69, 61,
89, 29, 48,
114, 15, 23,
72, 44, 104,
113, 6, 54,
99, 54, 55,
34, -1, 31,
80, 45, 13,
102, -5, 84,
63, 52, 86,
51, 20, 40,
63, 32, 77,
86, 24, 69,
136, -36, 64,
43, 0, 24,
107, 30, 28,
85, 66, 73,
59, -14, 52,
116, -4, 31,
84, 26, 31,
160, 67, 86,
113, 4, 100,
107, 68, 54,
86, 21, 59,
100, 84, 68,
69, 46, 45,
44, 1, 84,
119, 81, 58,
54, -9, 105,
113, 17, 34,
114, 15, 48,
100, 50, 102,
147, 60, 109,
128, 14, 79,
88, 45, 86,
95, -26, 17,
96, 28, 97,
114, 37, 112,
123, 47, 74,
92, 25, -37,
89, 8, 61,
136, 25, 42,
99, 41, 101,
86, 26, 55,
98, 62, 46,
103, 16, 10,
141, 46, 71,
48, 28, 15,
117, -30, 45,
72, 39, 18,
114, 23, 72,
50, 91, 117,
116, 47, 69,
125, 28, 32,
130, 82, 98,
60, 54, 81,
69, 11, 44,
109, 13, 104,
74, 41, 56,
103, -1, 66,
110, 40, 39,
119, -15, 117,
134, 45, 62,
96, 54, 47,
93, 7, 14,
143, 55, 66,
88, -1, -12,
44, 13, 32,
65, 51, 82,
98, 39, 24,
56, 27, 27,
102, 6, 69,
96, 53, 65,
109, 32, 70,
93, 26, 29,
155, 31, 57,
91, -17, 4,
94, 25, 59,
134, -24, 56,
101, 9, 109,
100, 25, 73,
113, 6, 24,
126, 38, 91,
77, 6, 46,
75, -3, 69,
92, 21, 96,
109, 30, 115,
96, 13, 98,
82, 8, -2,
131, 59, 77,
88, 22, -11,
86, 62, 38,
135, 59, 51,
144, -46, 110,
111, 48, 59,
140, -27, 60,
63, -9, 95,
68, 53, 48,
113, 23, 61,
103, 18, 85,
122, 50, -34,
116, 24, 86,
103, 28, 75,
102, 12, 50,
75, 7, 106,
99, 12, 81,
121, -1, 37,
177, 47, 71,
152, 52, 29,
128, -13, 41,
76, 12, -1,
103, -5, 0,
120, 20, 33,
94, 44, 82,
77, 63, 112,
101, 38, 78,
11, 45, 66,
116, 8, 83,
84, 2, 37,
95, 9, 45,
102, 23, 102,
109, 42, 64,
92, -3, 63,
105, 9, 22,
29, -1, 62,
97, -14, 77,
56, -10, 20,
88, 42, 86,
95, 40, 13,
85, 39, 60,
117, 70, 83,
54, -22, 109,
108, 26, 100,
57, -16, 54,
115, 2, 52,
125, 5, 50,
109, -2, 47,
93, 24, 111,
109, 26, 58,
98, 25, 33,
115, 47, 74,
123, 12, 83,
132, 50, 49,
97, 36, 68,
108, 44, 60,
67, -17, 6,
114, 17, 99,
97, -2, 74,
59, 36, 56,
85, 27, 97,
141, 38, 74,
106, 46, 56,
84, 27, 69,
100, -13, 13,
118, 29, 94,
137, 37, 69,
101, 67, 64,
105, -4, 13,
91, 25, 41,
74, 17, 53,
101, 49, 43,
105, 67, 46,
123, 20, 20,
39, -14, 37,
112, 9, 43,
124, 52, 21,
113, 10, 33,
71, 48, 34,
95, 26, 78,
101, 27, 25,
77, 50, 101,
141, 20, 83,
106, 48, 43,
74, 23, 60,
69, 9, 20,
54, 19, 36,
60, 11, 70,
42, 36, 63,
78, 18, 28,
111, -6, 33,
128, 9, 59,
70, 42, 87,
117, 58, 76,
104, 17, 82,
70, 47, 12,
118, 55, 69,
115, 22, 60,
111, 54, 60,
89, 45, 27,
68, 7, 52,
92, 34, 99,
120, 34, 62,
72, -20, 84,
98, 26, 67,
72, -9, 39,
73, -10, 70,
118, 80, 87,
62, 81, 85,
99, -6, 27,
108, -13, 46,
130, 6, 67,
102, -1, 63,
105, 65, 22,
107, 35, 72,
89, 13, 63,
100, 12, 80,
124, 0, 26,
61, -8, 46,
91, 22, 36,
81, 29, 65,
109, 13, 32,
89, -33, 50,
49, 14, 90,
101, 41, 81,
79, 77, 111,
75, -12, 27,
134, 32, 112,
83, 25, 79,
124, 58, 76,
136, 20, 55,
103, 9, 65,
117, 1, 22,
127, 53, 6,
76, 35, 64,
114, 43, 95,
86, 26, 74,
89, 62, 57,
133, 42, 34,
82, 24, 89,
118, 8, 83,
132, -12, 65,
110, 28, 73,
111, 30, 64,
119, 37, 72,
109, 61, 105,
108, 8, 37,
102, 55, 124,
117, 16, 82,
93, -11, 74,
66, -26, 50,
104, 32, 62,
71, -3, 67,
103, 23, 65,
58, 19, 71,
103, 1, 79,
50, -2, 79,
111, 47, 71,
84, -1, 55,
96, 21, 69,
63, 10, 67,
93, 12, 58,
115, 14, 54,
64, 9, 69,
99, 26, 48,
116, 26, 45,
91, 2, 63,
120, -6, 61,
129, 19, 36,
79, 50, 96,
83, -9, 16,
86, 30, 15,
71, 3, 27,
119, 56, 32,
88, 44, 96,
112, 12, 43,
110, 56, 79,
25, 18, 114,
86, 6, 67,
104, 1, 57,
101, 14, 50,
66, 10, 21,
73, 57, 19,
96, 20, 44,
75, -11, 63,
137, 66, 50,
100, 39, 99,
80, 41, 48,
97, -30, 33,
163, 50, 55,
71, 2, 40,
58, 20, 112,
69, 23, 27,
113, 40, 38,
57, 21, 37,
45, 38, 99,
124, 33, 12,
54, 23, 24,
116, 18, 71,
91, 16, 80,
100, 34, 43,
58, 36, 118,
118, -35, 67,
93, -15, 102,
122, 39, 97,
89, 30, 78,
112, 3, 28,
94, 29, 96,
59, -26, 15,
48, -19, 46,
75, 18, 16,
99, -17, 81,
137, 34, 74,
75, -11, 100,
117, 31, 97,
75, -21, 56,
87, 61, 38,
94, 46, 50,
56, 26, 72,
121, 80, 39,
72, 18, 82,
95, 50, 78,
110, 44, 90,
139, 28, 39,
117, 50, 87,
77, 31, 55,
107, -4, 57,
124, -20, 61,
116, 18, 137,
140, 34, 66,
74, 27, 59,
96, 40, 72,
70, 24, 36,
48, 4, 63,
149, 25, 67,
90, 67, 92,
47, 32, 84,
104, 43, 14,
100, 30, 56,
127, 28, 41,
96, -7, 98,
143, 57, 98,
96, 28, 47,
43, 25, 94,
111, 20, 7,
123, 10, 35,
86, 26, 23,
80, -7, 63,
72, 25, 55,
92, -20, 62,
143, 43, 22,
93, 43, 37,
127, -29, 74,
66, -22, 71,
88, 58, 65,
110, 25, 87,
47, 13, 81,
93, 48, 98,
111, -15, 2,
129, -11, 16,
112, 0, 27,
70, 50, 62,
109, 11, 24,
79, -59, 57,
123, 31, 130,
121, 11, 98,
77, -11, 73,
110, 35, 18,
114, 4, 79,
105, 84, 84,
86, 20, 101,
92, -34, 23,
139, 21, 82,
92, 15, 2,
87, 18, 27,
115, 40, 42,
135, 39, 30,
73, 19, 61,
90, 35, 79,
120, 43, 83,
91, -7, 91,
95, 22, 53,
91, -27, 99,
61, -6, 30,
119, -18, 48,
100, 64, 67,
81, -18, 28,
98, 43, 81,
116, 71, 71,
89, 53, 56,
109, 32, 46,
47, 6, 8,
127, 67, 40,
115, 35, 83,
69, 20, 48,
84, 18, 54,
95, -20, 97,
78, -32, 85,
120, 48, 78,
76, -27, 55,
121, 27, 48,
153, 13, 70,
98, 11, 28,
135, 43, 55,
128, 10, 8,
138, 23, 50,
149, 32, 93,
67, 32, 41,
111, 22, 76,
105, 37, 44,
108, -8, 67,
72, 24, 52,
123, 41, 104,
101, 32, -8,
75, 67, 33,
121, 15, 133,
83, 13, 54,
94, 52, 74,
104, 51, 115,
81, 15, 58,
131, 28, 101,
126, 15, 67,
91, 30, 82,
84, 30, 91,
68, -6, 38,
114, -8, 30,
126, 70, 77,
100, 39, 70,
120, 96, 76,
55, -32, 54,
104, 28, 33,
66, 38, 65,
93, 2, 60,
41, -2, 45,
128, 41, 41,
28, -9, 47,
127, -4, 60,
142, 34, 88,
117, -3, 59,
114, -33, 54,
117, 56, 60,
94, 14, 86,
137, 67, 94,
85, 69, 28,
110, 34, 70,
149, -17, 84,
66, 6, 70,
66, 52, 29,
104, -15, 64,
123, 35, 123,
91, 19, 82,
99, 94, 71,
92, -11, 52,
47, 30, 61,
118, 40, 86,
98, 55, 66,
112, 31, 60,
82, 50, 97,
87, 22, 47,
156, 51, 77,
66, 38, 31,
131, 22, 58,
123, -21, 71,
56, -19, 100,
105, 40, 61,
48, -1, 21,
41, 15, 42,
42, 45, 88,
117, 30, 59,
65, 28, 124,
95, -23, 43,
107, 12, 78,
109, 72, 110,
49, 37, 50,
155, 26, 67,
100, 30, -28,
111, 59, 0,
130, 32, 82,
118, 14, 43,
105, 29, 57,
119, 16, 45,
95, -23, 50,
118, 31, 86,
86, 26, 105,
129, 36, 13,
87, 2, 23,
115, 59, 28,
142, 5, 31,
127, 41, 35,
97, 5, 56,
118, 33, 75,
98, 31, 94,
70, 46, 47,
103, 68, 83,
34, 19, 93,
121, 18, 80,
86, 17, 47,
90, -47, 59,
95, 18, 64,
77, 47, 85,
122, 34, 53,
129, 80, 98,
60, 0, 31,
149, 21, 68,
96, -12, 53,
126, -7, 127,
108, 23, 52,
81, 11, 26,
70, -1, 83,
71, -9, 59,
106, 4, 63,
60, 28, 109,
82, -28, 11,
93, 27, 34,
80, 52, 72,
115, 30, 99,
104, 44, 17,
64, 32, 57,
118, 44, 80,
130, 13, 84,
99, 78, 57,
89, 48, 66,
55, -6, 45,
91, 70, 70,
52, 41, 81,
109, 30, 80,
85, -20, 24,
71, 39, 58,
95, 61, 98,
83, 7, 31,
126, 64, 123,
102, 18, 22,
91, 41, 85,
102, 6, 24,
107, 33, 63,
115, 14, 52,
87, 9, 61,
133, 45, 64,
94, -5, 14,
62, 9, 47,
69, -5, 51,
140, 62, 26,
122, 45, 60,
85, 12, 93,
115, 28, 27,
58, 28, 98,
90, 27, 37,
123, 14, 89,
75, 40, 77,
126, 24, 101,
116, 37, 48,
102, -3, 63,
72, 10, 71,
95, -21, 51,
73, 21, 79,
35, 28, 46,
98, -14, 70,
71, 13, 31,
77, -8, 50,
80, 24, 37,
94, 28, 51,
71, 81, 100,
122, 31, 57,
75, 55, 88,
120, 53, 73,
87, -3, 93,
64, 18, 38,
74, 57, 92,
56, -14, 15,
100, 13, 50,
74, 22, 55,
85, 17, 75,
102, 51, 77,
103, 4, 48,
115, 8, 58,
104, 100, 56,
61, -5, 34,
98, 43, 62,
121, 13, 42,
86, 39, 39,
61, 6, 41,
102, 37, 72,
97, 10, 54,
119, 19, 58,
57, 25, 53,
85, 60, 77,
95, 30, 0,
127, 28, 14,
153, 42, 64,
89, 23, 41,
127, -14, 45,
120, 13, 5,
96, -30, 82,
49, 59, 8,
102, 19, 11,
109, 7, 45,
87, 42, 41,
145, -2, 89,
112, 26, 33,
109, 44, -3,
87, 41, 92,
105, 59, 44,
91, 10, 47,
96, 34, 38,
22, -14, 31,
109, -28, 53,
123, 77, 58,
111, 6, 68,
117, 47, 84,
60, -4, 39,
114, 27, 86,
97, 56, 53,
87, 33, 34,
86, 55, 52,
96, 69, 42,
131, 15, 45,
102, 17, 53,
123, 16, -3,
130, 75, 94,
68, 11, 70,
79, 8, 34,
109, -16, 69,
81, 16, 60,
118, 33, 58,
76, -6, 97,
123, 0, 77,
106, 5, 61,
122, 25, 68,
123, 76, 53,
95, 3, 52,
74, 47, 123,
112, 30, 76,
113, 1, 36,
131, 17, 12,
35, 38, 65,
127, 28, 61,
88, 32, 68,
70, 60, 54,
109, -18, 40,
91, 42, 44,
98, -18, 29,
66, 35, 24,
98, 10, 83,
74, 74, 113,
131, 13, 80,
102, 14, 61,
104, 2, 41,
61, 17, 66,
92, 0, 80,
84, 55, 38,
103, 12, 67,
119, 28, 72,
112, -2, 58,
104, 4, 66,
87, 25, 122,
32, 12, 32,
93, 17, 91,
109, 75, 58,
44, 46, 43,
93, 10, 42,
26, 29, 40,
118, 53, 107,
110, 7, 73,
94, 4, 64,
94, 60, 52,
126, 25, 74,
71, -14, 77,
64, 15, 84,
51, 24, 67,
65, 7, 66,
129, 40, 38,
86, 28, 91,
129, 58, 56,
108, -15, 84,
178, 60, 103,
94, 3, 69,
85, 21, 67,
105, 23, 46,
63, 35, 70,
119, 31, 29,
100, 38, 27,
124, 45, 53,
89, 46, 38,
83, 0, 68,
32, 2, 40,
138, 30, 82,
122, 30, 39,
96, 26, 39,
97, -4, 93,
85, 5, -1,
107, 28, 73,
78, 89, 42,
46, 16, 36,
96, 15, 42,
123, 15, 54,
141, 36, 49,
129, 4, 43,
112, 21, 69,
137, 63, 77,
110, 8, -5,
116, 14, 78,
83, 20, 57,
71, 38, 67,
141, 19, 88,
116, 48, 68,
92, 47, 32,
67, -38, 50,
108, 24, 0,
115, 28, 73,
104, 40, 61,
99, -6, 93,
118, -11, 101,
78, 38, 35,
100, 64, 75,
116, 6, 20,
105, -21, 68,
114, 62, 103,
81, 9, 58,
68, -23, 42,
97, 6, 67,
100, -20, -6,
100, 23, 109,
91, 36, 21,
69, 57, 102,
138, 30, 65,
60, 56, 5,
62, 48, 32,
122, 4, 60,
85, 8, 31,
131, 25, 44,
99, 12, 10,
64, 20, 97,
92, -1, 79,
66, 25, 62,
118, 13, 49,
95, -23, 91,
142, 54, 55,
38, 41, 55,
58, -12, 55,
86, 13, 78,
98, 31, 65,
72, 35, 54,
74, 17, 57,
78, 18, 107,
79, 39, 85,
107, 18, 55,
89, 29, 110,
108, 31, 64,
86, 52, 42,
101, 7, 29,
74, -13, 67,
82, 11, 35,
111, 19, 33,
157, 14, 54,
90, 2, 53,
59, 17, 61,
22, -16, 22,
97, 43, 24,
107, -17, 8,
84, -32, 50,
96, 18, 25,
135, 22, 49,
93, 15, 66,
76, 44, 72,
113, -24, 35,
69, 37, 85,
165, 36, 65,
121, 4, 77,
126, 29, 34,
77, 26, 74,
145, 41, 103,
67, 62, 99,
138, 38, 63,
79, 56, 110,
94, 53, 25,
120, 12, 35,
61, 20, 94,
69, 30, 50,
124, 63, 123,
98, 4, 68,
125, 46, 31,
102, -2, 51,
94, 51, 79,
112, 12, 3,
85, 33, 63,
79, 7, 113,
116, 67, 84,
126, 60, 36,
80, 15, 25,
68, 14, 78,
60, 58, 55,
81, -18, 92,
99, 7, 35,
109, 13, 30,
99, 44, 68,
111, 35, 86,
98, 18, 85,
109, 24, 38,
140, 23, 92,
56, 30, 73,
75, 1, 66,
105, 30, 32,
89, 98, 90,
48, 67, 63,
97, 27, 22,
111, 71, 86,
126, 54, 67,
62, 31, 70,
102, 50, 52,
87, 18, 76,
87, 25, 43,
47, -16, 32,
133, 41, 50,
86, 38, 61,
85, -10, 88,
105, -7, 64,
138, 83, 51,
126, 41, 18,
99, 7, -16,
137, 28, 85,
81, 25, 32,
121, 36, 36,
124, 42, 68,
112, 84, 59,
83, 8, 66,
129, 39, 103,
65, -7, 85,
91, 40, 93,
105, 20, 98,
100, 45, 41,
105, 36, 26,
124, 24, 40,
58, 28, 41,
114, 16, 69,
107, 41, 70,
75, -1, 34,
64, 37, 70,
83, 35, 74,
103, 11, 13,
92, -42, 61,
100, 66, 47,
108, 37, 14,
115, 31, 99,
102, 88, 62,
125, 17, 71,
126, 27, 51,
110, 29, 63,
132, 7, 55,
59, 26, 52,
103, 81, 47,
114, 30, 34,
83, 49, 41,
117, 23, 90,
88, 55, 58,
107, -2, 34,
132, 17, 88,
102, 24, 37,
107, 48, 71,
85, 32, 92,
152, -4, 57,
108, 45, 111,
113, 32, 16,
93, 21, 44,
101, 28, 131,
99, 9, 80,
82, -17, 45,
115, -2, 45,
71, 13, 49,
84, 71, 52,
108, 46, 104,
152, 5, 34,
120, 25, 33,
110, 11, 95,
141, 69, 68,
134, 46, 50,
109, 12, 117,
107, -10, 39,
113, 21, 60,
97, 14, 99,
84, 31, 41,
89, 18, 52,
150, 59, 55,
95, 21, 4,
102, 50, 39,
102, 15, 60,
67, 29, 65,
97, 66, 94,
102, -10, 62,
75, 49, 58,
88, -24, 19,
63, -47, 36,
69, 15, 51,
104, 2, 66,
49, 23, 81,
72, -5, 24,
109, 47, 64,
118, 7, 61,
78, 27, 65,
100, 14, 43,
106, 27, 116,
67, -7, 73,
20, -13, 74,
126, 24, 78,
145, 34, 27,
64, 28, 35,
105, 23, 30,
113, -3, 52,
65, 34, 75,
85, 16, 51,
67, -7, 33,
106, 27, 85,
103, -10, 79,
113, -11, 73,
151, 81, 28,
113, 35, 95,
107, 6, 27,
104, 22, 67,
104, 32, 27,
123, -17, 43,
111, 37, 33,
48, -24, 42,
88, -3, 53,
76, 10, 72,
127, 71, 50,
124, 30, 7,
107, -5, 52,
70, 21, 77,
74, 21, 65,
96, 39, 64,
87, 26, 90,
85, 40, 23,
145, 48, 88,
89, 87, 45,
90, 25, 4,
23, 53, 68,
131, 58, 56,
80, 27, 41,
71, 26, 33,
59, -8, -5,
127, 8, 82,
101, 10, 2,
105, 52, 63,
136, 33, 32,
88, -10, 93,
123, 48, 85,
118, 9, 46,
74, 26, 33,
105, 0, 61,
128, 42, 57,
113, -13, 32,
154, 39, 64,
74, 42, 31,
108, 29, 83,
82, 29, 52,
64, 46, 6,
99, 8, 112,
146, 37, 81,
116, 75, 66,
27, 36, 6,
86, 21, 58,
128, 7, 28,
110, -20, 49,
79, 31, 71,
96, 20, 85,
115, 22, 3,
118, 63, 29,
93, 60, 139,
109, 56, 49,
138, 16, 40,
128, 41, 80,
107, 4, 74,
91, 20, 69,
114, 18, 95,
63, -18, 50,
143, 33, -6,
115, 36, 30,
121, 54, 80,
119, 15, 39,
128, 38, 39,
52, 59, 67,
79, 22, 53,
109, 37, 94,
60, 56, 47,
107, 15, 44,
85, 40, 98,
116, 40, 51,
106, 19, 56,
64, 21, 37,
70, -17, 79,
89, 17, 37,
109, 68, 117,
113, 45, 59,
93, 20, 35,
62, 1, 49,
103, 54, 93,
125, 41, -2,
83, 60, 22,
151, 28, -2,
94, 32, 89,
69, -6, 21,
94, 39, 92,
90, 39, 72,
124, 47, 69,
91, 38, 33,
71, 35, -6,
81, 15, 83,
43, -2, 37,
86, -5, 46,
107, -21, 91,
116, 10, 100,
123, 12, 68,
106, -11, 76,
85, 23, 20,
136, 75, 82,
92, 27, 51,
95, 75, 77,
154, -4, 94,
78, 14, 75,
77, -2, 28,
113, 24, 74,
93, -19, 72,
152, 24, 43,
53, 21, 57,
103, 71, 44,
119, 7, 75,
134, 16, 57,
124, 4, 73,
65, -10, 108,
131, -229, 88,
87, -8, 16,
83, 7, 46,
129, 46, 64,
48, 34, 50,
131, 49, 64,
101, 13, 85,
128, 15, 42,
112, -2, 98,
62, 28, 83,
106, -12, 50,
93, 65, 47,
65, 35, 72,
54, 13, 43,
96, 21, 78,
48, 11, 90,
151, 15, 25,
98, 27, 21,
118, 46, 20,
84, -6, 49,
102, -10, 12,
77, 47, 63,
145, 70, 116,
97, 58, 73,
95, 60, 66,
115, 69, 52,
60, 24, 36,
94, 8, 73,
87, 60, 30,
110, 9, 48,
90, 44, 72,
146, -23, 41,
93, 26, 84,
112, 38, 67,
151, 47, 32,
90, 25, 33,
83, 40, 103,
134, 28, 81,
68, 39, 35,
126, -9, 93,
124, 56, 60,
62, 5, 52,
94, 18, 99,
116, 85, 99,
61, -7, 47,
112, -15, 84,
105, 14, 63,
121, 4, 27,
107, 28, 92,
77, 30, 75,
135, 22, 84,
82, -8, 54,
111, 50, 70,
21, 21, 34,
89, 33, 14,
136, 74, 75,
108, 45, 81,
130, 61, 82,
64, 43, 36,
136, -9, 36,
113, 6, 71,
108, 47, 67,
71, -1, 10,
100, 10, 43,
100, 14, 77,
99, 57, 77,
105, 36, 83,
162, 57, 98,
89, 25, 71,
109, 59, 93,
120, 39, 61,
83, -25, 67,
120, 18, 86,
120, 77, 80,
121, 37, 121,
127, 10, 34,
134, 52, 29,
68, 6, 104,
98, -8, 113,
85, -20, 25,
118, 55, 83,
71, 20, 50,
138, 55, 92,
110, 28, 5,
115, 47, 84,
95, -5, 43,
76, -13, 32,
47, -12, 37,
133, 7, 29,
101, 16, 79,
77, 27, 61,
73, 5, 20,
72, 9, 78,
124, 23, 72,
103, 10, 91,
118, 10, 67,
69, -1, 36,
88, 67, 115,
67, 8, 54,
82, 43, 74,
103, 5, 67,
88, 34, 56,
114, 14, 6,
140, 19, 45,
136, 58, 65,
106, 11, 78,
71, -22, 92,
105, 3, 55,
108, 51, 63,
115, 34, -5,
113, 24, 74,
125, -3, 33,
114, 26, 57,
55, -2, 64,
103, 50, 104,
118, 11, 30,
77, 253, 66,
155, 27, 80,
86, 46, 98,
89, 35, 92,
138, 13, 33,
101, 58, 10,
101, -6, 64,
135, 43, 117,
82, -20, 90,
148, 35, 71,
103, 60, 101,
88, -12, 101,
86, 22, 65,
92, -9, 80,
87, 3, 97,
101, 47, 64,
110, 54, 92,
79, 15, 46,
118, 47, 82,
93, 16, 71,
97, 53, 55,
60, 17, -5,
97, -24, 42,
120, 34, 66,
53, 0, 49,
88, 15, 63,
87, 35, 70,
139, 16, 128,
64, 34, 55,
84, 58, 117,
100, 49, 29,
66, -22, 2,
89, 34, 96,
134, -29, 80,
147, 51, 69,
117, -17, 106,
108, 49, 69,
56, 28, 97,
72, 24, 103,
158, 53, 80,
124, 17, 71,
91, 28, 53,
144, 14, 35,
19, -22, 21,
111, -14, 78,
94, 33, 66,
29, 13, -28,
120, 79, 77,
129, 32, 110,
68, 56, 55,
53, -14, 91,
47, 45, 38,
106, -17, 52,
89, 28, 71,
143, 40, 18,
121, 23, 65,
113, 37, 85,
100, 10, 63,
75, -15, 52,
74, 19, 101,
67, 17, 59,
114, -26, -7,
91, 44, 75,
128, 28, 74,
137, 16, 50,
101, 9, 65,
114, 37, 74,
109, 60, 65,
109, 18, 45,
31, 0, 115,
116, 80, 31,
97, 27, 49,
116, 18, 71,
129, 40, 21,
85, 27, 73,
81, 74, 59,
117, 6, 48,
122, 48, 42,
89, 31, 42,
132, 34, 86,
35, 44, 31,
95, 37, 79,
138, 47, 55,
78, -26, 55,
130, 1, 96,
86, 54, 59,
88, 35, 37,
43, 22, 108,
122, 12, 21,
78, 14, 52,
121, 13, 6,
91, -63, 40,
91, 32, 53,
169, 29, 100,
113, 52, 39,
100, 24, 39,
29, 17, 60,
132, 38, 92,
94, -13, 58,
107, 1, 83,
112, 60, 78,
116, 5, 40,
99, 73, 67,
76, 35, 82,
118, -2, 70,
87, 14, 55,
55, 18, 48,
90, 47, 121,
107, 26, 25,
86, -18, 97,
90, -1, 40,
32, -6, 65,
105, 54, 93,
88, -12, 79,
100, 38, 100,
99, 68, 94,
111, 22, 73,
101, -21, 74,
57, 38, 82,
84, -13, 62,
92, 54, 64,
134, 29, 48,
72, 32, 74,
94, 1, 71,
91, 30, 35,
66, 2, 43,
144, 55, 39,
82, 38, 30,
116, 38, 30,
64, 13, 84,
80, 31, 46,
73, 17, -1,
104, 46, 80,
73, 35, 69,
104, -17, 36,
85, 63, 61,
116, 21, 35,
113, -6, 34,
35, -13, 26,
102, -21, 54,
73, 56, 83,
73, 14, 72,
73, 15, 84,
101, 48, 61,
71, 19, 63,
60, -29, 13,
134, -10, 74,
87, 40, 40,
123, 70, 70,
85, 24, 43,
87, 22, 41,
71, 40, 62,
82, 15, 68,
79, 51, 55,
81, 2, 66,
62, -32, 42,
106, 28, 67,
79, 20, 42,
38, 41, 79,
72, 32, 38,
121, 17, 35,
95, -2, 47,
165, 20, 76,
36, -3, 127,
105, -28, 51,
82, -4, 51,
84, -47, 63,
91, 40, 43,
92, 71, 132,
85, 24, 99,
54, 36, 21,
140, 60, 35,
140, 59, 83,
140, 3, 104,
109, -25, 75,
98, -18, 75,
117, 2, 90,
99, 34, 61,
91, 19, 39,
39, 21, 62,
84, 39, 80,
90, 12, 102,
118, 25, 36,
57, 50, 42,
101, 29, 68,
138, 25, 35,
133, 0, 62,
101, 71, 50,
109, 28, 25,
105, 34, 107,
94, 32, 84,
94, 36, 67,
86, -3, 47,
142, 19, 59,
86, 42, 44,
91, 67, 23,
95, 2, 92,
104, -3, 36,
83, 23, 73,
66, 21, 54,
106, 48, 36,
74, 9, 68,
96, 33, 67,
104, 25, 75,
108, 15, 83,
103, 42, 89,
109, -2, 98,
121, 56, 45,
33, 29, 35,
78, 27, 47,
102, 0, 68,
132, -23, 76,
89, 29, 62,
82, -4, 60,
76, 65, 72,
109, -32, 63,
94, 42, 82,
59, 16, 82,
88, 28, 86,
148, 4, 34,
98, 14, 68,
121, 20, 92,
102, 52, 45,
139, 31, 66,
129, -12, 126,
39, 23, 54,
103, 26, 105,
94, 21, 101,
146, 60, 39,
87, 46, 46,
93, 4, 23,
98, -16, 57,
77, 20, 56,
80, 23, 71,
88, 26, 53,
85, 33, 18,
111, 32, 47,
95, 30, 56,
109, 38, 71,
110, 6, 86,
97, 33, 45,
56, 8, 52,
105, 34, 47,
116, 67, 76,
106, 8, 13,
112, 4, 79,
56, 66, 57,
40, -1, 0,
113, 65, 28,
120, 20, 46,
85, 12, 35,
151, 27, 110,
85, -15, -10,
58, 33, 79,
122, 80, 46,
49, 44, 117,
71, -9, 61,
87, 19, 78,
139, 69, 82,
136, 19, 53,
89, 2, 59,
104, 23, 58,
103, 59, 89,
61, 6, 39,
99, 31, 94,
117, 5, 13,
106, 60, 78,
98, -19, 82,
54, 6, 103,
74, 40, 45,
115, 19, 58,
97, 25, 81,
109, 19, 63,
97, -22, 17,
79, -3, 39,
88, 4, 59,
100, -3, 52,
111, 7, 48,
112, 23, 104,
70, 30, 110,
119, 15, 59,
51, 15, 88,
103, 18, 57,
57, 44, 12,
101, -4, 32,
102, 14, 21,
113, -4, 66,
106, 31, 24,
61, 11, 17,
112, 31, 74,
117, 53, 71,
89, -2, 65,
79, 23, 53,
102, -2, 44,
104, 36, 72,
147, 27, 63,
97, 31, 47,
73, -30, 36,
111, -15, 78,
131, -2, 10,
105, 7, 105,
70, 76, 100,
88, 40, 70,
126, -3, 51,
87, 60, 56,
66, -3, 43,
102, -20, 36,
118, -32, 83,
65, -1, 67,
121, 18, 66,
128, -11, 91,
94, -9, 84,
99, 21, 83,
84, 57, 16,
82, 18, 82,
92, -10, 54,
86, 52, 30,
108, 61, 99,
131, 73, 87,
100, -4, 60,
124, 4, 62,
97, -29, 82,
101, 26, 45,
101, 52, 96,
91, -9, 53,
123, 29, 56,
67, 18, 43,
107, 12, 76,
156, 26, 21,
69, -1, 35,
49, 11, 78,
74, 60, 74,
145, 68, 42,
108, -48, 103,
87, 48, 74,
49, 55, 60,
124, 20, 114,
62, 31, 3,
96, 28, 112,
111, 38, 27,
140, 47, 103,
132, 23, 69,
67, -7, 112,
103, 38, 45,
95, 25, 51,
107, -4, 44,
87, -7, 58,
143, 17, 53,
112, 27, 94,
96, 11, 46,
121, 39, 29,
99, -23, 83,
34, -41, 37,
104, -11, 74,
108, 19, 115,
78, 25, 25,
83, -17, 106,
111, 56, 51,
139, -34, 52,
156, 54, 81,
92, 29, 60,
99, 44, 104,
96, 28, 14,
62, 46, 8,
113, 43, 45,
112, 51, 93,
97, 11, -21,
88, 32, 21,
109, 20, 60,
75, -9, 89,
107, 27, 17,
56, -49, 85,
97, 22, 62,
79, -38, 99,
95, 30, 57,
84, -4, 39,
146, 33, 75,
73, 56, 37,
127, 4, 52,
67, -2, 44,
89, 50, 65,
131, -5, 56,
116, 22, 80,
133, 42, 130,
101, 22, 34,
105, 75, 4,
81, 8, 95,
114, -18, 57,
135, 18, 36,
91, 22, 88,
116, 34, 42,
153, 65, 66,
86, 45, 70,
94, 16, 6,
132, 7, 23,
117, -29, 55,
100, 23, 18,
120, 59, 81,
59, 28, 31,
103, 20, 63,
154, 49, 43,
43, 33, 62,
127, 24, 29,
91, 21, 77,
92, 27, 61,
102, -35, 88,
120, 32, 50,
91, 70, 36,
102, 42, 36,
93, 31, 113,
115, 7, 52,
91, -3, 110,
137, -20, 99,
73, 11, 84,
80, 45, 81,
74, -5, 64,
108, -4, 55,
49, 3, 81,
131, 33, 83,
84, 15, -12,
88, 26, 99,
87, 8, 84,
72, 10, 84,
38, 48, 94,
109, 50, 65,
71, 24, 38,
72, 9, 78,
112, 78, 72,
56, -35, 69,
84, 82, 25,
102, 12, 50,
19, 5, 49,
133, 71, 115,
112, 20, 55,
87, 10, 31,
116, 7, 119,
94, 22, 6,
118, 14, 38,
109, 48, 47,
76, 15, 55,
50, -19, 88,
94, 76, 60,
97, 15, 102,
89, 16, 28,
115, -10, 27,
89, 1, 69,
101, 43, 21,
92, 28, 50,
93, 20, 18,
96, 4, 6,
98, 66, 41,
88, 54, 35,
78, 82, 84,
77, -3, 42,
83, 67, 132,
95, -5, 31,
118, 19, 92,
88, -33, 73,
87, 54, 117,
81, -34, 57,
137, 30, 86,
78, 4, 39,
120, 21, 25,
107, 24, 92,
130, 22, 109,
53, -20, 27,
82, 0, 44,
74, 69, 73,
118, 29, 9,
72, -30, 82,
137, 45, 79,
100, 17, 70,
113, 42, 10,
119, 42, 39,
148, 11, 38,
88, 9, 74,
66, 17, 50,
23, 25, 48,
109, -8, 26,
105, -12, 60,
106, 54, 43,
100, 19, 29,
103, 3, 69,
115, -1, 103,
109, 68, 33,
96, -3, 57,
75, 43, 92,
117, -8, 42,
58, 12, 32,
82, 55, 63,
78, 27, 91,
91, 34, 31,
116, 13, 100,
119, 31, 68,
92, 8, 55,
102, 18, 84,
117, 29, 44,
101, 42, 67,
115, 40, 31,
113, 28, 25,
117, 19, 77,
117, 4, 57,
132, -31, 96,
101, 30, 36,
150, 42, 46,
97, 8, -28,
124, 0, 33,
85, 50, 49,
88, 22, 57,
123, -2, 91,
65, 50, 9,
136, 49, 85,
122, 34, 88,
113, 1, 77,
106, 47, 46,
82, 26, 62,
115, 16, 111,
59, 1, 54,
94, 1, 51,
64, 27, 90,
111, 15, -2,
92, 20, 65,
116, 28, 84,
117, 46, 46,
131, 24, 51,
62, -19, 65,
118, 25, 92,
53, 47, 58,
85, 41, 76,
138, 25, 107,
106, 38, 42,
152, 34, 93,
130, -1, 65,
91, -3, 4,
107, 40, 106,
125, 20, 83,
95, 71, 110,
65, 43, 61,
87, 68, 69,
92, 47, 78,
58, 12, 88,
125, -35, 58,
117, 43, 44,
171, 52, 51,
91, 58, 31,
94, 45, 18,
93, 54, 72,
119, 25, 119,
72, 31, 92,
90, 79, 67,
55, 61, 34,
84, 44, 72,
84, 30, 53,
127, 46, 18,
71, -4, 76,
86, 55, 64,
103, 42, 78,
49, 11, 84,
119, 13, 98,
123, 21, 35,
101, 26, 8,
95, 77, 106,
76, 11, 84,
105, 47, 72,
105, 28, 100,
132, -11, 22,
129, -16, 47,
88, 2, 46,
91, 42, 58,
111, 47, 13,
121, 26, 8,
86, -6, 99,
58, 26, 2,
83, 40, 50,
89, 60, 37,
90, -16, 44,
102, 32, 41,
97, 28, 10,
95, 42, 72,
102, 35, 96,
131, 21, 57,
60, -36, 42,
87, 43, 102,
107, 7, 66,
69, 21, 43,
135, 39, 26,
115, 26, 68,
81, 41, 81,
122, 5, 94,
80, -18, 43,
72, 32, 18,
82, -7, 36,
43, 13, 57,
73, 17, 56,
122, 34, 36,
75, -1, 69,
94, 0, 27,
147, 36, 32,
127, 11, 78,
90, 35, 7,
126, 40, 87,
104, 14, 100,
61, 38, 100,
111, 30, 73,
83, -14, 90,
106, -1, 54,
105, 38, 28,
44, 46, 55,
102, 31, 79,
92, 40, 90,
105, 28, 70,
94, 62, 60,
120, 8, 4,
146, 32, 73,
53, -35, 37,
102, 13, 104,
156, -4, 85,
110, 19, 11,
88, 30, 18,
102, 20, 79,
120, 71, 30,
93, 22, 39,
69, 2, 8,
40, 30, 21,
115, 72, 55,
77, 45, 100,
101, 48, 57,
39, -3, 49,
95, 66, 46,
110, 23, 104,
68, -23, 47,
111, 54, 79,
123, 22, 76,
90, 16, 33,
90, 59, 60,
91, 16, 38,
87, -15, 94,
107, -8, 34,
133, 63, 59,
116, 41, 33,
72, 59, 81,
92, 15, 14,
96, 234, -11,
110, -28, 107,
116, 22, 103,
71, 58, 67,
78, 22, 123,
107, 37, -20,
103, 3, 83,
109, 60, 105,
98, 22, 48,
83, 37, 63,
60, -10, 42,
80, -19, 49,
54, -12, 50,
43, 52, 48,
68, 19, 55,
130, 26, 46,
72, 41, 50,
105, 28, 82,
109, 20, 61,
87, -19, 62,
107, 45, 109,
141, 53, 83,
69, 18, 35,
110, 66, 77,
62, 21, 52,
89, 7, 9,
102, 21, 24,
97, 50, 35,
113, 6, 67,
90, 35, 60,
83, 3, 46,
106, 1, 49,
104, 45, 72,
104, -28, 13,
91, 19, 47,
127, 38, 116,
124, -16, 46,
99, 38, 75,
104, 65, 129,
88, 30, 74,
121, 51, 76,
21, 19, 33,
129, 11, 78,
130, 2, 85,
140, 17, 40,
85, -44, 45,
118, 21, 30,
122, 7, 77,
66, 32, 70,
115, 43, 63,
38, 44, 55,
138, 18, 71,
80, 41, 92,
117, 40, 57,
51, 21, 36,
91, 26, 101,
119, -9, 61,
146, 26, 79,
