52, 44, 25,
116, -5, 22,
109, 10, 52,
87, -11, 75,
71, 77, 113,
113, 8, 60,
122, 40, 113,
94, 25, 85,
76, 40, 57,
79, 14, 79,
106, 22, 32,
155, 93, 66,
111, 13, 63,
127, 43, 62,
80, 31, 44,
100, 56, 106,
63, 64, 54,
123, 76, 73,
101, 10, -9,
123, 57, 93,
112, 35, 87,
71, 42, 64,
113, 88, 30,
78, 22, 35,
106, 33, 41,
77, -21, 117,
81, 26, 36,
97, 21, 0,
111, 55, 111,
96, 32, 56,
109, 23, 57,
69, -10, 76,
90, 35, 57,
53, 1, 34,
85, 50, 27,
80, 16, 53,
93, 23, 41,
105, 59, 103,
81, 56, -17,
89, 58, 32,
87, 17, 39,
77, -21, 27,
66, 39, 96,
95, 14, 91,
110, 74, 65,
102, 34, 97,
87, 29, 19,
102, 15, -3,
114, 21, 47,
96, 28, 42,
119, 69, 73,
65, 19, 86,
118, 16, 64,
118, 1, 108,
65, -45, 19,
138, 24, 26,
128, 11, 97,
75, -26, 68,
112, 1, 77,
56, 16, 63,
96, 26, 59,
108, 75, 68,
106, 30, 37,
78, 24, 36,
72, -23, 42,
112, 14, 67,
96, -6, 88,
72, 4, 66,
92, 1, 62,
103, 61, 70,
109, 30, 87,
132, -7, 42,
98, 22, 22,
107, 49, 76,
108, -11, 38,
93, 84, 58,
71, 33, 10,
60, 44, 58,
114, -13, 113,
57, -3, 58,
73, 13, 32,
94, -21, 40,
124, 72, 75,
60, 15, 50,
104, 24, 70,
128, 12, 98,
132, 49, 85,
6, 6, 90,
78, 5, 32,
82, 44, 67,
87, 5, 63,
126, 43, 88,
100, 48, 96,
104, 13, 88,
90, 59, 89,
57, 23, 44,
104, 50, 119,
100, 0, 32,
82, 5, 68,
102, 14, 28,
114, 21, 83,
79, -8, 89,
101, 90, 42,
86, -15, 73,
96, 35, 56,
74, 13, 69,
108, 56, 49,
106, -6, 40,
99, 44, 75,
100, -19, 61,
126, 32, 117,
22, 4, 20,
134, 16, 69,
92, 38, 73,
121, 35, 34,
145, 28, 27,
54, -31, 39,
114, 7, 71,
48, 36, 26,
97, 44, 89,
127, 61, 52,
115, 5, 42,
114, -1, 73,
102, 15, 95,
126, 48, 69,
65, 55, 56,
134, 11, 80,
84, 25, 54,
106, 47, 51,
64, 11, 69,
53, 0, 50,
140, 63, 39,
88, 28, 47,
58, 8, 67,
119, 28, 107,
102, 24, 29,
119, 67, 56,
90, 29, 57,
51, 37, 48,
52, -14, 74,
145, -13, 18,
94, 19, 69,
81, 7, 40,
116, 60, 100,
81, 4, 67,
113, -22, 71,
123, 68, 54,
120, 28, 57,
105, -7, 81,
91, 38, 56,
99, 41, 78,
120, 82, 103,
94, 58, 65,
94, 24, 48,
98, 15, 81,
131, 51, 31,
77, 35, 38,
94, 22, 64,
77, 41, 88,
114, 57, 26,
120, 25, 15,
113, 56, 72,
110, 29, 57,
87, 0, 27,
92, 32, 23,
145, 54, 78,
79, 0, 96,
95, 16, 83,
81, -1, 61,
109, 26, 63,
107, 17, 73,
55, -7, -10,
117, -24, 8,
117, 60, 41,
107, 69, 59,
169, 14, 53,
118, 17, 28,
90, 37, 25,
91, -51, 9,
100, -9, 66,
120, 51, 114,
52, -21, 38,
49, 14, 21,
82, 30, 92,
120, 49, 99,
90, 26, 78,
119, 65, 37,
76, -8, 42,
78, 8, 60,
71, 4, 24,
161, 29, 98,
67, 8, 63,
80, -6, 74,
99, 25, 35,
137, 23, 91,
75, 65, 56,
108, 27, 22,
101, 11, 32,
106, 14, 100,
48, 75, 49,
111, 4, 74,
88, -28, 46,
116, 38, 79,
73, 60, 57,
84, 33, 44,
114, 45, 63,
83, 3, 68,
89, 32, 70,
94, 4, 81,
73, 19, 47,
140, 20, 73,
87, 62, 37,
84, 16, 109,
112, 31, 74,
139, 50, 60,
87, 43, 57,
51, 8, 133,
136, -7, 48,
116, 21, 73,
97, 16, 49,
111, 25, 95,
118, 71, 99,
71, 19, 45,
77, 15, -19,
78, 17, 60,
106, -53, 63,
74, 23, 79,
154, 18, 10,
108, 6, 78,
120, -7, 17,
102, 60, 50,
112, 15, 78,
121, 39, 41,
117, 58, 119,
107, 14, 34,
102, 27, 109,
129, 72, 75,
133, 22, 52,
103, 24, 87,
119, 36, 41,
96, 21, 73,
111, 63, 40,
105, 34, 76,
84, 18, 28,
85, 5, 134,
92, 11, 95,
66, 13, 32,
107, 17, 80,
72, -21, 57,
128, 23, 67,
70, 61, 56,
83, 20, 53,
133, 5, 27,
108, 46, 31,
114, 19, 86,
86, 34, 126,
110, 18, 48,
52, -9, 30,
87, 243, 25,
65, 41, 28,
134, 50, 44,
107, 9, 57,
76, 8, 63,
99, 33, 42,
52, 35, 36,
106, 17, 63,
119, 10, 99,
126, 21, 80,
120, 0, 78,
77, -6, 100,
102, 17, 44,
97, 13, 28,
116, 44, 36,
121, 43, 22,
89, 64, 95,
29, 25, 112,
93, 19, 80,
92, 9, 75,
77, 19, 41,
59, 8, 36,
111, 58, 44,
105, 61, 49,
103, 7, 11,
60, 50, 41,
107, 35, 56,
75, 36, 119,
97, 11, 51,
108, 34, 85,
94, 15, 61,
96, 0, 61,
115, 19, 77,
94, 10, 74,
134, 52, 21,
120, 28, 75,
137, 20, 74,
114, 18, 73,
72, 25, 66,
85, 36, 54,
155, 50, 42,
115, 64, 26,
117, 36, 51,
123, 32, 7,
73, 9, 65,
110, 19, 71,
132, 26, 115,
78, -6, 46,
108, -8, 60,
46, 8, 10,
46, 4, 31,
137, -7, 93,
118, 70, 22,
45, 2, 21,
100, 60, 62,
99, 28, 62,
50, 25, 25,
117, 7, 64,
47, 240, 60,
82, -21, 85,
112, -12, 92,
75, 29, 54,
80, -9, 91,
102, 85, 40,
81, 24, 100,
95, -1, 77,
101, 53, 52,
92, 15, -6,
139, 56, 83,
73, -35, 53,
128, 39, 41,
106, 31, 97,
108, 25, 140,
97, 48, 54,
61, 11, 29,
97, 44, 16,
115, 10, 48,
71, -3, 74,
70, -1, 65,
74, 11, 67,
130, 78, 97,
99, -23, 35,
54, 53, 6,
26, 46, 52,
96, 10, 54,
42, -18, 40,
68, 35, 116,
47, 59, 89,
85, 2, 77,
74, -6, 67,
102, 66, 42,
96, 33, 69,
139, 46, 52,
138, 72, 85,
87, 49, 58,
113, 4, 54,
66, -17, 61,
110, 14, 95,
107, 37, 38,
115, -22, 71,
133, 11, 74,
97, 64, 61,
80, 40, 45,
62, 67, 26,
76, 51, 44,
76, 34, 100,
122, 10, 45,
104, -4, 40,
102, 39, 17,
111, 52, 92,
102, 97, 45,
49, -35, 25,
100, -5, 32,
111, 32, 73,
92, 19, 35,
133, -8, 91,
71, -19, 61,
112, -18, 104,
122, 16, 23,
124, 30, 51,
123, 27, 62,
120, 10, 59,
123, 10, 68,
64, 16, 70,
152, 49, 42,
148, 1, 93,
102, -13, 101,
76, 19, 148,
70, -70, 17,
74, 23, 73,
123, 10, 70,
105, 52, 112,
119, 13, 28,
88, -6, 43,
61, 26, 74,
88, 34, 75,
37, 32, 34,
139, 0, -8,
80, 14, 58,
76, -28, 49,
108, -11, 80,
120, 4, 36,
119, 67, 33,
82, 50, 44,
140, 25, 67,
131, 24, 112,
86, 15, 26,
109, 20, 87,
132, 25, 82,
106, -7, 39,
95, 29, 57,
76, 23, 51,
65, -17, 37,
124, -2, 72,
110, -19, 87,
81, 12, 51,
108, 43, 50,
119, 38, 98,
93, 12, 51,
96, 22, 38,
91, 34, 116,
132, -7, 102,
92, 52, 27,
86, 26, 88,
81, 0, 84,
82, 64, 70,
110, 47, 70,
78, 35, -4,
47, -3, 50,
91, 62, 48,
97, 49, 96,
65, 35, 33,
114, 3, 44,
85, 9, 55,
115, 12, 10,
90, 38, 111,
94, 74, 44,
87, 25, 77,
109, 23, 103,
84, 34, 49,
81, 26, 12,
97, 14, 110,
106, 63, 45,
117, 63, 67,
58, 33, 40,
84, -14, 45,
101, 21, 58,
78, 2, 39,
95, 32, 57,
99, 28, 57,
135, 14, 34,
97, 4, 76,
67, 22, 7,
116, -7, 51,
171, 58, 65,
52, -5, 68,
74, 18, 52,
113, 60, 108,
107, 57, 64,
94, 70, 85,
90, 47, 62,
113, 36, 11,
96, 40, 65,
112, 0, 72,
103, 43, 42,
117, 62, 68,
127, 45, 94,
96, -1, 72,
83, 26, 17,
110, 16, 66,
90, 29, 54,
125, 3, 58,
112, 17, 105,
86, -8, 54,
92, 21, 5,
102, 6, 27,
88, 38, 60,
18, -15, 56,
69, 27, 54,
84, 47, 107,
77, 9, 74,
74, -18, 58,
114, 24, 81,
72, 88, 37,
82, 39, 36,
118, 33, 67,
99, -17, 76,
136, 31, 42,
94, 21, 63,
97, 44, 42,
94, -3, 55,
91, 39, 119,
132, 1, 42,
99, 5, 29,
95, -1, 14,
102, -6, 69,
120, 66, 50,
91, 33, 81,
73, -1, 52,
97, -5, 3,
96, 12, 62,
72, 23, 69,
69, 26, 92,
106, 10, 79,
117, -10, 68,
90, -22, 98,
107, 72, 88,
88, 37, 52,
116, 3, 73,
105, 43, 88,
148, -27, 44,
85, 25, 63,
99, 5, 58,
99, 32, 81,
78, 34, 28,
139, 71, 61,
74, 19, 120,
70, 3, 87,
113, -4, 29,
140, 23, 118,
75, -4, 31,
149, 40, 36,
93, -18, 24,
67, 31, 46,
65, 43, 41,
121, -1, 63,
116, 44, 3,
122, 25, 48,
127, 28, 36,
67, 3, 36,
114, 38, 29,
84, 30, 65,
52, 34, 76,
126, 5, 86,
74, -29, 53,
77, 9, 101,
124, 54, 72,
55, -5, 19,
120, 4, 27,
67, 49, 103,
82, 50, 49,
94, -10, 90,
101, 53, 135,
77, 13, 73,
111, 39, 83,
87, 57, 93,
116, -4, 35,
51, 41, -4,
94, 119, 65,
118, 16, 88,
77, 13, 106,
79, -9, 42,
99, 42, 53,
86, -35, 56,
18, 21, 81,
104, 8, 127,
71, -21, 87,
84, 25, 66,
92, -21, 65,
141, 52, 77,
115, 35, 62,
98, -4, 60,
106, 29, 103,
106, 39, 35,
98, -3, 122,
105, 13, 70,
148, 51, 73,
150, 52, 61,
133, 11, 105,
98, 48, 58,
123, 57, 117,
90, 60, 46,
85, 17, 67,
93, 55, 50,
113, 2, 43,
84, 45, 52,
106, -20, 55,
91, -3, 39,
79, 39, 106,
97, 50, 98,
114, -1, 13,
105, 18, 54,
85, 42, 47,
86, 54, 78,
95, 35, 29,
107, -3, 49,
85, 13, 83,
118, 31, 47,
3, -18, 79,
81, 96, 65,
154, 65, 61,
87, 40, 103,
102, 19, 76,
79, 10, 99,
133, -14, 53,
77, 10, 65,
49, -22, 109,
89, 50, 121,
121, 15, 1,
87, 19, 77,
82, 55, 100,
43, -1, 17,
77, 40, 44,
113, 2, 94,
111, 54, 98,
112, 8, 41,
94, 41, 57,
96, -5, 13,
136, 34, 81,
148, 36, 102,
89, 48, 48,
137, 63, 86,
74, 41, 68,
115, 38, 89,
100, 0, 20,
94, 24, 26,
130, 53, 82,
109, 31, 77,
99, 39, 85,
92, 12, 49,
107, 19, 69,
50, 52, 33,
68, 21, 33,
84, 14, 63,
105, 7, -11,
123, 21, 17,
82, 27, 105,
97, 57, 97,
80, 47, 72,
109, -6, 82,
30, 1, 3,
63, 5, 1,
104, 12, 47,
81, 14, 72,
83, 17, 66,
70, -23, 89,
107, 35, 68,
72, 23, 97,
79, 14, 90,
106, 43, 29,
66, -1, 40,
72, -1, 47,
130, 36, 30,
101, 36, 62,
111, 24, 44,
72, 12, 62,
117, 44, 70,
69, 13, 38,
100, -12, 65,
97, 30, 57,
137, -4, -4,
95, -4, 50,
158, 37, 107,
104, 22, 93,
111, 26, 79,
102, -6, 75,
114, 44, 78,
134, 100, 66,
120, 11, 79,
59, -2, 50,
107, 37, 66,
82, 13, 119,
94, 9, 27,
98, -12, 63,
81, -41, 119,
92, 27, 84,
84, -3, 61,
87, -21, 47,
75, 40, 4,
55, -26, 66,
91, 21, 78,
64, 47, 109,
102, 38, 49,
81, -17, 65,
98, 21, -1,
58, 18, 43,
94, 34, 53,
81, 68, 88,
114, 13, 70,
117, 30, 59,
113, 7, 30,
31, 26, 29,
56, 38, 75,
61, 64, 29,
73, -24, 14,
91, 6, 91,
98, 30, 81,
91, -1, 95,
131, 65, 83,
140, 7, 51,
77, 23, 71,
62, 21, 41,
74, 1, 68,
94, 74, 66,
82, 30, 98,
88, 44, 76,
91, 56, 74,
127, -227, 132,
37, 22, 24,
76, -3, 37,
88, 25, 56,
104, 19, 82,
136, 52, 85,
97, -5, 40,
145, 32, 76,
98, 50, 50,
85, -6, 46,
136, 10, 37,
125, 21, 47,
102, 1, 59,
136, -6, 42,
87, 65, 67,
85, 5, 78,
69, -2, 4,
119, 57, 41,
88, 3, 20,
145, 63, 87,
51, 2, 56,
102, 42, 107,
94, 57, 59,
108, 37, 27,
81, 14, 38,
100, 66, 70,
99, 26, 89,
72, 17, 29,
61, 4, 49,
90, -1, 80,
113, -21, 46,
44, 38, 79,
106, 15, 79,
130, 51, 20,
118, 38, 111,
73, 42, 49,
120, 38, 53,
86, 22, 68,
69, 12, 130,
155, -2, 71,
106, 31, 28,
63, 16, 66,
136, 62, 104,
46, 0, 52,
98, 20, 108,
62, 38, 63,
82, 61, 43,
79, 34, 38,
73, 18, 16,
100, 13, 57,
131, 42, 69,
34, -3, 68,
130, 26, 21,
114, 49, 77,
80, 31, 104,
76, 19, 18,
57, 4, 86,
114, -6, 17,
77, -2, 7,
110, -9, 36,
95, 16, 72,
79, 14, 59,
70, 30, 84,
128, 44, 28,
117, 47, 98,
69, 74, 55,
88, 35, 75,
147, -8, 79,
99, 38, 76,
118, 39, 78,
49, 5, 23,
122, 24, 97,
88, 35, 62,
94, 39, 82,
112, -34, 45,
62, 22, 36,
89, 43, 26,
106, -45, 84,
158, 26, 81,
54, 15, 82,
109, 13, 60,
112, -4, 109,
81, 25, 64,
126, 34, 88,
130, 1, 73,
75, -34, 45,
114, 43, 129,
109, -10, 15,
110, 23, 30,
122, 18, 11,
82, 9, 42,
112, 4, 10,
54, 32, 51,
107, 9, 87,
85, 47, 55,
73, 15, 65,
102, 18, -6,
85, -4, 61,
124, 50, 101,
91, 1, 61,
78, -36, 64,
139, 41, 104,
85, 79, 29,
105, 43, 76,
91, 34, 84,
88, 54, 77,
76, 18, 31,
83, 29, 116,
81, 50, 110,
120, 41, 102,
136, 39, 83,
107, -9, 23,
77, 35, 96,
51, 34, 24,
137, 44, 49,
68, 26, 35,
48, 236, 29,
78, 1, 86,
127, 15, 69,
116, 16, 76,
84, -19, 87,
123, 38, 47,
122, -8, 19,
112, 26, 58,
111, -14, 53,
58, 11, 29,
115, 64, 118,
101, 38, 21,
111, -40, 62,
68, 15, 65,
96, 14, 69,
121, 47, 54,
115, 53, -1,
152, 20, 54,
82, 11, 53,
90, 25, 54,
110, 46, 36,
120, 64, 31,
134, -29, -2,
142, 47, 90,
64, 68, 102,
54, 31, 78,
108, 11, -4,
103, -2, 15,
59, 54, 37,
32, -19, -6,
106, 25, 72,
117, 7, 72,
107, -17, 84,
138, 52, 63,
151, 51, 147,
76, -12, 37,
104, 21, 14,
116, 50, 84,
78, 0, 64,
126, 60, 37,
61, 15, 62,
130, 33, 59,
102, 17, 34,
40, -41, 75,
106, 57, 47,
91, 13, -3,
142, 15, 57,
96, 33, 110,
80, -4, 19,
103, 20, 15,
110, -12, 60,
132, 59, 35,
81, 69, 38,
139, 1, 64,
86, 49, 46,
101, 37, 16,
119, 48, 83,
151, 51, 98,
104, 18, 45,
66, 32, 73,
121, 7, 30,
116, 40, 59,
109, -30, 91,
80, 51, 85,
72, 1, 68,
126, 22, 32,
103, -8, 99,
141, -20, 29,
140, 29, 50,
126, -6, 59,
94, 66, 48,
75, 19, 71,
112, 65, 44,
120, 9, 82,
72, 27, 47,
64, 20, 45,
74, 69, 72,
84, 10, 79,
19, 2, 39,
108, 2, 18,
105, 42, 58,
108, -9, 60,
101, 55, 59,
98, -2, 47,
85, -4, 54,
85, 21, 29,
93, 13, 63,
83, 76, 52,
52, 33, 34,
106, 59, 29,
94, 50, 97,
73, 9, 67,
185, 87, 75,
89, 2, 63,
120, 28, 36,
139, 26, 89,
115, 17, 35,
124, 15, 134,
96, -13, -13,
103, 52, 3,
116, 44, 65,
99, 15, 26,
115, 7, 83,
145, 2, 56,
76, 23, 48,
72, 10, 28,
135, 44, 105,
101, 4, 64,
118, 52, 35,
29, 33, 37,
122, 0, 46,
114, -28, 65,
85, 68, 74,
81, 60, 78,
98, 33, 68,
134, 0, 101,
101, 34, 81,
77, 53, 60,
120, 20, 76,
64, 18, 80,
132, 17, 39,
99, 33, 76,
115, 36, 72,
108, 31, 55,
128, 31, 62,
111, 55, 79,
104, 34, 15,
83, 16, 58,
82, 7, 66,
37, 36, 95,
115, 29, 41,
93, 39, 38,
54, 26, 40,
87, 12, 77,
66, 20, 40,
105, 36, 50,
112, 34, 100,
120, 64, 10,
99, 55, 16,
105, -1, 59,
119, 5, 67,
112, 81, 75,
84, 24, 61,
110, 16, 48,
93, 31, 82,
90, 24, 130,
77, 24, 60,
91, 30, 64,
118, 19, 65,
100, 46, 11,
133, -8, 33,
140, 13, 77,
113, 0, 76,
122, 32, 37,
47, 14, 108,
82, -5, 92,
142, 51, 55,
81, 3, 95,
93, -30, 54,
95, 48, 87,
98, -4, 74,
89, 114, 71,
137, -3, 60,
80, 21, 59,
103, 60, 72,
97, 22, 92,
103, 20, 63,
103, 30, 59,
80, 15, 101,
95, 21, 87,
44, 0, 27,
119, -11, 62,
67, 18, 119,
113, -18, 85,
97, 70, 136,
89, 12, 40,
85, -22, 56,
125, 41, -19,
83, 54, 68,
147, -31, 38,
95, -18, 48,
110, -16, 35,
95, 31, 77,
102, 33, 106,
85, 38, 104,
69, -26, 44,
118, 52, 89,
81, -7, 5,
103, 19, 71,
76, 26, 65,
111, -11, 19,
66, 68, 64,
43, 56, 40,
116, -37, 66,
116, -9, 63,
81, 31, 83,
108, 72, 25,
66, 34, 54,
92, -23, 40,
143, 43, 58,
122, 2, 111,
102, 15, 97,
92, 9, 83,
72, 24, 38,
86, -1, 61,
63, 15, 58,
80, -3, 43,
98, 39, 40,
54, 24, 43,
99, 0, 67,
101, 73, 97,
83, 34, 69,
102, -6, 44,
158, 28, 75,
123, -44, 55,
71, 22, 77,
108, 39, 43,
99, -48, 10,
68, 35, 72,
21, 33, 65,
71, 27, 75,
112, 58, 116,
85, -10, 60,
142, 47, 97,
61, 43, 71,
65, 16, 75,
102, 71, 1,
100, 29, 2,
81, 51, 50,
59, -6, 64,
112, 46, 92,
114, 62, 87,
115, 19, 88,
108, 42, 67,
83, 58, 42,
76, 43, 74,
123, 9, 52,
115, 13, 62,
120, 83, 43,
72, 57, 64,
36, -22, 19,
70, 45, 45,
119, 66, 61,
53, 51, -6,
93, 27, 43,
80, 15, 51,
49, 32, 100,
83, -6, 91,
112, 22, 80,
98, -11, 75,
81, 25, 81,
92, 57, 51,
70, 13, 103,
100, 23, 57,
108, 45, 15,
83, 47, 66,
95, 32, 74,
82, 5, 63,
127, 12, 66,
93, 14, 42,
96, 3, 59,
76, 72, 75,
117, 70, 94,
114, -18, 24,
126, 48, 64,
122, 1, 94,
114, 24, 55,
89, -1, 57,
152, 17, 44,
65, 5, 44,
104, 34, -10,
99, 18, 35,
90, 20, 61,
109, 29, 48,
14, 14, 12,
103, -3, 100,
134, 59, 79,
71, -22, 98,
103, 15, 10,
97, 18, 38,
93, 13, 105,
108, 23, 86,
119, 45, 74,
98, 62, 58,
129, -4, 62,
101, 67, 41,
117, 49, 86,
96, 3, 14,
104, 27, 69,
83, 69, 74,
79, 37, 114,
100, 35, 78,
136, 22, 40,
100, 33, 35,
88, 66, 56,
76, 55, 86,
143, 32, 59,
44, 29, 40,
110, -19, 67,
102, 34, 100,
113, 64, 74,
95, 31, 92,
118, 71, 99,
110, -2, 9,
84, 37, 41,
103, 18, 88,
110, 7, 79,
102, -3, 65,
135, 30, 57,
114, 48, 85,
64, 35, 56,
111, 30, 4,
83, 34, 125,
96, 21, 65,
50, 20, 59,
85, -12, 15,
85, 37, 41,
99, 25, 43,
113, 46, 36,
125, 41, 114,
117, -30, 26,
177, 33, 65,
114, 52, 71,
119, 41, 100,
122, 24, 64,
113, 9, 67,
86, 0, 73,
81, 24, 59,
113, 35, 28,
152, 17, 36,
54, 41, 92,
115, 59, 84,
88, 17, 49,
56, 45, 81,
91, 51, 81,
71, 32, 142,
110, 35, 49,
146, 1, 81,
57, 31, 58,
135, 53, 66,
142, -4, 114,
70, -8, 56,
134, 51, 60,
136, 11, 93,
109, 18, 54,
117, 44, 52,
101, 12, -9,
77, 47, 79,
122, 0, 112,
120, 41, 62,
126, -42, 31,
61, 1, 18,
105, 23, 63,
112, -38, 63,
33, 20, 87,
86, 4, 66,
85, 34, 138,
70, 27, 21,
96, -11, 36,
123, 24, 52,
114, 30, 54,
73, 55, 95,
101, -12, 27,
90, 4, 7,
121, 16, 56,
125, 63, 56,
100, 61, 100,
91, 35, 90,
71, 17, 64,
48, 49, 47,
88, 18, 12,
115, 23, 48,
49, -3, 26,
43, 49, 77,
137, -23, 86,
84, 45, 39,
69, 20, 46,
125, 10, 79,
64, 8, 62,
111, 13, 29,
90, 29, 27,
92, 3, 64,
76, 9, 88,
120, 30, 62,
82, 23, 73,
109, 39, 68,
55, -25, 57,
123, 11, 41,
101, -8, 30,
41, 12, 60,
57, 17, 46,
53, 19, 60,
91, 25, 71,
103, 32, 40,
96, 33, 84,
48, 53, 45,
90, 51, 49,
64, 1, 39,
94, -16, 71,
82, 13, 58,
88, 24, 113,
64, -2, 44,
107, 6, 58,
93, 80, 74,
89, 14, 69,
83, 54, 36,
41, -4, 44,
85, 21, 27,
93, 26, 93,
63, 35, 81,
145, 39, 55,
59, 2, 20,
123, 13, -13,
74, 19, 54,
115, 19, 95,
82, -6, 37,
101, 34, 40,
69, 8, 88,
98, 50, 105,
105, 12, 16,
64, -1, 62,
54, -29, 53,
74, 6, 40,
123, 30, 72,
91, 64, 29,
106, 30, 48,
91, 43, 33,
85, 29, 16,
93, 18, 58,
110, 9, 55,
84, 13, 86,
87, 19, 63,
80, -21, 32,
79, 22, 69,
101, 46, 41,
135, 80, 10,
64, 3, 49,
93, 29, 35,
76, 19, 95,
102, 16, 71,
101, 32, 80,
110, 3, 75,
94, 26, 30,
98, 8, 24,
79, 12, 61,
100, 19, 89,
67, 31, 49,
68, -2, 44,
100, 46, 57,
110, 39, 98,
91, 15, 93,
139, 33, 19,
52, 58, 71,
105, -19, 34,
106, 2, 42,
77, -28, 91,
94, -25, 97,
64, 20, 84,
78, 6, 26,
91, 4, 74,
103, 10, 49,
77, 59, 74,
94, 19, 39,
88, 58, 53,
109, 34, 83,
122, 50, 43,
123, 17, 65,
80, 27, 90,
59, -241, -30,
115, 21, 38,
124, 33, 107,
111, -9, 42,
148, 47, 72,
101, 24, 45,
69, 5, 27,
154, 63, 80,
70, 21, 59,
85, 4, 62,
138, 32, 98,
126, 23, 99,
119, -4, 73,
107, 58, 42,
119, 57, 32,
109, -32, 53,
125, 39, 86,
142, 13, 51,
103, 14, 72,
151, 64, 83,
123, 36, 76,
95, 36, 61,
68, -3, 79,
57, 15, 48,
99, -39, 31,
53, 26, 18,
14, 41, 82,
114, 49, 111,
111, 26, 100,
106, 11, 66,
45, 9, 18,
120, 30, 71,
119, 22, -6,
91, 19, 61,
113, 26, 46,
111, 38, 17,
70, 25, 13,
120, 36, 119,
97, -3, 30,
87, 39, 46,
91, 36, 46,
112, 19, 102,
108, 11, 98,
117, -4, 46,
132, 46, 81,
106, 9, 66,
129, 39, 91,
109, -15, 70,
67, 27, 122,
134, 54, 58,
88, -2, 56,
91, 25, 2,
166, 19, 46,
68, 23, 79,
99, 28, 67,
108, 28, 31,
81, 35, 85,
98, -1, 48,
61, 32, 77,
85, 43, 55,
102, -19, 48,
103, 12, 97,
111, -3, 1,
117, 19, 46,
100, 93, 59,
142, 33, 40,
78, -10, 49,
130, 39, 53,
102, 0, 66,
102, 24, 44,
117, 28, -11,
90, 15, 33,
82, 70, 72,
91, 7, 35,
63, 32, 33,
142, 24, 41,
72, 54, 109,
76, -12, 104,
113, 17, 70,
88, 36, 47,
105, 52, 57,
117, 61, 99,
114, 28, 101,
107, 54, 94,
96, -10, 48,
82, 14, 14,
78, 40, 80,
118, 69, 36,
126, 55, 97,
116, 15, 29,
97, 37, 16,
77, 39, 32,
80, 33, 31,
91, 39, 90,
66, 4, 34,
101, 38, 103,
32, 57, 63,
82, 75, 54,
58, 35, 31,
94, 50, 65,
79, 3, 49,
48, 40, 35,
97, 40, 64,
126, 22, 46,
79, 18, 23,
50, 24, 16,
137, 5, 36,
115, 0, 76,
111, 10, 87,
89, -7, 44,
129, 79, 63,
63, -3, 42,
144, 0, 77,
65, 10, 23,
85, 47, 84,
126, 22, 35,
68, 57, 67,
100, 14, 84,
95, 60, 79,
85, 30, 70,
109, 37, 8,
129, 37, 45,
77, 26, 18,
110, 11, 1,
93, 41, 61,
66, 40, 115,
122, 8, 26,
57, 0, 84,
103, 3, 109,
134, 8, 24,
86, 33, 41,
102, 48, 47,
106, 15, 71,
133, 74, 71,
109, 24, 70,
120, -23, 72,
82, 7, 55,
100, 23, 50,
137, 9, 21,
77, 55, 83,
85, 49, 50,
95, -16, 36,
118, 37, 64,
131, 37, -11,
90, 13, 19,
102, -9, 111,
86, -13, 41,
104, 13, 27,
100, 46, 108,
140, 37, 49,
145, -7, 98,
92, 8, 98,
109, 22, 83,
113, 38, 105,
67, -15, 47,
56, -2, 61,
74, 50, 103,
59, -7, 21,
112, 36, -8,
81, 26, 70,
72, -11, 39,
90, 45, 101,
46, 41, 74,
54, 40, 57,
129, 67, 53,
112, 41, 59,
110, 31, 42,
70, -7, 6,
88, -8, 57,
109, 74, 106,
67, 15, 41,
76, -7, 37,
133, 12, 74,
26, 40, 46,
97, 62, 39,
78, 10, 77,
55, 42, 44,
94, 33, 59,
115, -1, 92,
121, 20, 56,
70, 9, 41,
125, 9, 53,
51, 28, 44,
143, 18, 76,
129, 37, 77,
83, 14, 35,
79, 33, 62,
91, 27, 63,
128, 43, 107,
122, 51, 93,
124, 29, 90,
112, 63, 10,
79, -5, 53,
66, 10, 41,
84, -2, 15,
131, 40, 58,
102, 37, 54,
129, 48, 83,
92, 51, 34,
75, 28, 96,
6, 20, 59,
89, 12, 89,
127, -9, 57,
167, 55, 79,
112, 60, 50,
117, 49, 44,
83, 31, 78,
106, 29, 54,
87, -29, 70,
84, 10, 60,
154, 39, 28,
103, -23, 83,
100, 45, 51,
85, -19, 33,
112, 41, 58,
122, -21, 38,
83, 21, 58,
90, 5, 84,
85, -18, 96,
85, -27, 71,
55, 51, 30,
81, 39, 70,
100, 63, 45,
76, 28, 38,
70, 23, 35,
65, 6, 61,
119, 34, 111,
131, 14, 57,
96, 77, 26,
100, 48, 26,
90, -7, 93,
108, 3, 74,
93, 10, 41,
120, -13, 62,
64, 86, -1,
130, 41, 89,
111, 74, 74,
90, 10, 93,
53, 26, 58,
104, -4, 64,
136, 20, 34,
102, 10, 38,
78, 48, 75,
128, 65, 91,
103, 56, 49,
67, 9, 41,
100, 38, 43,
128, 26, -7,
125, 13, 33,
122, 44, 46,
87, 30, -13,
86, 13, 80,
69, 46, 63,
56, 23, 20,
147, 9, 63,
100, 30, 96,
112, 24, 19,
83, 30, 60,
118, 14, 99,
106, 22, 68,
122, 20, 38,
80, -2, 70,
40, 11, 65,
74, 36, 32,
118, 14, 88,
94, 32, 30,
99, 28, 38,
42, 53, 116,
80, 12, 31,
140, 64, 25,
108, -2, 96,
53, 3, 43,
83, 43, 79,
76, 5, 114,
96, 42, 1,
110, 23, 48,
27, 17, 69,
67, 21, 3,
95, 67, 96,
156, 58, 78,
129, 55, 49,
82, -25, 73,
78, -46, 53,
93, 16, 84,
83, -10, 62,
92, -7, 50,
91, 13, 76,
132, 49, 87,
117, 43, 40,
110, 42, 49,
99, 54, 89,
90, 6, 60,
79, 6, 104,
86, 9, 46,
77, 49, 13,
44, 46, 44,
88, 11, 66,
107, 39, 31,
108, 52, 102,
67, 60, 65,
112, 7, 22,
117, 38, 59,
98, 38, 53,
112, 37, 72,
95, 20, 12,
60, -4, 25,
70, 49, 112,
72, 42, 95,
111, 34, 51,
81, 42, 27,
77, 0, 68,
110, -14, 80,
111, 69, 68,
121, -1, 30,
133, 68, 79,
91, 17, -4,
74, 32, 38,
132, 30, 48,
136, 58, 71,
108, 51, 114,
102, -41, 63,
76, 33, 73,
43, 65, 51,
82, 16, 68,
60, 3, 61,
124, 54, 75,
133, 55, 16,
133, 29, 76,
110, 11, 44,
132, 41, 58,
85, 25, 95,
102, 68, 46,
22, 46, 66,
135, 34, 2,
85, -25, 40,
91, 13, 28,
78, 43, 70,
59, 32, 54,
112, 69, 66,
121, 13, 30,
138, 25, 69,
108, -28, 118,
77, 9, 81,
129, 34, 105,
110, 47, 64,
66, -9, 59,
77, 23, 8,
127, 35, 82,
58, 28, 87,
107, 41, 37,
73, 1, 4,
105, 67, 94,
83, -2, 33,
48, 14, 2,
111, 57, 29,
91, 0, 23,
113, 9, 53,
114, 28, 74,
118, 13, 6,
138, 47, 4,
149, 15, 58,
80, 3, 60,
90, -27, 48,
158, 47, 51,
144, 74, 24,
151, 13, 52,
104, 70, 93,
101, 42, 135,
97, 25, 15,
130, -15, 33,
112, 22, 77,
86, 20, 4,
87, 69, 97,
49, 17, 66,
92, 1, 83,
52, 34, 96,
37, 9, 76,
62, 46, 38,
66, 47, 67,
111, 65, 81,
104, 40, 44,
71, 20, 56,
145, 71, 124,
90, 49, 36,
100, 64, 87,
79, -3, 24,
104, -11, 81,
55, 10, 86,
105, 40, 64,
54, -23, 102,
107, 47, 68,
34, -8, 60,
123, 61, 88,
54, -21, 25,
93, -26, 78,
80, -8, 81,
49, -25, 83,
82, 9, 44,
78, 9, 27,
96, -18, 61,
70, 37, 50,
109, -2, 95,
71, 35, 103,
71, 13, 22,
74, 40, 17,
117, -27, 57,
120, -36, 94,
84, 20, 12,
123, 54, 66,
73, 30, 69,
80, -11, 100,
97, 0, 108,
74, 36, 54,
76, 14, 58,
75, 25, 48,
34, 68, 56,
102, 75, 66,
81, 15, 43,
89, 27, 3,
142, 35, 21,
77, 14, 56,
106, 34, 68,
55, -10, 7,
62, 0, -10,
132, 20, 54,
73, 25, 82,
96, 3, 24,
92, 32, 80,
96, 58, 85,
123, 12, 35,
114, 43, 17,
110, 20, 69,
73, 24, 67,
126, 32, 73,
114, 17, 70,
75, 47, 66,
61, 19, 66,
107, -13, 66,
144, 30, 53,
101, -3, 35,
92, 23, 85,
41, 20, 59,
111, 53, 78,
122, 10, 43,
123, 30, 86,
105, 8, 115,
110, 4, 18,
128, 27, 87,
98, 6, 48,
94, 22, 79,
66, 30, 128,
96, 75, 69,
124, 41, 68,
105, 13, 101,
112, 63, 61,
114, 58, 74,
125, 51, 36,
33, 18, 46,
106, -18, 42,
110, 10, 23,
88, 29, 77,
87, 12, 13,
67, 37, 94,
95, 29, 81,
42, 21, -5,
125, -41, 110,
84, 69, 68,
78, 38, 55,
123, -39, 34,
82, -60, 67,
97, 26, 61,
105, 26, 57,
127, 59, 75,
95, -6, 87,
67, -1, 41,
102, 3, 40,
151, 5, 91,
78, 18, 88,
138, -14, 77,
68, 35, 56,
104, 36, 101,
110, -15, 13,
133, 62, 111,
88, 14, 46,
88, 7, -7,
110, 33, 83,
91, 21, 41,
122, -7, 58,
80, 20, 68,
59, 3, 68,
62, 31, 76,
72, 2, 107,
114, 58, 7,
79, 39, 56,
107, 44, 56,
68, 14, 26,
98, 51, 67,
135, 6, 50,
101, 0, 51,
98, -32, 66,
110, 77, 74,
90, 33, 36,
118, -24, 59,
74, 13, 52,
118, 17, 26,
90, -15, 6,
96, 15, 75,
116, -8, 103,
96, 23, 80,
133, -2, 86,
126, -14, 88,
126, 57, 70,
94, 10, 98,
40, 31, 98,
89, 35, 69,
117, 14, 40,
74, -17, 62,
99, 61, 66,
72, 28, 45,
115, -19, 60,
80, 27, 66,
64, 41, 74,
109, 31, 70,
139, -12, 84,
103, 30, 136,
135, 55, 84,
64, 17, 53,
106, 35, 66,
106, 27, 100,
49, -14, 114,
109, 52, 26,
104, -7, 12,
76, 6, 90,
77, 46, 93,
104, 36, 36,
63, 13, 20,
103, 47, 91,
118, 12, 40,
124, 57, 86,
87, 31, 55,
97, 25, 84,
88, 21, 28,
100, 19, 91,
74, 8, 87,
106, 50, 50,
154, 5, 114,
57, -27, 113,
134, 25, 38,
92, 11, 64,
113, 44, 57,
115, -7, 61,
121, 38, 78,
101, 59, 26,
88, 39, 47,
117, 51, 97,
128, 64, 106,
79, 1, 24,
78, 21, 85,
57, 15, 74,
67, 37, 33,
67, 30, 31,
105, 68, 86,
109, 11, -10,
138, 18, 104,
113, 41, 65,
110, 1, 42,
89, 9, 48,
107, -36, 5,
107, 24, 38,
107, -3, 44,
62, 47, 66,
53, 42, 83,
151, 36, 97,
88, 12, 87,
38, 0, 75,
67, 17, 71,
103, 23, 243,
106, 49, 91,
121, 7, 38,
25, 58, 55,
105, -12, 80,
126, 8, 77,
73, 10, 59,
67, 8, 5,
99, 7, 71,
42, 46, 46,
64, 17, 101,
75, 6, 114,
62, 31, 30,
136, 68, 107,
74, 25, 63,
114, 31, 57,
124, 6, 67,
89, 58, 29,
106, 31, 62,
90, 7, 95,
127, -7, 22,
115, 59, 55,
95, 48, 66,
58, -23, 54,
115, 19, 90,
111, 8, 27,
74, 42, 66,
89, 26, 59,
67, 46, 56,
165, 21, 64,
101, 41, 30,
118, 12, 55,
103, 39, 52,
104, 3, 20,
108, 30, 0,
98, 83, 63,
87, 22, 14,
74, 19, 35,
95, 51, 61,
110, 52, 45,
98, 27, 109,
88, 3, 73,
103, 37, 52,
82, 25, 50,
165, 7, 34,
98, -8, 76,
105, 51, 35,
98, 21, 20,
92, 56, 88,
120, -34, 34,
75, 18, 53,
96, 50, 16,
118, 24, 114,
111, 47, 27,
136, 6, 48,
85, 13, 68,
49, 14, 61,
122, 38, 58,
107, 79, 78,
124, 38, 92,
83, 43, 48,
95, 27, 76,
119, 18, 82,
111, 49, 92,
96, 19, 66,
78, 35, 47,
111, 14, 23,
71, 19, 51,
70, 43, 86,
102, -12, 55,
115, -34, 93,
101, 45, 61,
101, 61, 91,
108, 27, 58,
67, 56, 52,
106, 46, 83,
79, 72, 88,
63, 51, 69,
92, 63, 48,
66, 22, -10,
117, 29, 43,
105, 45, 21,
112, -1, 78,
74, 63, 54,
45, 8, 114,
99, 25, 28,
68, 2, 67,
97, 46, 112,
81, -42, 43,
92, 32, 64,
97, 42, 18,
68, 47, 42,
99, 16, 70,
71, -251, 67,
48, -2, 62,
112, 10, 61,
135, 29, 79,
121, -8, 70,
93, 48, 57,
144, 32, 20,
71, 66, 90,
81, 26, 110,
111, 26, 90,
67, 61, 35,
129, 20, 100,
38, 5, 58,
114, 29, 54,
120, -5, 112,
121, -17, 33,
35, 13, 74,
130, 52, 62,
129, 31, 79,
113, 60, 64,
101, -3, 85,
82, -11, 4,
100, 49, 49,
60, 18, 100,
97, 53, 64,
85, 15, 35,
85, 40, 39,
90, 39, 71,
134, 12, 55,
124, 45, 89,
108, 28, 39,
128, 59, 29,
107, 38, 49,
118, 27, 127,
75, 3, 40,
135, 19, 86,
45, -32, 95,
100, 40, 13,
134, 24, 58,
6, 22, 82,
94, 7, 42,
128, 25, 83,
97, -21, 56,
124, 35, 82,
101, -12, 4,
89, 34, 53,
121, 24, 59,
107, 9, 94,
87, 24, 112,
87, 26, 108,
89, 32, 42,
97, 12, 63,
98, -25, 37,
109, 30, 93,
63, 18, 67,
113, 39, 104,
108, 6, 10,
96, 12, 62,
121, 7, 72,
85, 29, 52,
54, -33, 123,
82, -6, 91,
72, 31, 33,
133, 12, 89,
98, -7, 44,
109, 63, 58,
108, 24, 72,
155, 0, 27,
87, 15, 45,
105, 21, 6,
85, 46, 101,
134, 13, 105,
98, 19, -4,
67, -23, 42,
84, -11, 100,
72, 17, 124,
112, 36, 13,
92, 48, 38,
107, 18, 89,
126, 52, 94,
63, 3, 57,
112, 76, 66,
73, 6, 54,
101, 5, 26,
117, 22, 54,
91, 29, 53,
96, 28, 124,
117, 30, 27,
156, 29, 26,
115, 94, 103,
96, -20, 78,
107, 31, 94,
65, 70, 56,
135, 36, 80,
67, -1, 57,
102, 30, 87,
116, 75, -1,
100, 22, 21,
80, 48, 78,
149, 88, 74,
103, 62, -7,
91, -5, 52,
76, 44, 51,
84, 22, 25,
109, 37, 96,
99, 1, 60,
108, 17, 46,
123, 38, 31,
85, 40, 34,
120, 25, 62,
75, -12, 46,
125, 35, 114,
110, 16, 26,
132, 71, 109,
116, 22, 102,
59, -1, 31,
104, 49, 75,
109, 33, 84,
51, 23, 66,
96, 53, 61,
128, 24, 45,
120, 12, 26,
54, 34, 59,
62, 8, 49,
91, 51, 71,
74, 71, 68,
138, 43, 61,
33, -34, 70,
110, 9, 40,
82, 5, 35,
87, 46, 28,
112, 9, 35,
106, 41, 76,
91, 50, 57,
80, 78, 80,
162, 43, 21,
101, 3, 25,
137, 35, 148,
102, 22, 75,
85, 61, 87,
74, -20, 47,
127, 3, 25,
104, 22, 70,
125, 63, 73,
98, 36, 52,
87, -1, 49,
102, 25, 47,
83, 11, 49,
91, 53, 47,
59, 0, 93,
140, 54, 67,
120, 16, 102,
118, 4, 90,
66, 38, 71,
113, 40, 95,
119, 82, 33,
72, 11, 45,
108, 19, 2,
61, 37, 95,
146, 38, 92,
94, 48, 74,
92, 31, 43,
86, 9, 84,
118, 10, 44,
85, 31, 39,
78, 22, 68,
89, 4, 33,
66, 43, 85,
88, 10, 63,
89, 30, 16,
43, 20, 98,
42, 3, 31,
106, 24, 70,
73, -6, 72,
73, 2, 69,
141, 70, 88,
53, 41, 23,
139, 45, 89,
82, -220, 18,
51, 50, 91,
83, 19, 95,
123, 63, 35,
144, 1, 87,
60, 21, 59,
120, 27, 78,
107, 4, 83,
108, 15, 13,
60, 25, 22,
70, 30, 20,
118, 15, 47,
127, 56, 60,
82, 28, 30,
107, 51, 93,
99, 37, 71,
58, 15, 49,
125, 37, 70,
121, 50, 37,
111, 73, 65,
139, 53, 33,
107, 23, 55,
92, 3, 20,
102, 52, 68,
91, 25, 42,
71, -34, 11,
99, 13, 97,
98, 39, 66,
74, -5, 53,
85, 32, -2,
99, 12, 42,
106, -6, 31,
98, -6, 88,
116, 41, 78,
112, 7, 89,
103, 59, 59,
66, 47, 107,
118, -3, 61,
111, 30, 45,
90, 74, 86,
100, 51, 60,
132, -13, 67,
53, -7, 9,
118, 53, 43,
104, 20, 99,
89, 51, 107,
83, 12, 44,
91, 0, 68,
62, 21, 85,
79, 6, 66,
118, 18, 72,
117, 45, 106,
106, 37, 71,
143, 47, 47,
118, 21, 109,
76, -26, 87,
114, 37, 62,
51, 10, 39,
49, 63, 97,
122, 8, 80,
79, 30, 15,
89, 49, 78,
95, 25, 85,
121, 87, 88,
46, 4, 60,
130, 71, 36,
57, 1, 90,
85, -14, 55,
102, 14, 87,
98, 27, 16,
106, 11, 90,
125, 44, 91,
114, 47, 40,
58, 23, 103,
82, 49, 22,
111, 35, 76,
89, 9, 68,
92, 48, 80,
103, 53, 68,
93, 36, 12,
125, 52, 89,
125, 17, 59,
57, 46, 22,
107, 9, 59,
84, 35, 114,
69, 37, 63,
49, 5, 73,
80, -6, 69,
104, 50, 8,
102, -38, 31,
100, -5, 63,
110, 23, 108,
116, 9, 39,
103, 35, 52,
79, -32, 108,
50, 36, 68,
108, 3, 62,
108, 2, 50,
109, 63, 67,
116, 35, 79,
66, 65, 103,
113, 2, 95,
121, 51, 99,
106, 7, 78,
76, 33, 152,
88, 37, 86,
99, 57, 44,
48, 7, 57,
72, 42, 140,
78, 54, 33,
92, 20, 88,
129, 69, 72,
121, -20, 89,
129, 41, 59,
83, 2, 8,
108, 45, 38,
109, 28, 42,
100, 31, 84,
125, 45, 62,
42, 64, 85,
89, 5, 18,
97, 47, 74,
129, 40, 99,
103, 24, 73,
106, 37, 28,
139, 25, 109,
52, 9, 27,
61, -16, 43,
130, 51, 106,
128, 70, 82,
78, 44, 10,
107, 36, 108,
105, 18, 68,
68, 39, 46,
134, 31, 61,
81, 30, 58,
158, 71, 96,
127, 7, 44,
121, 29, 96,
107, 45, 25,
138, 20, 46,
145, 8, 100,
84, 43, 46,
77, 31, 70,
111, 65, 92,
88, 56, 58,
158, 45, 43,
62, 57, -7,
121, 25, 28,
80, 55, 47,
103, -7, 97,
80, 7, 61,
70, 43, 51,
90, 1, 33,
87, 13, 10,
127, 24, 78,
129, 24, 29,
106, 30, 99,
90, 14, 59,
111, 11, 90,
94, 40, 96,
63, 16, 59,
114, 43, 13,
97, -21, 55,
118, 51, 58,
61, 2, 13,
89, 27, 70,
78, -34, 17,
99, 39, 48,
117, 85, 103,
95, 22, 31,
95, 7, 99,
110, 30, 72,
118, -9, 75,
89, 23, 58,
93, 23, 46,
83, 26, 5,
94, 40, 107,
102, -55, 25,
85, 31, 8,
79, 3, 86,
107, 14, 50,
153, 25, 49,
88, 14, 28,
94, 35, 91,
109, 33, 70,
43, -11, 99,
65, 28, 86,
147, 68, 66,
137, 6, 80,
86, -3, 39,
93, 28, 35,
86, 8, 36,
191, 65, 83,
108, 23, 29,
94, 9, 123,
53, -4, 61,
88, 51, 63,
96, 24, 69,
82, 31, 1,
68, 9, 66,
95, 20, 67,
58, 44, 50,
83, 22, 16,
64, -15, 42,
92, 38, 31,
79, 26, 45,
121, 19, 59,
90, -28, 42,
79, 79, 44,
123, 57, 38,
53, 33, 88,
77, 9, 46,
75, 47, 51,
92, 38, 67,
94, -4, -6,
97, 30, 51,
103, 23, 59,
78, 66, 59,
95, 30, 72,
68, 44, 69,
97, 32, 29,
76, 7, 37,
63, 15, 54,
92, 7, 66,
100, 23, 66,
125, -4, 78,
66, 62, 30,
105, 47, 74,
69, 19, 16,
126, 25, 35,
105, 30, 96,
84, 40, 62,
116, 34, 81,
136, 12, 50,
102, 27, 60,
46, 16, 92,
83, 28, 104,
92, 26, 15,
76, 42, 115,
86, -5, 25,
101, 53, 37,
84, 61, 61,
74, 8, 61,
118, 9, 58,
132, 27, 43,
90, 17, 64,
97, 14, 88,
111, 33, 37,
116, 25, 64,
81, 8, 109,
84, 11, 59,
68, 0, 97,
77, 64, 42,
108, 39, 75,
87, 29, 65,
86, -5, 42,
45, 32, 71,
102, 24, 53,
82, 1, 32,
76, -16, 108,
131, 30, 74,
40, 40, 37,
120, -9, 74,
68, 15, 16,
107, 39, 88,
120, 36, 45,
97, 30, 74,
123, 36, 73,
64, 35, 58,
102, 15, 64,
113, 9, 40,
77, 4, 140,
64, -14, 62,
70, 32, 52,
59, -8, 48,
80, 36, 67,
125, 9, 71,
72, 61, 79,
129, 5, 44,
83, -4, 80,
99, 19, 61,
35, 39, 84,
54, -9, 20,
106, -1, 98,
85, 30, 50,
109, -5, 74,
58, 43, 138,
104, 4, 26,
109, 10, 110,
68, -14, 77,
67, 33, 79,
98, 56, 91,
130, 32, 76,
87, 37, 68,
112, 23, 42,
102, 36, 121,
99, -4, 26,
111, 42, 57,
67, 42, 71,
112, 52, 68,
116, 53, 109,
86, 16, 61,
77, 14, 44,
104, 52, 76,
86, 44, 71,
162, 49, 45,
126, -10, 34,
83, 73, 35,
103, 57, 66,
116, 23, 80,
160, 39, 74,
94, 1, 77,
57, 7, 66,
86, 15, 98,
74, 13, 66,
78, 13, 30,
99, 10, 65,
94, 64, 79,
50, 20, 20,
61, -6, 23,
78, 44, 63,
118, 22, 75,
46, 7, 15,
51, 55, 52,
90, 10, 27,
100, 21, 112,
118, 14, 20,
129, -15, 35,
174, 31, 104,
35, 5, 1,
78, 2, 77,
177, 61, 87,
84, 17, 108,
98, 29, 126,
89, 8, 77,
69, 22, 95,
153, 81, 61,
84, 60, 46,
125, 40, 54,
74, 21, 27,
103, -14, 50,
104, 29, 39,
124, 34, 116,
102, 36, 112,
103, 17, 57,
120, -18, 2,
80, -17, -13,
113, 43, 62,
105, 11, 65,
104, 16, 61,
142, 45, 90,
102, 21, 29,
118, 2, 65,
166, -16, 9,
85, 1, 65,
56, -10, 34,
103, 95, 41,
174, 75, 54,
79, 25, 60,
108, 51, 43,
65, -12, 44,
96, 21, 76,
101, 34, 10,
74, 40, 68,
70, 15, 39,
95, 20, 89,
152, 29, 90,
85, 28, 45,
58, -31, 114,
140, 70, 68,
100, 18, 27,
93, 47, 70,
86, 1, 54,
71, 15, 36,
102, 32, 63,
118, 81, 5,
67, -12, 86,
89, -15, 69,
114, 70, 51,
77, 32, 104,
70, 4, 14,
59, 60, 50,
111, 39, 87,
63, 8, 15,
100, 57, 71,
131, 41, 23,
116, 4, 57,
84, 21, 100,
97, 47, 55,
114, 51, 43,
119, 12, 64,
152, 34, 84,
97, -15, 68,
49, 21, 27,
117, 50, 38,
68, 46, 48,
102, 6, 89,
111, 49, 76,
116, 50, 55,
65, 34, 53,
73, 66, 30,
103, 39, 114,
94, 16, 79,
116, -4, 35,
127, 34, 93,
51, 6, 30,
105, 51, 57,
116, -23, 88,
132, -13, 97,
42, 54, 81,
95, 51, 63,
114, 24, 33,
70, 44, 73,
78, 53, 39,
95, 22, 84,
87, 21, 68,
117, 12, 62,
106, 29, 71,
73, 5, 48,
81, 5, 44,
91, 36, 62,
122, -7, 74,
109, -4, 94,
65, 10, 45,
103, 17, 49,
69, 33, 33,
126, 3, 67,
67, 60, 44,
122, 11, 61,
109, 61, 48,
104, 12, 58,
101, 5, 70,
127, 28, 46,
100, 56, 49,
83, 3, 94,
110, 22, 107,
86, -256, 93,
112, 2, 92,
75, -27, 42,
128, 26, 41,
114, 38, 58,
90, 23, 52,
116, 57, 102,
77, -3, 67,
74, 16, 53,
108, 20, 49,
45, 50, 71,
132, -3, 50,
109, 65, 22,
121, 43, 63,
71, 61, 44,
93, 21, 48,
85, 22, 50,
90, 80, 48,
68, 32, 22,
115, 26, 52,
101, 47, 47,
127, 36, 28,
122, 61, 74,
75, 4, 64,
61, 15, 61,
118, 0, 39,
122, 16, 67,
102, 25, 76,
102, -1, 55,
59, -7, 64,
95, -9, 48,
86, 0, 26,
85, 63, 82,
85, 60, 77,
145, 44, 114,
93, -1, 36,
132, 40, 70,
83, 25, 67,
78, 29, 103,
71, 25, 23,
75, -24, -28,
134, 23, 74,
110, 37, 62,
53, -3, 58,
69, 31, 44,
96, 16, 21,
130, 34, 99,
125, 50, 24,
85, 11, 57,
89, -19, 25,
93, 2, 71,
120, 6, 39,
97, 56, 59,
99, 7, 64,
97, 27, 55,
86, 49, 88,
104, 49, 95,
57, 39, 62,
79, 47, 29,
116, -2, 30,
135, 53, 103,
88, 48, 21,
61, 37, 21,
89, 57, 58,
82, 2, 45,
93, 37, 63,
119, 11, 78,
105, 18, 109,
81, 43, 54,
126, 27, 69,
86, 60, 81,
115, 44, 40,
53, 18, 36,
128, 74, 40,
97, 22, 31,
39, -17, 68,
127, 15, 19,
90, -14, 63,
107, 41, 39,
105, 39, 26,
66, 37, 62,
95, -16, 82,
111, 47, 44,
85, -38, 138,
62, 13, 83,
86, 31, 26,
95, 29, 53,
98, 67, 71,
94, 20, 57,
104, 39, 107,
137, -7, 78,
79, 9, 85,
70, 31, 60,
96, 49, 38,
102, 54, 48,
68, 33, 86,
109, 28, 59,
126, 51, 113,
133, 4, 61,
88, 35, 48,
55, 59, 60,
83, 30, 87,
134, 38, 72,
30, -37, 56,
89, 0, 98,
90, -20, 49,
88, -18, 46,
61, 18, 39,
145, 79, 115,
39, 11, 81,
111, -1, 29,
136, 24, 93,
83, 36, 78,
139, 43, 27,
57, 28, 38,
103, 30, 35,
79, 15, 51,
147, 3, 48,
98, 53, 22,
88, 57, 65,
77, 8, 53,
112, -1, 76,
90, 6, 86,
92, 40, 74,
96, 32, 23,
106, 1, 71,
73, 1, 29,
105, 24, 58,
107, 41, 56,
95, 42, 30,
111, 24, 30,
68, 41, 85,
108, 4, 17,
79, 48, 109,
104, 52, 53,
99, 47, 43,
42, -4, 85,
113, 6, 71,
105, -19, 41,
85, 18, 68,
99, 33, 48,
144, 15, 28,
79, 62, 37,
33, 16, 54,
74, 10, 39,
107, 16, 75,
68, 26, 46,
131, 57, 70,
128, 18, 71,
66, 11, 59,
81, 51, 32,
121, -5, 95,
99, 20, 72,
70, -21, 37,
114, 19, 56,
87, 0, 33,
74, 25, 67,
109, 20, 34,
67, -1, 23,
115, 15, 23,
84, 83, 61,
133, 48, 85,
103, 20, 26,
101, 22, 2,
109, 25, 78,
109, 51, 123,
61, 18, 74,
125, 44, 62,
82, 2, 76,
123, 61, 107,
68, 1, -3,
79, -19, 44,
83, 32, 75,
114, 50, 72,
106, 30, 7,
71, 21, 50,
69, 32, 113,
82, 43, 69,
65, 37, 25,
89, 29, 79,
68, 50, 69,
95, 38, 46,
102, 9, 77,
97, 26, 37,
139, 68, 70,
70, 2, 55,
129, 64, 61,
96, 46, 40,
94, 24, 30,
88, 3, 76,
74, 70, 62,
67, 47, 68,
144, 33, 44,
107, 32, 81,
89, 36, 30,
96, 6, 66,
107, 45, 23,
105, 21, 91,
100, 49, 72,
93, 10, 127,
54, 23, 36,
56, 50, 47,
140, 25, 75,
90, 0, 32,
80, 35, 50,
122, 29, 74,
121, 34, 43,
81, -28, 72,
98, 41, 29,
92, 62, 116,
68, -13, 101,
105, 22, 79,
104, 40, 82,
45, 14, 24,
108, 7, 74,
121, 56, 94,
87, 25, 72,
121, 54, 80,
126, 1, 110,
97, 35, 24,
136, 65, 27,
114, 16, 44,
130, -19, 23,
39, 60, 68,
149, 72, 81,
88, 8, 94,
99, 15, 38,
108, 35, 34,
86, 33, 110,
57, -3, 25,
97, -8, 74,
130, 46, 89,
69, -7, 102,
145, 7, 51,
78, -51, 28,
138, -17, 92,
87, 26, 104,
125, 51, 15,
135, 0, 22,
62, 51, 43,
60, 7, 16,
103, 36, 74,
137, 38, -7,
105, 26, 27,
34, 3, 54,
103, 84, 62,
73, 26, 29,
88, 23, 88,
107, 43, 68,
83, 27, 16,
113, 56, 41,
90, -8, 7,
112, 36, 60,
58, 25, 86,
140, 53, 51,
118, 45, 101,
119, 46, 68,
88, 22, 34,
131, -40, 83,
114, 17, 38,
104, 22, 18,
114, 28, 58,
105, -28, 66,
92, -4, 17,
128, 6, 32,
136, 6, 95,
124, 41, 18,
123, 40, 54,
124, 38, 64,
57, 8, 12,
100, 30, 55,
109, 36, 28,
145, -3, 90,
146, 35, 56,
100, 50, 40,
123, 33, 98,
115, 2, 67,
99, 0, 72,
103, 15, 68,
77, 22, 28,
78, 25, 18,
106, 27, 59,
76, 84, 19,
132, -28, 111,
86, 21, 16,
78, 32, 78,
76, 11, 37,
96, -7, 63,
81, 45, 57,
114, -34, 54,
119, 80, 23,
58, 43, -1,
96, 45, 87,
142, 4, 107,
90, 33, 99,
116, 59, 72,
145, 28, 63,
120, 63, 55,
124, 26, 78,
134, 40, 41,
71, 35, 33,
84, 54, 70,
105, 70, 110,
90, -8, 44,
119, -16, 97,
76, 22, 70,
137, 77, 82,
51, -13, 31,
106, 26, 99,
85, 57, 50,
112, 22, 95,
86, 39, 68,
114, 48, 79,
99, 27, 60,
68, 12, 73,
114, 44, 41,
120, -21, 18,
103, 18, 46,
67, 55, 63,
130, 28, 85,
42, 16, 36,
124, 39, 57,
117, 21, 78,
49, -1, 68,
110, 47, 48,
129, 22, 49,
128, 46, 2,
130, 13, 47,
93, 49, 57,
72, -18, 57,
76, 5, 29,
123, 9, -4,
160, 57, 90,
94, 42, 58,
63, 66, 48,
130, 19, 101,
91, 20, 42,
114, 12, 62,
98, -8, 26,
134, 48, 74,
143, 34, 85,
100, 57, 37,
141, 60, 107,
114, 44, 97,
57, 48, 58,
88, 35, 46,
98, -45, -22,
116, 68, 93,
129, 15, 35,
114, 31, 72,
97, -10, 52,
93, 72, 57,
125, 76, 89,
105, -7, 51,
45, 27, 42,
49, 49, 71,
89, 3, 39,
103, 27, 55,
120, -19, 103,
127, 40, 42,
144, 43, 60,
130, 75, 83,
113, 9, 105,
98, 31, 119,
103, 32, 53,
120, 43, 74,
83, 23, 85,
111, -47, 65,
112, 46, 49,
87, 31, 70,
55, 22, 61,
96, 78, 71,
105, 41, 20,
64, 5, 34,
122, 40, 135,
89, 16, 31,
95, -10, 60,
82, 41, 63,
125, 27, 108,
131, 23, 73,
52, -27, 44,
100, 42, 86,
58, 19, 66,
89, 44, 27,
141, 27, 46,
96, 8, 51,
65, 10, 70,
107, 14, 113,
55, 73, 40,
102, 31, 17,
92, -15, 62,
134, 31, 34,
140, 12, 63,
70, -8, 18,
123, 44, 23,
120, 78, 34,
146, 33, 50,
101, 15, 67,
97, -3, 35,
124, 60, 123,
63, -3, 62,
103, 3, 122,
114, -17, 86,
80, -22, 32,
86, 71, 79,
147, 27, 71,
117, 24, 90,
78, 38, 39,
93, 32, 64,
139, 15, 59,
80, 2, 85,
116, 19, -17,
116, 7, 54,
80, 27, 84,
114, 47, 128,
107, 27, 91,
87, 73, 9,
94, 23, 8,
74, 11, 68,
132, 36, 82,
127, 65, 35,
88, 45, 62,
78, 34, 86,
119, 36, 10,
90, 49, 62,
93, 36, 32,
95, 49, 62,
104, 46, 74,
141, -5, 58,
90, -1, 90,
90, 18, 66,
109, 24, 70,
116, 44, 130,
128, 23, 83,
130, 0, 68,
109, 45, 48,
106, 34, 47,
106, 20, 118,
92, 25, 121,
99, 30, 60,
47, 16, 78,
83, 30, 36,
152, -7, 80,
91, 2, 49,
74, 9, 95,
65, 40, 109,
88, 61, 79,
99, 37, 99,
58, 29, 43,
116, 38, 63,
101, 35, 76,
85, 34, 60,
105, 40, 76,
124, 56, 101,
140, 58, 9,
86, 19, 85,
78, 15, 92,
80, -15, 56,
94, 60, 58,
98, 21, 45,
164, 39, 88,
56, -9, -30,
108, 14, 38,
115, 22, 53,
121, -18, 74,
60, 26, 9,
92, 26, 66,
103, 37, 50,
95, -16, 11,
78, 21, 108,
102, -1, 107,
96, -50, 46,
111, 31, 35,
146, -4, 21,
122, 40, 41,
119, 29, 67,
117, 58, 58,
122, 0, 45,
93, 40, 65,
81, 33, 42,
118, 43, 85,
73, 57, 25,
114, 34, 101,
90, 56, 65,
117, 35, 52,
85, 54, 47,
102, 7, 32,
90, 36, 104,
129, 34, 13,
58, -18, 149,
79, 27, 60,
64, 26, 68,
86, 13, 93,
58, 60, 56,
51, 14, -17,
57, 11, 39,
123, 39, 55,
92, -1, 63,
74, 48, 130,
102, 51, 34,
123, 47, 23,
96, 54, 70,
111, -1, 56,
122, 4, 81,
81, 22, 52,
98, 39, 64,
90, 20, 61,
77, 15, 28,
67, -16, 62,
93, 41, 50,
90, 34, 83,
113, 41, 62,
87, 21, 46,
86, 18, 95,
93, 7, 113,
116, 37, 66,
72, 12, 14,
98, 58, 53,
75, -29, 71,
105, 29, 55,
116, -3, 79,
158, 43, 91,
95, 38, 48,
98, 68, 5,
115, 26, 76,
105, 24, 73,
90, 36, 62,
164, 43, 92,
98, 15, 50,
52, 21, 31,
116, 30, 98,
72, -19, 70,
119, 28, 65,
99, -5, 78,
95, -11, 92,
86, -1, 40,
112, 63, 48,
91, -6, 63,
99, 58, 68,
176, 59, 88,
110, 0, 71,
144, 16, 46,
28, -36, 61,
92, 25, 80,
87, 17, 108,
87, 0, 24,
102, 61, 17,
106, 80, 53,
107, 34, 102,
77, 27, 94,
111, 3, 86,
74, -7, 19,
85, 0, 79,
132, 42, 75,
98, -25, 93,
102, 14, 55,
64, 17, 86,
122, 10, 49,
118, -20, 85,
87, 9, 54,
107, -1, 37,
94, 10, 50,
95, 34, 38,
111, 14, 66,
90, 10, 70,
67, 42, 107,
84, -16, 7,
43, 15, 5,
58, 22, -28,
131, 39, 99,
73, -16, 87,
85, 14, 47,
103, -7, 44,
65, 25, 22,
62, 19, 74,
65, 23, 47,
60, -10, 89,
99, 21, 89,
144, 16, 58,
100, 30, 32,
47, 69, 77,
83, 38, 75,
105, 50, 34,
104, 2, 44,
107, 18, 26,
80, 4, 49,
102, 52, 90,
114, 10, 46,
94, 22, 52,
129, 53, 74,
114, 42, 92,
139, 73, 84,
107, 15, 20,
85, 12, 29,
90, 40, 47,
106, 61, 55,
117, 37, 116,
99, -20, 51,
111, 15, 58,
111, 28, 63,
81, 56, 52,
65, -1, 31,
97, 13, 34,
100, 11, 49,
144, 17, 71,
115, 37, 103,
95, -9, 81,
119, 42, 64,
116, 8, 82,
101, 38, 7,
140, 43, 47,
93, -6, 25,
122, 26, 94,
36, 10, -2,
101, 8, 51,
100, 10, 83,
70, -20, 34,
84, 12, 35,
110, 1, 72,
98, 18, 80,
114, -17, 93,
114, 33, 45,
52, -1, 77,
154, 43, 97,
65, 8, 64,
143, 30, 71,
103, 58, 80,
93, 33, 39,
122, 72, 73,
63, -9, 54,
124, 7, 83,
40, 36, 86,
96, 11, 56,
119, 74, 64,
132, 4, 45,
113, -11, 36,
79, 1, 68,
87, 18, 24,
68, 7, 116,
82, 19, 58,
134, 4, 83,
153, 0, 96,
90, 33, 107,
150, 29, 102,
61, 7, 24,
62, 23, 82,
108, 17, 64,
90, 38, 81,
49, -13, 86,
81, 36, 59,
91, -25, 26,
127, 67, 113,
68, 0, -4,
70, 37, 36,
102, -29, 23,
71, 60, 52,
63, 18, 17,
73, 29, -6,
73, 18, 59,
85, 10, 11,
96, 29, 51,
69, 0, 87,
132, 13, 64,
58, 27, 74,
112, 26, 34,
89, -25, 25,
54, 4, 56,
78, 25, 75,
99, 11, 48,
126, 36, 107,
69, 65, 105,
72, 48, 43,
92, -9, 17,
91, 48, 64,
76, 38, 131,
85, 39, 89,
118, 22, 60,
86, 25, 71,
91, -7, 50,
111, -10, 78,
93, 20, 73,
121, -3, 84,
117, 47, 82,
119, 32, 23,
119, -12, 68,
64, 33, 18,
142, 26, 96,
85, 35, 64,
74, -16, 38,
85, 44, 39,
108, 29, 46,
49, -4, 1,
98, -29, 7,
120, 31, 52,
108, 9, 54,
92, 32, 20,
87, 8, 77,
101, -1, 33,
76, 44, 92,
120, 43, 57,
18, 4, 22,
104, 8, 43,
77, 42, 59,
116, 27, 84,
40, -11, 33,
90, 27, 13,
101, 3, 9,
61, 14, 61,
100, 13, 42,
114, 49, 68,
87, -5, 27,
125, 39, 144,
92, 11, 101,
104, 73, 18,
85, 14, 90,
139, 35, 33,
79, 47, 49,
88, 14, 100,
104, 13, 33,
99, 44, 49,
111, 6, 12,
91, 17, 72,
84, 22, 57,
136, -27, 66,
82, -25, 57,
121, 31, 30,
81, 16, 41,
91, 57, 51,
107, 32, 120,
103, 48, 70,
90, 5, 70,
34, 51, 12,
103, 11, 56,
80, 30, 45,
101, -37, 47,
75, 40, 95,
142, 40, 62,
91, 44, 27,
82, 52, 92,
135, 20, 112,
97, 40, 99,
98, 27, 28,
117, 22, 47,
103, 54, 96,
123, 33, 84,
161, 23, 41,
133, 68, 68,
101, 65, 83,
99, 67, 100,
91, 23, 78,
97, 69, 81,
91, -7, 46,
55, 53, 45,
68, 24, 90,
76, 34, 77,
128, 31, 101,
75, -31, 102,
103, 35, 50,
127, 35, 55,
124, -27, 19,
72, 7, 42,
81, 9, 34,
107, 12, 35,
83, 10, 50,
37, 5, 68,
88, 23, 39,
47, -2, 16,
122, 26, 96,
145, 6, 48,
62, 6, 93,
73, 30, 75,
95, 21, 94,
79, 36, 85,
52, 21, 61,
114, 8, 87,
90, 52, 24,
80, 15, 64,
114, 51, 77,
88, 26, 83,
104, -3, 10,
120, 54, 71,
96, 17, 91,
123, 22, 52,
75, 8, 123,
166, 41, 66,
157, 31, 98,
84, 25, 38,
96, 8, 67,
67, -7, 50,
100, 61, 55,
115, 44, 115,
64, 38, 63,
114, 46, 61,
123, 6, 94,
116, 35, 96,
94, 33, 71,
91, 2, 42,
119, 30, 60,
99, 16, 42,
123, 17, 40,
101, 79, 75,
131, 9, 46,
81, 43, 59,
113, 27, 42,
108, 30, 58,
127, 61, 75,
72, -1, 60,
81, 15, 108,
91, 25, 72,
90, -9, 73,
109, 15, 83,
113, 17, 60,
111, -57, 30,
109, 58, 124,
85, -23, 23,
82, 77, 86,
149, 41, 29,
71, 12, 44,
108, 42, 75,
65, 19, 31,
88, 17, 84,
119, 31, 68,
114, 28, 62,
107, -18, 127,
77, -6, 43,
79, 19, 65,
63, 16, 96,
116, -15, 8,
98, -1, 100,
91, -12, 37,
173, 68, 41,
104, -16, 74,
76, -1, 46,
124, 41, 43,
132, 21, 55,
108, -9, 64,
103, -17, 51,
167, 51, 69,
116, 34, 77,
119, 18, 83,
68, 43, 35,
74, 62, 82,
132, 58, 94,
112, 33, 56,
91, 61, 68,
95, -5, 47,
117, 12, 110,
111, -238, 101,
111, 33, 55,
81, 12, 39,
79, 21, 91,
79, 28, 53,
72, 76, 9,
76, 13, 95,
49, 21, 52,
98, 41, 25,
55, 28, 74,
89, 23, 61,
103, 0, 45,
147, 2, 60,
93, 11, 41,
54, 19, 44,
161, 37, 80,
113, 43, 56,
96, 4, 76,
93, 60, 25,
116, 84, 32,
138, 36, 128,
88, 18, 97,
96, 22, 75,
91, 20, 73,
73, 10, 77,
79, 21, 48,
80, -17, 62,
105, 44, 37,
75, 55, 61,
92, -7, 33,
84, 24, 90,
86, -13, 147,
42, -30, 65,
113, 12, 81,
114, 2, 36,
91, 3, 75,
103, -9, 72,
137, 5, 59,
65, 0, 64,
87, 0, 61,
123, 29, 46,
139, 13, 70,
58, 48, 75,
121, 58, 61,
80, 56, 54,
91, 34, 80,
91, 3, 90,
88, 66, 18,
90, 74, 61,
99, 71, 75,
88, 29, 95,
111, 18, 27,
31, -1, 23,
100, 13, 21,
92, 40, 99,
89, 38, 97,
86, 12, 50,
78, -16, 78,
152, -249, 39,
143, 58, 94,
102, 46, 95,
110, -38, 35,
62, 41, 72,
90, -18, 76,
120, 38, 17,
101, 75, 69,
109, 36, 66,
91, -10, 38,
90, 73, 22,
132, 41, 79,
88, 10, 54,
111, -14, 86,
54, -8, 59,
98, 36, 59,
125, 32, 27,
128, -14, 95,
56, 67, 82,
49, -1, 43,
70, 0, 37,
101, -26, 83,
96, 18, 95,
118, 4, 72,
97, 20, 77,
154, -7, 15,
98, 11, 76,
122, 4, 38,
46, -3, 58,
99, 61, 52,
112, 81, 28,
128, 3, 115,
87, 20, 89,
154, 84, 40,
74, 24, 67,
100, 49, -15,
104, 41, 70,
114, 50, 89,
100, 54, 92,
129, 17, 70,
140, 73, 85,
108, 24, 92,
65, 42, 74,
99, -24, 65,
78, 23, 101,
118, 32, 71,
145, 43, 78,
79, -33, 68,
127, -2, 47,
104, 57, 62,
86, 3, 36,
92, 39, 39,
97, 29, 44,
116, 65, 69,
116, 14, 30,
101, 24, 38,
86, -6, 45,
85, 11, 41,
110, 55, 99,
104, 59, 52,
115, 40, 47,
101, 18, 86,
90, 34, 23,
62, 37, 65,
118, 33, 18,
104, 38, 57,
78, -1, 73,
111, -6, 64,
109, 40, 48,
123, -25, 46,
109, -13, 80,
108, 58, 66,
87, -19, 62,
107, 12, 62,
73, 55, 31,
87, 43, 54,
76, 18, 31,
93, 50, 51,
143, 20, 75,
137, 15, 31,
113, 27, 63,
60, -12, 81,
150, 66, 69,
130, 18, 43,
92, 53, 88,
55, 32, 31,
112, 42, -1,
101, 38, 106,
41, -5, 28,
48, 27, 42,
94, 36, 77,
118, 23, 31,
93, 66, 59,
137, 59, 86,
101, 31, 60,
70, 22, 59,
68, 28, 34,
83, 36, 57,
94, 10, 67,
68, 8, 86,
74, 1, -6,
107, 105, 36,
102, 56, 101,
127, 44, 51,
119, 72, 60,
59, 5, 9,
121, 97, 103,
60, 38, 69,
95, 24, 239,
115, 30, 52,
86, 8, 72,
130, 55, 114,
113, 8, 45,
71, -15, 74,
147, 9, 26,
76, 23, 90,
86, -16, 13,
82, 33, 68,
87, 31, 73,
124, 45, 48,
87, 22, 37,
132, 32, 53,
134, 77, 72,
34, 32, 58,
77, 48, 61,
109, 36, 86,
51, -10, 51,
90, 54, -17,
153, 74, 71,
75, 15, 108,
100, -3, 55,
70, -14, 58,
140, 50, 85,
57, 10, 74,
124, 20, 36,
79, 9, 37,
87, 29, 77,
70, 39, 30,
89, 63, 126,
107, 81, 47,
96, 26, 19,
90, 56, 58,
99, 35, -8,
83, 66, 50,
84, 28, 53,
80, 78, 73,
90, 22, -7,
168, 29, 63,
87, 14, 59,
60, 46, 65,
87, 20, 68,
94, -11, 33,
98, 39, 51,
76, 18, 34,
98, 4, 86,
68, 7, 71,
100, 63, 64,
34, 53, 21,
70, 29, 50,
91, 5, 38,
66, 65, 112,
91, 33, 70,
84, -4, 53,
152, 40, 41,
87, 31, 41,
98, 28, 36,
125, 38, 137,
63, -12, 68,
79, 35, 76,
76, 14, 77,
64, 8, 75,
146, 46, 59,
83, 19, 63,
97, 30, 64,
101, 27, 102,
112, 9, 55,
115, 51, 59,
99, 40, -25,
107, -10, 66,
109, 38, 87,
75, 19, 18,
104, 48, 98,
117, 9, 71,
58, -26, 29,
88, 44, 61,
136, 38, 58,
122, 28, 82,
131, 34, 138,
113, 28, 91,
92, 35, 70,
114, -8, 69,
96, 57, 59,
100, 64, 24,
104, 25, 22,
94, 38, 71,
109, 4, 51,
84, 16, 62,
120, 17, 89,
126, 59, 4,
118, 48, 135,
116, 12, 76,
97, 34, 57,
98, 19, 73,
94, 58, 79,
50, -5, 94,
91, 24, 104,
84, 8, 61,
123, 12, 114,
155, 57, 57,
128, 42, 27,
64, 21, 85,
110, 65, 65,
105, 8, 75,
82, 50, 51,
104, 20, 75,
110, 45, 20,
94, -25, 59,
126, 21, 32,
98, 80, 54,
98, -10, 82,
76, -1, 38,
88, 10, 84,
152, 37, 68,
125, 33, 79,
78, 36, 35,
101, 45, 55,
84, -15, 87,
103, 19, 99,
102, 38, 85,
121, 15, 79,
72, 10, 91,
54, -3, 59,
110, 0, 52,
116, 18, 52,
101, 15, 46,
48, 23, 48,
105, 19, 31,
95, 81, 72,
56, 5, -9,
85, 85, 21,
105, 63, 76,
70, 9, 93,
78, 7, 58,
99, 52, 48,
117, 21, 24,
98, 29, 56,
138, 66, 85,
116, -18, 6,
46, 27, 67,
83, 37, 107,
118, -2, 43,
94, 8, 91,
114, 35, 49,
113, -24, 51,
89, 35, 31,
72, 43, 117,
141, 55, 68,
102, 41, 111,
105, -42, 42,
133, 40, 96,
83, 24, 15,
111, 6, 63,
151, 7, 72,
104, 33, 66,
78, 35, 63,
85, 61, 57,
114, -8, 66,
127, 44, -3,
72, 69, 78,
130, 15, 96,
93, 13, 87,
123, 3, 33,
105, 83, 88,
46, 4, 73,
145, 36, 68,
52, 14, 89,
85, 67, 97,
57, 20, 31,
158, 20, 65,
127, 62, 106,
110, 15, 109,
73, -19, 103,
156, 25, 33,
121, 47, 69,
113, -27, 43,
108, 38, 35,
73, 55, 57,
64, 44, 85,
125, 47, 66,
88, 43, 52,
102, 8, 76,
159, 102, 60,
67, 4, 51,
133, 28, 88,
84, 19, 56,
95, 73, 55,
87, 37, 119,
112, 36, 58,
80, 2, 34,
90, 12, -8,
73, 18, -6,
97, 42, 30,
81, 50, 67,
101, 54, 109,
91, 85, -2,
114, 48, 95,
110, -1, 32,
137, 9, 2,
122, 1, 19,
99, -1, 41,
87, 17, 87,
95, 9, 31,
122, 33, 70,
98, 26, 44,
63, -5, 81,
107, 9, 55,
71, 59, 58,
67, 56, 68,
78, 38, 66,
117, 56, 84,
76, 34, 57,
114, 68, 43,
70, 19, 56,
105, 40, 52,
97, 6, 11,
91, 36, 20,
77, 28, 47,
92, 31, 74,
77, 15, 74,
55, -18, 20,
87, 47, 75,
58, -11, 97,
117, 19, 44,
97, 75, 72,
141, 43, 39,
113, -7, 77,
124, -16, 85,
124, -29, 75,
126, 9, -17,
142, 22, 46,
104, -35, 47,
122, -7, 19,
101, 75, 88,
100, 47, 72,
97, 10, 100,
60, 54, 42,
51, 41, 64,
88, -41, 68,
86, 23, 54,
45, -3, 19,
101, 24, 46,
121, 27, 37,
105, 9, 20,
143, 83, 114,
82, -13, 30,
149, 45, 153,
79, -13, 59,
75, 37, 72,
64, 3, 96,
114, 59, 55,
91, 59, 85,
78, -4, 35,
83, 38, 30,
50, 13, 71,
100, -27, 58,
94, -2, 39,
91, 28, 64,
133, 76, 68,
112, 10, 55,
107, -25, 128,
117, 23, 45,
103, 27, 57,
155, 49, 52,
105, 49, 98,
82, 24, 31,
106, -7, 42,
98, -18, 76,
107, 29, 52,
93, 23, 40,
86, 5, 57,
133, 60, 56,
81, 3, 37,
144, 46, 64,
41, 4, 15,
93, 53, 101,
96, 43, 66,
139, 6, 95,
111, 3, 11,
130, 30, 81,
121, 20, 80,
116, 64, 37,
80, -5, 27,
113, -3, 97,
152, 66, 63,
84, 53, 110,
70, 34, 38,
94, 73, 46,
111, 29, 93,
110, 26, 31,
48, 61, 42,
91, 37, 42,
85, 67, 107,
55, 40, 65,
52, -28, 41,
95, 53, 95,
77, 15, 42,
62, 38, 48,
135, 44, 27,
160, 85, 82,
69, 20, 78,
94, 253, 60,
98, 62, 53,
92, 25, 46,
131, 13, 71,
104, 15, 60,
120, 69, 104,
79, 44, 69,
67, 12, 92,
117, 8, 70,
120, 3, 73,
105, -2, 46,
75, 4, 47,
98, 3, 56,
116, 40, 17,
87, 4, 33,
63, 36, 43,
60, 35, -18,
49, 41, 95,
109, 16, 7,
96, 7, 97,
65, -1, 25,
114, 7, 33,
76, -3, 48,
82, 22, 28,
71, 32, 67,
91, 83, 110,
90, 54, 74,
95, 49, 89,
99, 43, 55,
69, 21, 38,
111, 30, 127,
107, 69, 34,
77, 45, 93,
82, 93, 80,
156, 15, 44,
113, 54, 58,
90, -13, -14,
84, 1, 19,
108, 61, 44,
89, 39, 33,
63, 16, 68,
100, 23, 86,
107, 38, 59,
59, 39, 92,
87, 18, 84,
96, -13, 39,
89, 40, 44,
80, 10, 112,
108, 48, 109,
82, 9, 25,
104, 11, 36,
109, -1, 26,
97, 29, 70,
122, 23, 16,
132, 55, 71,
88, 47, 24,
107, -34, 95,
114, 8, 33,
101, 76, 32,
111, 56, 37,
116, -9, 103,
76, 33, 97,
79, 24, 83,
115, 37, 21,
73, -7, 49,
103, 25, 103,
124, 5, 53,
125, 45, 81,
122, 22, 33,
76, 21, 30,
109, 48, 35,
77, 9, 54,
120, 33, 55,
103, -36, 18,
127, 71, 38,
124, 30, 65,
99, -16, 109,
127, 26, 22,
134, 106, 52,
60, -5, 30,
86, -4, 74,
119, 20, 37,
83, -19, 17,
74, 60, 47,
103, 11, 36,
88, 22, 127,
75, -9, 53,
115, -2, 59,
115, 22, 51,
99, 22, 47,
129, 29, 0,
74, 36, 79,
72, -3, 67,
120, 19, 27,
80, -12, 30,
76, 9, 68,
73, -29, 39,
78, 60, 81,
81, 26, 75,
101, 20, 48,
70, -16, -13,
91, 76, 104,
131, 49, 67,
89, 34, 48,
117, 55, 80,
110, 28, 38,
78, 67, 28,
68, 59, 46,
129, -16, 26,
132, 40, 50,
99, 36, 84,
80, 55, 63,
79, 12, 66,
105, 36, 31,
70, 35, 90,
133, 61, 77,
95, 23, 16,
27, 51, 65,
104, 54, 36,
114, 32, 65,
18, -17, 50,
121, 38, 103,
65, 47, 25,
83, 50, 85,
84, 25, -18,
122, 61, 114,
115, 86, 64,
53, -18, 39,
73, 19, 67,
68, -12, 75,
126, 93, 61,
97, 33, 28,
110, 50, 78,
130, 81, 94,
115, 42, 57,
95, 12, 63,
100, 18, 84,
99, 14, 105,
106, 17, 74,
104, 50, 12,
101, 41, 40,
134, 70, 100,
84, 2, 34,
159, 5, 40,
120, 31, 50,
151, 48, 55,
69, 29, 1,
95, 58, 62,
69, 86, 55,
93, 91, 127,
88, -9, 69,
128, 51, 67,
99, 15, -13,
109, 20, 88,
82, 51, 55,
125, 3, 65,
90, 33, 20,
130, 47, 103,
123, 17, 75,
104, 48, 78,
77, 6, 53,
86, 32, 43,
112, 18, 71,
106, 62, 45,
113, 40, 28,
76, 55, 49,
109, 22, 86,
101, 7, 68,
92, 29, 25,
116, 5, 95,
107, 74, 102,
79, 22, 8,
72, 61, 99,
99, 6, 51,
70, 50, 58,
183, 4, 53,
30, 76, 57,
76, 26, 59,
105, 57, 35,
81, -6, 46,
90, 37, 80,
144, 98, 43,
49, 25, 78,
158, -40, 64,
99, 20, 110,
46, 44, 24,
91, 50, 50,
82, 21, 75,
89, 53, 94,
68, 35, 52,
108, 7, 85,
110, 15, 90,
71, 24, 27,
158, 40, 72,
77, -3, 85,
118, 11, 64,
83, 16, 48,
122, 26, 32,
129, 25, 52,
109, 3, 116,
111, 25, 16,
107, 45, 97,
95, 42, 42,
120, 30, 72,
102, -12, 36,
86, 50, 84,
59, 9, 64,
107, 43, 45,
79, 57, 39,
121, 62, 38,
129, 59, 43,
109, -21, 66,
102, 39, 42,
112, 21, 64,
102, -10, 78,
126, 35, 62,
51, 67, 73,
122, 10, 65,
115, 7, 119,
110, 34, 68,
44, 8, 34,
91, 45, 77,
93, 34, 66,
122, 8, 37,
107, 60, 65,
87, 51, 96,
91, 34, 102,
66, 33, 66,
142, 70, 48,
72, 12, 56,
71, -46, 120,
62, -1, 83,
55, 252, 80,
81, 11, 49,
70, 58, 10,
97, 31, 27,
65, -48, 35,
108, 43, 45,
107, 45, 76,
88, 20, 32,
120, 15, 56,
82, 28, 78,
109, 65, 97,
88, -1, 12,
64, 24, 20,
61, -6, 41,
89, -41, 31,
69, 2, 68,
35, 24, 62,
52, 15, 104,
113, 17, 33,
85, -1, 51,
139, 60, 69,
84, 24, 68,
98, -51, 8,
118, 55, 53,
44, 7, 38,
114, 80, 38,
113, 49, 100,
76, 35, 100,
171, 62, 17,
114, 48, 39,
73, -9, 17,
108, -19, 93,
96, 25, 91,
80, 48, 34,
39, 15, 63,
75, -28, 85,
96, 39, 70,
131, 63, 63,
101, -32, 79,
145, 65, 97,
40, 39, 72,
103, 39, 25,
104, 0, 73,
130, -9, 40,
88, 35, 28,
122, 27, 68,
98, 0, 58,
95, 28, 114,
74, 33, 33,
98, 49, 33,
87, -25, 59,
61, 47, 92,
57, 56, 13,
92, 58, 94,
95, -1, 90,
78, 38, 71,
101, 63, 62,
91, 43, 52,
100, 11, 77,
84, 35, 19,
67, 33, 67,
77, -5, -41,
72, 28, 97,
115, -2, 60,
85, 44, 68,
101, 54, 87,
107, 42, 85,
77, 2, 103,
99, -14, 80,
114, 56, 86,
129, 21, 64,
135, 45, 33,
70, 32, 42,
97, -8, 32,
65, 27, 37,
88, 30, 47,
66, 59, 15,
128, 39, -11,
127, 40, 69,
114, 52, 60,
109, 34, 79,
79, 18, -13,
118, 56, 72,
95, 46, 50,
87, 10, 120,
105, -11, 34,
113, 41, 60,
90, 25, 81,
102, 32, 61,
109, 42, 66,
148, 22, 104,
78, 34, 19,
87, 15, 94,
91, 3, 83,
125, 6, 73,
72, 1, 52,
146, 40, 66,
102, 9, 49,
150, 27, 19,
80, 54, 72,
111, 24, 67,
110, 36, 70,
92, -2, 61,
121, 27, 33,
75, 26, 114,
50, 17, 24,
119, 58, 70,
52, -9, 53,
135, 62, 71,
93, 41, 116,
102, 13, 55,
123, 8, 55,
105, 58, 66,
112, -2, 52,
185, 19, 89,
115, 33, 22,
94, 10, 72,
73, 14, 58,
120, 19, 76,
43, -12, 33,
89, -4, 58,
104, 37, 35,
58, 1, 44,
105, 22, 84,
50, -11, 59,
126, 75, 31,
82, -32, 8,
92, 27, 79,
71, 23, 12,
100, 7, 38,
129, 24, 36,
110, -14, 38,
102, 67, 66,
102, 34, 44,
107, -13, 84,
79, 35, -8,
122, -28, 55,
132, 35, 47,
122, 54, 74,
80, 43, 81,
78, -6, 62,
80, 9, 41,
105, 30, 94,
102, -11, 71,
97, -28, 136,
83, -30, 67,
79, 88, 39,
84, 64, 93,
107, 11, 54,
69, 57, 68,
106, 85, 91,
83, 25, 80,
84, -17, 86,
80, -31, 27,
151, 35, 89,
67, 31, 7,
107, 32, 38,
71, 73, 87,
57, 21, 36,
37, -18, 98,
99, 56, 25,
96, 17, 44,
80, -9, 42,
98, 20, -25,
117, -18, 51,
143, 24, 49,
101, 32, 17,
89, 48, 15,
98, 19, -14,
143, 49, 61,
152, -1, 53,
124, 7, 51,
112, -22, 51,
66, 34, 50,
90, 43, 77,
87, -7, 74,
126, -4, 71,
78, -12, 41,
141, 89, 74,
103, 33, 46,
79, 2, 42,
101, 30, 53,
86, -11, 94,
90, -2, 21,
77, 3, 20,
81, 2, 6,
67, 2, 79,
101, 43, 42,
83, -15, 56,
177, 37, 53,
97, 32, 95,
55, 22, 44,
91, 40, 75,
136, 39, 57,
72, 11, 54,
105, 35, 47,
102, 26, 66,
150, 9, -255,
104, 64, 96,
71, 5, 78,
73, -48, 34,
88, 60, 99,
81, -25, 46,
83, 30, 56,
127, 36, 92,
130, 53, 77,
113, 2, 13,
109, 34, 37,
82, 30, 56,
115, -4, 95,
77, 41, 144,
125, 45, 37,
116, 36, 116,
120, 0, 31,
135, 59, 39,
122, 30, 20,
80, -15, 54,
79, 39, 85,
86, 54, 83,
153, 39, 94,
149, -6, 40,
105, 8, 84,
134, 33, 2,
118, 46, 32,
113, 6, 58,
63, 44, 101,
113, 40, 89,
84, 43, 64,
154, 23, 49,
102, -6, 90,
80, 72, 81,
84, 6, 61,
78, 16, 51,
47, 59, 49,
80, 21, 7,
106, 41, 60,
106, -43, 47,
144, 87, 116,
71, 48, 72,
57, 2, 68,
123, 74, 5,
71, 10, 40,
54, 46, 69,
96, 60, 96,
133, 20, 77,
101, 1, 65,
106, 45, 65,
90, 38, 51,
60, -14, 29,
117, 51, 80,
53, 6, 77,
77, 25, 96,
115, -1, 68,
84, 0, 67,
133, 32, 12,
77, 32, 95,
55, 47, 44,
106, 37, 52,
91, -24, 61,
102, 13, 29,
103, 16, 52,
132, 19, 33,
137, 44, 41,
97, 66, 26,
92, -8, 83,
83, 13, 26,
57, 37, 77,
110, 50, 65,
148, 63, 82,
84, -6, 83,
73, 0, 45,
107, 21, 66,
66, 4, 49,
105, 50, 74,
87, 79, 87,
99, -14, 74,
86, 18, 63,
80, 24, 29,
144, 72, 112,
69, 60, 68,
80, 47, 49,
83, 69, 58,
152, 93, 50,
99, -4, 30,
88, 17, 48,
86, 32, 83,
150, 66, 58,
114, 15, 65,
53, -19, 89,
131, 21, 101,
71, 19, 48,
125, 29, 89,
67, -29, 35,
101, 50, 141,
59, -247, 54,
121, 10, 68,
86, 46, 99,
90, 15, 73,
103, 29, 93,
68, 50, 30,
63, 47, 58,
107, 26, 113,
157, 54, 48,
96, -11, 92,
141, 3, 111,
79, 24, 45,
107, 49, 84,
64, 38, 79,
102, 8, 31,
110, 53, 92,
105, 11, 55,
82, 3, 57,
129, 54, 93,
104, -1, 1,
98, 49, 9,
75, 31, 79,
58, -11, 58,
90, 36, 30,
94, 63, 54,
76, 43, 64,
82, 73, 87,
64, 43, 60,
97, 30, 87,
55, 7, 4,
50, 25, 26,
90, 42, 18,
111, 30, 82,
145, 36, 56,
107, 14, 53,
80, 36, 43,
78, 21, 53,
136, 65, 39,
33, -39, 50,
68, 11, 30,
105, 32, 22,
87, 60, 87,
79, -14, 61,
39, 33, 77,
79, 15, 52,
112, 35, 61,
86, 42, 91,
125, 36, 81,
141, 8, 56,
43, -4, -7,
97, 38, 73,
97, 34, 55,
99, 42, 63,
103, -35, 47,
136, 34, 49,
78, 8, 58,
98, 10, 25,
110, 15, 57,
93, 19, 98,
131, 14, 97,
128, 12, 85,
83, 28, 50,
101, 20, 91,
69, 20, 57,
137, 56, 33,
63, 14, -13,
94, 43, 49,
94, 46, 67,
83, -24, 55,
41, -32, 5,
101, 0, 42,
76, 31, 99,
85, 40, 38,
125, -1, 93,
103, 11, 30,
135, 6, 60,
146, 44, 96,
105, -9, 78,
70, 20, 41,
77, 52, 55,
146, 54, 44,
72, 56, 96,
28, 27, 65,
86, 33, 93,
100, -8, 54,
138, 32, 100,
74, 18, 96,
112, 8, 64,
127, 34, 62,
64, -27, 50,
76, 55, 44,
115, 30, 66,
60, 35, 25,
74, 23, 106,
114, -8, 35,
70, 34, 87,
110, 56, 68,
95, 71, 48,
78, 8, 25,
77, 51, 76,
118, -34, 30,
110, 5, 50,
73, 15, 80,
103, 21, 56,
119, 27, 45,
62, 34, 17,
100, 30, 40,
113, 7, 13,
93, 77, 33,
79, 20, 91,
109, 40, 58,
64, 30, 17,
98, 9, 49,
56, 11, 61,
101, 46, 53,
132, 62, 41,
59, 19, 42,
111, 34, 70,
59, -22, 47,
141, 53, 79,
165, 46, 73,
102, 30, 42,
129, 30, 65,
78, 19, 16,
96, 39, 75,
70, -8, 66,
61, 2, 50,
98, 31, 79,
78, 22, 65,
68, 21, 32,
91, 52, 98,
126, 66, 54,
96, -2, 40,
104, 57, 109,
42, 59, 61,
112, 32, 99,
106, 37, 61,
100, 45, 11,
124, 20, 66,
116, 27, 38,
19, 38, 80,
105, 46, 28,
144, 33, 56,
60, 67, 35,
100, 35, 54,
108, 56, 73,
53, 31, 59,
96, 14, 98,
93, 34, 39,
79, 21, 101,
128, 25, 39,
125, 33, 76,
148, 46, 67,
74, 24, 107,
89, 2, 60,
111, 11, 52,
106, 15, 21,
113, 62, 82,
83, 59, 35,
80, 13, 56,
124, 80, 63,
96, 36, 16,
117, -22, 24,
89, -8, 55,
104, 28, 65,
34, 59, 50,
70, 22, 53,
76, 42, 63,
112, 14, 66,
39, 55, 91,
131, 30, 64,
64, 60, 51,
132, 48, 6,
53, 43, 46,
162, -248, 97,
156, 13, 86,
83, -3, 52,
57, -28, 56,
103, 22, 35,
66, 49, 109,
105, 52, 72,
127, 72, 117,
86, 4, 52,
116, 64, 93,
43, 3, 91,
102, 38, 58,
84, 36, 41,
113, 49, 75,
102, 14, 52,
115, 56, 52,
100, 54, 56,
136, 69, 85,
96, 28, 99,
87, -8, 82,
101, 40, 73,
93, -4, 64,
76, -20, 74,
96, 12, 69,
135, 58, 55,
121, -38, 46,
88, 23, 76,
97, -8, 112,
52, -31, 66,
132, 72, 78,
86, 56, 53,
97, 19, 79,
102, 29, 26,
121, 23, 93,
93, 27, 42,
89, 30, 37,
155, 15, 59,
22, 39, 55,
76, 42, 38,
71, 40, 34,
80, 46, 58,
70, 40, 41,
99, 13, 67,
80, 93, 23,
34, -2, 75,
135, 48, 87,
110, 13, 48,
91, 85, 54,
102, -19, 55,
118, 44, 49,
90, 6, 129,
91, 30, 51,
119, 1, 31,
91, -15, 59,
97, 26, 32,
61, 42, 59,
77, 35, 64,
117, 24, 19,
109, 21, 89,
96, 32, 95,
92, 27, 65,
109, 4, 51,
108, 16, 27,
87, 29, 42,
108, 20, 33,
104, 24, 39,
158, -10, 115,
122, 18, 38,
69, -41, 79,
87, 53, 70,
63, 54, 61,
105, 20, 109,
93, 55, 74,
85, 38, 50,
86, 49, 129,
69, 56, 33,
85, 27, 74,
107, 37, 104,
93, 60, 56,
109, 45, 75,
134, 8, 24,
76, 5, 40,
120, 61, 65,
86, 45, 29,
91, -20, 66,
99, -3, 57,
65, -45, 20,
75, 41, 80,
105, 12, 77,
106, -9, 46,
107, 3, 39,
116, 18, 47,
61, 5, 68,
93, 9, 84,
112, 83, 54,
81, 36, 29,
73, 42, 55,
97, 38, -2,
57, 61, 36,
78, 9, -1,
135, 28, 65,
118, 56, 72,
117, 54, 119,
88, -13, 22,
84, 17, 85,
52, 34, 18,
132, 50, 73,
120, 50, 35,
97, 11, 54,
107, 88, 93,
84, 17, 65,
72, 31, 57,
117, 8, 57,
67, -8, -6,
77, 16, 81,
93, 7, 60,
65, 39, 49,
43, 11, 50,
113, 26, 35,
123, 35, 77,
133, 45, 66,
49, -39, 25,
97, 57, 96,
89, 22, 72,
70, -18, 90,
63, 38, 79,
128, 53, 42,
136, -3, 68,
118, 33, 21,
127, 33, 68,
123, 2, 94,
101, 58, 86,
65, 37, 71,
106, 48, 74,
113, 35, 54,
85, -14, 60,
65, -2, 20,
58, 45, 81,
68, -33, 30,
102, 51, 104,
89, 1, 87,
57, 1, 77,
95, 57, -27,
117, -14, 14,
71, 70, 129,
95, -8, 55,
125, 31, 38,
118, 15, 40,
56, 17, 44,
94, 12, 91,
104, 17, 63,
117, 43, 83,
77, -9, 74,
102, 22, 40,
63, 55, 34,
103, 47, 45,
120, 53, 64,
127, 9, 33,
59, 53, 92,
91, 65, 111,
98, 38, 79,
79, 31, 17,
100, 23, 22,
136, 38, 35,
97, 58, 72,
96, -10, 67,
98, 72, 121,
145, 28, 101,
144, 104, 107,
75, 47, 60,
51, -36, 73,
103, 33, 104,
88, 34, 61,
79, 30, 69,
132, 64, 73,
115, -7, 17,
86, 24, 46,
48, 48, 88,
119, 33, 66,
80, 13, 40,
117, 69, 48,
145, 73, 65,
125, -7, 81,
82, 25, 63,
129, 22, 80,
98, 23, 24,
120, 7, 73,
112, 27, 88,
111, -21, 80,
90, 25, -2,
136, 37, 42,
50, 11, 86,
104, 35, 27,
92, 39, 42,
112, 73, -15,
114, 52, 85,
145, 7, 59,
100, 1, 65,
98, 85, 67,
83, 36, 19,
112, 41, 52,
59, 39, 24,
68, 19, 45,
100, 55, 28,
147, -32, 37,
110, 249, 34,
38, -26, 18,
87, 1, 33,
106, 109, 85,
135, 25, 68,
96, 60, 90,
82, 6, 83,
91, 38, 54,
131, -6, 67,
69, 61, 45,
83, 61, 119,
127, 33, -1,
84, -8, 59,
84, 19, 61,
108, 26, 92,
107, 18, 46,
113, 84, 76,
100, 8, 85,
151, 38, 80,
110, 50, 61,
104, 9, 37,
116, 10, 85,
98, 110, 87,
114, 33, 10,
129, 51, 82,
75, -17, 20,
94, -18, 44,
120, 28, 64,
81, 47, 49,
47, -6, 38,
123, 27, 38,
111, 13, 56,
82, 20, 64,
119, 44, 32,
75, 45, 49,
97, 31, 48,
143, 45, 56,
83, 47, 52,
147, 32, 78,
66, 19, 88,
83, 37, 66,
125, 43, 28,
168, 46, 65,
140, 27, 64,
86, 53, 49,
74, 27, 78,
113, -7, 39,
140, 10, 19,
99, 65, 63,
138, 63, 67,
118, 34, 49,
128, 37, 68,
115, 43, 84,
157, 43, 75,
116, 18, 82,
148, -7, -4,
95, 37, 41,
101, 22, 73,
116, 42, 32,
86, 14, 37,
111, 22, 27,
99, 28, 68,
123, -20, 52,
93, 73, 13,
44, 8, 28,
90, 19, 95,
138, 43, 108,
74, 25, 71,
91, 3, 54,
72, 43, 54,
109, 70, 80,
69, -12, 13,
136, 21, 32,
44, -15, 58,
115, 43, 39,
126, 21, 55,
104, 7, 112,
101, 35, 48,
113, 29, 118,
45, -14, 39,
78, -1, 38,
147, 37, 38,
102, 15, 54,
91, 7, 87,
105, -1, 8,
121, 27, 62,
58, 36, 92,
101, 10, 41,
45, 19, 73,
110, 8, 109,
132, -12, 51,
80, -8, 104,
109, 9, 56,
61, 37, 68,
100, 8, 39,
97, 35, 1,
32, 5, 49,
53, -33, 34,
122, 50, 27,
87, 22, 84,
99, 32, 86,
78, 27, 41,
91, 2, 69,
85, 34, 38,
71, 13, 62,
118, 36, 77,
98, 23, 94,
84, 29, 15,
91, 21, 11,
120, 26, 64,
80, 40, 13,
102, 18, 26,
136, 40, 91,
120, 35, 51,
143, 61, 17,
113, -4, 50,
40, 20, 73,
133, -15, 86,
56, 12, 63,
95, 26, 70,
85, 59, 84,
115, 17, 65,
95, 54, 64,
61, 2, 80,
113, 25, 36,
130, 41, 87,
99, 41, 63,
124, 39, 88,
107, 17, 48,
141, 24, 41,
115, 69, 53,
117, -9, 72,
136, 24, 116,
84, 9, 103,
63, 8, 106,
55, 10, 53,
99, 13, 73,
63, 0, 19,
96, 69, 41,
87, 6, 47,
132, 34, 69,
135, 8, 50,
116, 36, 75,
91, 23, 42,
85, 31, 10,
101, 18, 49,
79, 50, 85,
130, 56, 39,
86, 45, 57,
103, -14, 46,
115, 28, 91,
60, 19, -7,
94, -2, 53,
88, 5, 97,
138, -18, 41,
110, 33, 34,
122, 5, 14,
156, -8, 59,
107, 20, 8,
82, 48, 69,
106, 23, 47,
122, 36, 39,
109, 34, 73,
47, 0, 63,
86, 20, 14,
77, 15, 91,
100, 14, 81,
119, 35, 48,
64, 63, 56,
45, -1, 53,
126, 46, 95,
147, 30, 68,
81, 44, 40,
60, 31, 34,
84, 14, 96,
88, 39, 74,
99, 65, 76,
68, 52, 68,
128, 51, 63,
99, 22, 53,
120, 16, 50,
104, 41, 32,
56, 79, 124,
60, 52, 44,
120, 53, 98,
103, -1, 32,
118, 45, 115,
80, 17, 49,
98, 11, 67,
72, -38, 74,
59, 21, 52,
42, 12, 47,
91, 48, 90,
119, 1, 34,
114, 9, 50,
72, 23, 63,
102, 34, 128,
87, -15, 13,
107, 7, 87,
74, -13, 51,
80, -16, 12,
118, -17, 79,
98, 38, 62,
51, 52, 67,
105, 48, 43,
100, 12, 70,
68, 33, 52,
94, -4, 24,
137, 2, 87,
74, 33, 100,
148, 49, 40,
124, 39, 32,
86, 55, 98,
104, 35, 67,
107, 42, 101,
124, 17, 122,
112, 23, 86,
